Vernier Format 2
run17.txt 10/10/2025 15:13:17
Run 1
Time	Position	Position	Velocity	Acceleration	Velocity	Acceleration	
T	P	P	V	A	V	A	
s	m	m	m/s	m/s^2	m/s	m/s^2	

0.00	0.258	0.289	0.001	-0.004	-0.580	4.509	
0.05	0.258	0.254	0.001	-0.010	-0.386	5.212	
0.10	0.258	0.236	-0.000	-0.014	-0.090	5.715	
0.15	0.258	0.241	-0.002	-0.002	0.262	4.741	
0.20	0.257	0.269	-0.000	0.010	0.490	1.593	
0.25	0.258	0.301	0.000	0.001	0.458	-2.329	
0.30	0.258	0.325	-0.001	-0.003	0.202	-5.024	
0.35	0.257	0.326	-0.000	-0.001	-0.160	-5.112	
0.40	0.258	0.304	-0.000	-0.003	-0.425	-2.580	
0.45	0.257	0.274	-0.001	0.003	-0.471	1.177	
0.50	0.257	0.247	-0.000	0.010	-0.281	4.332	
0.55	0.257	0.239	0.000	0.012	0.058	5.304	
0.60	0.257	0.254	0.001	0.008	0.372	3.534	
0.65	0.258	0.286	0.001	-0.004	0.485	0.076	
0.70	0.258	0.312	0.001	-0.016	0.377	-3.330	
0.75	0.258	0.332	-0.001	-0.016	0.076	-5.002	
0.80	0.257	0.320	-0.001	-0.003	-0.248	-3.960	
0.85	0.258	0.299	-0.001	0.003	-0.399	-1.095	
0.90	0.257	0.272	-0.001	0.007	-0.355	1.903	
0.95	0.257	0.258	0.000	0.010	-0.168	3.922	
1.00	0.257	0.251	0.001	0.000	0.107	4.202	
1.05	0.258	0.269	0.000	-0.008	0.352	2.312	
1.10	0.257	0.296	-0.001	-0.003	0.394	-0.755	
1.15	0.257	0.318	-0.000	0.004	0.237	-3.040	
1.20	0.257	0.322	-0.000	0.004	0.010	-3.603	
1.25	0.257	0.317	0.000	0.002	-0.193	-2.551	
1.30	0.257	0.297	0.000	-0.001	-0.268	-0.760	
1.35	0.257	0.289	0.000	-0.013	-0.278	1.259	
1.40	0.258	0.263	-0.001	-0.019	-0.159	3.318	
1.45	0.257	0.264	-0.002	-0.005	0.132	3.648	
1.50	0.257	0.282	-0.002	0.010	0.319	1.713	
1.55	0.257	0.304	-0.001	0.018	0.331	-0.819	
1.60	0.257	0.323	0.001	0.012	0.172	-1.994	
1.65	0.257	0.323	0.000	-0.002	0.022	-1.242	
1.70	0.257	0.314	0.000	-0.014	0.021	-0.131	
1.75	0.257	0.311	-0.001	-0.017	0.220	-2.218	
1.80	0.257	0.377	-0.003	0.005	-0.223	-3.654	
1.85	0.257	0.281	-0.000	0.016	-0.505	0.940	
1.90	0.257	0.283	-0.000	0.008	-0.049	4.270	
1.95	0.257	0.293	-0.000	0.011	0.177	3.074	
2.00	0.257	0.307	0.002	0.003	0.279	0.870	
2.05	0.257	0.322	0.001	-0.014	0.267	-1.292	
2.10	0.257	0.350	-0.001	-0.005	0.048	-1.666	
2.15	0.257	0.316	-0.000	0.012	-0.041	0.089	
2.20	0.257	0.314	0.001	0.009	0.358	-2.642	
2.25	0.257	0.417	0.001	-0.001	-0.282	-5.199	
2.30	0.257	0.274	0.000	-0.005	-0.707	1.478	
2.35	0.257	0.282	0.000	-0.003	-0.054	7.256	
2.40	0.257	0.295	0.001	-0.008	0.315	7.683	
2.45	0.257	0.314	-0.000	-0.012	0.693	6.700	
2.50	0.257	0.343	-0.002	0.002	1.294	-0.601	
2.55	0.257	0.498	-0.000	0.015	0.821	-10.832	
2.60	0.257	0.445	0.001	0.003	-0.083	-14.780	
2.65	0.257	0.498	-0.000	-0.004	-1.096	-9.688	
2.70	0.257	0.301	0.000	0.004	-1.421	2.514	
2.75	0.257	0.290	0.001	0.001	-0.505	8.716	
2.80	0.257	0.287	0.000	-0.003	-0.123	6.652	
2.85	0.257	0.285	0.000	-0.000	0.141	3.576	
2.90	0.257	0.305	0.000	0.002	0.210	0.520	
2.95	0.257	0.311	0.001	-0.005	0.169	-1.650	
3.00	0.257	0.329	-0.000	-0.011	-0.005	-2.597	
3.05	0.257	0.310	-0.001	-0.004	-0.178	-1.680	
3.10	0.257	0.303	-0.001	0.010	-0.205	0.087	
3.15	0.257	0.287	0.001	0.010	-0.163	2.053	
3.20	0.257	0.286	0.001	-0.004	-0.014	3.829	
3.25	0.257	0.279	-0.000	-0.003	0.215	4.818	
3.30	0.257	0.282	0.000	0.004	0.790	0.545	
3.35	0.257	0.423	0.001	-0.001	0.328	-4.773	
3.40	0.257	0.317	0.000	-0.007	-0.236	-1.419	
3.45	0.257	0.317	-0.001	0.000	0.472	-2.182	
3.50	0.257	0.447	0.000	0.009	-0.144	-7.277	
3.55	0.257	0.311	0.001	0.004	-0.833	-2.875	
3.60	0.257	0.299	0.000	-0.000	-0.479	2.560	
3.65	0.257	0.279	0.000	0.002	-0.300	3.739	
3.70	0.257	0.271	0.001	-0.001	-0.080	3.690	
3.75	0.257	0.270	0.000	-0.005	0.095	2.579	
3.80	0.257	0.283	0.000	-0.005	0.208	0.914	
3.85	0.257	0.297	-0.000	-0.004	0.195	-0.918	
3.90	0.257	0.306	-0.000	-0.004	0.085	-2.063	
3.95	0.257	0.306	-0.001	0.003	-0.052	-2.249	
4.00	0.257	0.301	0.000	0.010	-0.178	-1.488	
4.05	0.257	0.285	0.001	0.004	-0.237	0.082	
4.10	0.257	0.272	0.000	-0.002	-0.176	1.742	
4.15	0.257	0.264	0.000	0.001	-0.033	2.708	
4.20	0.257	0.267	0.000	0.005	0.151	2.441	
4.25	0.257	0.283	0.001	0.000	0.259	1.089	
4.30	0.258	0.297	0.001	-0.011	0.271	-0.597	
4.35	0.258	0.314	-0.001	-0.010	0.188	-2.036	
4.40	0.257	0.319	-0.001	0.002	0.035	-2.723	
4.45	0.257	0.317	0.000	-0.002	-0.123	-2.450	
4.50	0.258	0.305	-0.000	-0.014	-0.240	-1.344	
4.55	0.257	0.292	-0.002	-0.008	-0.305	0.663	
4.60	0.257	0.265	-0.002	0.002	-0.184	2.675	
4.65	0.257	0.267	-0.001	-0.000	0.056	2.828	
4.70	0.257	0.277	-0.002	-0.003	0.179	1.308	
4.75	0.257	0.290	-0.002	0.007	0.192	-0.499	
4.80	0.257	0.300	-0.001	0.011	0.102	-1.781	
4.85	0.257	0.302	0.000	-0.002	-0.027	-2.101	
4.90	0.257	0.297	-0.002	0.001	-0.139	-1.577	
4.95	0.257	0.288	-0.001	0.020	-0.226	-0.154	
5.00	0.257	0.268	0.002	0.015	-0.182	1.736	
5.05	0.257	0.263	0.001	-0.004	-0.010	2.789	
5.10	0.257	0.269	0.000	-0.008	0.151	2.720	
5.15	0.257	0.280	0.000	-0.004	0.281	1.899	
5.20	0.257	0.296	0.000	-0.002	0.369	0.250	
5.25	0.257	0.318	0.001	-0.008	0.401	-2.898	
5.30	0.257	0.359	-0.001	-0.009	0.034	-4.943	
5.35	0.257	0.319	-0.001	0.003	-0.295	-3.169	
5.40	0.257	0.312	-0.000	0.010	-0.321	-0.331	
5.45	0.257	0.286	0.000	0.009	-0.276	1.697	
5.50	0.257	0.280	0.001	0.002	-0.107	2.579	
5.55	0.257	0.275	0.000	-0.005	0.056	1.868	
5.60	0.257	0.291	0.000	-0.005	0.111	0.459	
5.65	0.257	0.291	-0.000	-0.006	0.067	-0.428	
5.70	0.257	0.295	-0.000	-0.006	0.046	-0.835	
5.75	0.257	0.297	-0.001	0.004	-0.014	-1.117	
5.80	0.257	0.295	-0.001	0.023	-0.084	-0.938	
5.85	0.257	0.288	0.002	0.027	-0.136	-0.160	
5.90	0.257	0.278	0.004	-0.002	-0.121	1.086	
5.95	0.258	0.272	0.002	-0.030	-0.019	2.329	
6.00	0.257	0.276	-0.001	-0.019	0.109	3.868	
6.05	0.257	0.283	-0.000	0.000	0.312	6.006	
6.10	0.257	0.296	-0.000	0.003	0.694	7.264	
6.15	0.257	0.328	-0.000	0.002	1.404	1.556	
6.20	0.257	0.488	-0.000	0.003	1.159	-9.651	
6.25	0.257	0.485	-0.000	0.012	0.080	-14.283	
6.30	0.257	0.468	0.002	0.008	-0.577	-11.958	
6.35	0.258	0.440	0.001	-0.008	-1.329	-4.550	
6.40	0.257	0.291	-0.000	-0.003	-1.190	5.443	
6.45	0.257	0.285	0.001	0.002	-0.393	8.045	
6.50	0.257	0.284	0.000	-0.000	-0.098	4.878	
6.55	0.257	0.284	0.001	-0.005	0.013	2.208	
6.60	0.258	0.285	0.000	-0.010	0.049	0.762	
6.65	0.257	0.289	-0.001	0.000	0.080	-0.135	
6.70	0.257	0.297	-0.000	0.013	0.042	-0.931	
6.75	0.257	0.296	0.001	0.020	-0.050	-0.958	
6.80	0.257	0.289	0.003	0.014	-0.093	-0.144	
6.85	0.258	0.283	0.003	-0.008	-0.068	1.032	
6.90	0.258	0.282	0.002	-0.024	-0.015	3.085	
6.95	0.258	0.281	-0.000	-0.027	0.160	6.206	
7.00	0.258	0.285	-0.002	-0.011	0.567	8.590	
7.05	0.258	0.303	-0.002	0.009	1.471	2.134	
7.10	0.258	0.491	-0.000	0.014	1.221	-11.741	
7.15	0.258	0.484	0.000	0.012	-0.117	-17.472	
7.20	0.258	0.465	0.001	0.005	-1.231	-9.742	
7.25	0.258	0.304	0.000	0.003	-1.290	2.534	
7.30	0.258	0.298	0.001	0.010	-0.530	7.102	
7.35	0.258	0.284	0.002	0.005	-0.254	4.938	
7.40	0.258	0.279	0.002	-0.007	-0.111	2.950	
7.45	0.258	0.271	0.001	-0.008	-0.018	1.851	
7.50	0.258	0.277	0.001	-0.007	0.067	1.177	
7.55	0.258	0.280	0.000	-0.007	0.109	0.363	
7.60	0.258	0.290	-0.000	0.006	0.114	-0.608	
7.65	0.258	0.295	0.001	0.013	0.043	-1.376	
7.70	0.258	0.296	0.002	0.006	-0.062	-1.328	
7.75	0.258	0.287	0.002	-0.002	-0.128	-0.461	
7.80	0.258	0.279	0.001	-0.009	-0.115	0.625	
7.85	0.258	0.273	0.000	-0.011	-0.053	1.442	
7.90	0.258	0.272	0.000	-0.008	0.053	1.653	
7.95	0.258	0.279	-0.000	-0.004	0.148	1.049	
8.00	0.258	0.289	-0.001	0.006	0.185	-0.135	
8.05	0.258	0.301	0.000	0.012	0.132	-1.301	
8.10	0.258	0.304	0.002	-0.006	0.034	-1.977	
8.15	0.258	0.306	0.000	-0.031	-0.096	-1.904	
8.20	0.258	0.294	-0.003	-0.022	-0.198	-0.923	
8.25	0.258	0.282	-0.003	0.012	-0.208	0.495	
8.30	0.258	0.270	-0.000	0.020	-0.137	1.674	
8.35	0.258	0.266	-0.000	0.007	-0.008	2.085	
8.40	0.258	0.269	-0.001	0.006	0.118	1.451	
8.45	0.258	0.281	0.001	0.001	0.173	0.053	
8.50	0.258	0.291	-0.000	-0.007	0.119	-1.265	
8.55	0.258	0.295	-0.001	-0.001	0.007	-1.749	
8.60	0.258	0.291	-0.000	0.005	-0.100	-1.253	
8.65	0.258	0.282	0.000	0.006	-0.138	-0.247	
8.70	0.258	0.276	0.000	0.005	-0.124	0.797	
8.75	0.258	0.267	0.001	-0.003	-0.052	1.627	
8.80	0.258	0.268	0.000	-0.010	0.069	1.738	
8.85	0.258	0.275	-0.001	-0.005	0.166	0.878	
8.90	0.258	0.288	-0.000	0.001	0.179	-0.503	
8.95	0.258	0.297	-0.000	0.001	0.109	-1.715	
9.00	0.258	0.302	-0.001	0.010	-0.024	-2.172	
9.05	0.258	0.294	0.000	0.019	-0.159	-1.519	
9.10	0.258	0.282	0.002	0.011	-0.208	-0.142	
9.15	0.258	0.270	0.002	-0.005	-0.173	1.248	
9.20	0.258	0.261	0.001	-0.014	-0.055	2.020	
9.25	0.258	0.264	0.000	-0.016	0.074	1.784	
9.30	0.258	0.271	-0.001	-0.005	0.150	0.872	
9.35	0.258	0.281	-0.000	0.003	0.181	-0.443	
9.40	0.258	0.295	-0.000	0.004	0.098	-1.548	
9.45	0.258	0.292	0.000	0.004	-0.021	-1.673	
9.50	0.258	0.290	0.000	0.002	-0.100	-1.060	
9.55	0.258	0.281	0.001	-0.007	-0.145	-0.013	
9.60	0.258	0.271	-0.000	-0.016	-0.102	1.014	
9.65	0.258	0.269	-0.002	-0.003	-0.013	1.398	
9.70	0.258	0.271	-0.001	0.016	0.066	1.146	
9.75	0.258	0.276	0.001	0.016	0.114	0.537	
9.80	0.258	0.283	0.001	0.002	0.129	-0.282	
9.85	0.258	0.292	0.000	-0.004	0.085	-1.032	
9.90	0.258	0.294	0.000	-0.001	-0.000	-1.231	
9.95	0.258	0.291	0.000	0.002	-0.063	-0.887	
10.00	0.258	0.286	0.001	-0.004	-0.097	-0.304	
10.05	0.258	0.280	0.000	-0.010	-0.094	0.305	
10.10	0.258	0.276	-0.001	-0.003	-0.060	0.739	
10.15	0.258	0.273	-0.000	0.003	-0.004	0.812	
10.20	0.258	0.276	-0.000	-0.000	0.041	0.470	
10.25	0.258	0.279	-0.000	-0.006	0.045	0.043	
10.30	0.258	0.281	-0.001	-0.011	0.037	-0.236	
10.35	0.258	0.283	-0.002	-0.000	0.016	-0.375	
10.40	0.258	0.283	-0.001	0.018	-0.010	-0.312	
10.45	0.258	0.281	0.001	0.016	-0.016	-0.183	
10.50	0.258	0.282	0.001	0.003	-0.028	-0.018	
10.55	0.258	0.277	0.000	-0.001	-0.027	0.275	
10.60	0.258	0.277	0.000	0.005	0.007	0.402	
10.65	0.258	0.279	0.001	0.007	0.027	0.262	
10.70	0.258	0.281	0.002	0.001	0.035	0.051	
10.75	0.258	0.283	0.001	-0.004	0.032	-0.158	
10.80	0.258	0.284	0.001	-0.003	0.018	-0.321	
10.85	0.258	0.285	0.001	-0.003	-0.006	-0.350	
10.90	0.258	0.283	0.001	-0.010	-0.026	-0.199	
10.95	0.258	0.282	-0.000	-0.007	-0.028	0.000	
11.00	0.258	0.280	0.000	0.000	-0.022	0.130	
11.05	0.258	0.279	0.000	-0.007	-0.011	0.166	
11.10	0.258	0.279	-0.001	-0.008	-0.001	0.122	
11.15	0.258	0.280	-0.001	0.002	0.001	0.077	
11.20	0.258	0.279	-0.000	0.008	0.001	0.099	
11.25	0.258	0.279	0.000	0.008	0.016	0.041	
11.30	0.258	0.282	0.000	0.007	0.013	-0.131	
11.35	0.258	0.281	0.001	0.000	-0.008	-0.127	
11.40	0.258	0.280	0.000	-0.006	-0.006	-0.010	
11.45	0.258	0.280	0.000	-0.006	0.000	-0.020	
11.50	0.258	0.281	-0.000	-0.004	-0.008	-0.026	
11.55	0.258	0.279	-0.001	0.004	-0.008	0.053	
11.60	0.258	0.279	0.000	0.012	-0.000	0.083	
11.65	0.258	0.279	0.001	0.002	0.003	0.051	
11.70	0.258	0.280	0.001	-0.019	0.004	0.022	
11.75	0.258	0.280	-0.001	-0.036	0.005	0.007	
11.80	0.258	0.280	-0.004	-0.025	0.006	-0.034	
11.85	0.258	0.281	-0.005	0.012	0.002	-0.082	
11.90	0.258	0.280	-0.002	0.036	-0.004	-0.094	
11.95	0.258	0.280	0.001	0.027	-0.008	-0.099	
12.00	0.258	0.280	0.001	0.007	-0.013	-0.100	
12.05	0.258	0.279	0.000	-0.000	-0.020	-0.041	
12.10	0.258	0.277	0.000	0.004	-0.021	0.085	
12.15	0.258	0.276	0.001	0.003	-0.014	0.232	
12.20	0.258	0.275	0.001	-0.004	0.010	0.221	
12.25	0.258	0.279	0.000	-0.005	0.014	0.091	
12.30	0.258	0.276	0.000	-0.002	0.018	-0.026	
12.35	0.258	0.281	0.001	-0.006	0.014	-0.179	
12.40	0.258	0.279	-0.000	-0.013	-0.007	-0.188	
12.45	0.258	0.279	-0.001	-0.009	-0.010	-0.081	
12.50	0.258	0.278	-0.001	0.000	-0.015	0.050	
12.55	0.258	0.277	-0.001	0.002	-0.006	0.176	
12.60	0.258	0.277	-0.001	-0.004	0.007	0.193	
12.65	0.258	0.278	-0.002	0.003	0.017	0.124	
12.70	0.258	0.279	-0.000	0.010	0.023	-0.021	
12.75	0.258	0.281	0.000	-0.002	0.015	-0.171	
12.80	0.258	0.281	-0.001	-0.006	0.003	-0.257	
12.85	0.258	0.281	-0.001	0.004	-0.012	-0.274	
12.90	0.258	0.280	-0.000	0.011	-0.030	-0.176	
12.95	0.258	0.277	0.000	0.012	-0.035	0.021	
13.00	0.258	0.276	0.001	0.005	-0.026	0.196	
13.05	0.258	0.275	0.001	-0.009	-0.013	0.310	
13.10	0.258	0.274	0.000	-0.016	0.008	0.329	
13.15	0.258	0.275	-0.001	-0.011	0.026	0.210	
13.20	0.258	0.277	-0.001	-0.000	0.039	-0.084	
13.25	0.258	0.281	-0.001	0.003	0.018	-0.377	
13.30	0.258	0.279	-0.001	0.005	-0.015	-0.371	
13.35	0.258	0.278	-0.000	0.010	-0.027	-0.173	
13.40	0.258	0.276	0.000	0.013	-0.031	0.052	
13.45	0.258	0.275	0.001	0.018	-0.026	0.326	
13.50	0.258	0.272	0.002	0.010	0.006	0.477	
13.55	0.258	0.276	0.002	-0.008	0.039	0.294	
13.60	0.258	0.278	0.001	-0.011	0.042	-0.036	
13.65	0.258	0.280	0.001	-0.000	0.031	-0.302	
13.70	0.258	0.281	0.001	0.003	0.007	-0.448	
13.75	0.258	0.281	0.001	-0.005	-0.021	-0.416	
13.80	0.258	0.279	0.001	-0.016	-0.042	-0.212	
13.85	0.258	0.276	-0.001	-0.014	-0.047	0.095	
13.90	0.258	0.273	-0.001	0.001	-0.033	0.387	
13.95	0.258	0.272	-0.000	0.009	-0.002	0.532	
14.00	0.258	0.273	0.000	0.007	0.031	0.433	
14.05	0.258	0.275	0.001	-0.003	0.054	0.060	
14.10	0.258	0.280	-0.000	-0.014	0.044	-0.425	
14.15	0.258	0.282	-0.001	-0.011	-0.004	-0.601	
14.20	0.258	0.279	-0.002	-0.001	-0.038	-0.345	
14.25	0.258	0.276	-0.001	0.009	-0.040	0.004	
14.30	0.258	0.275	-0.000	0.012	-0.031	0.252	
14.35	0.258	0.273	0.000	0.008	-0.012	0.408	
14.40	0.258	0.273	0.001	-0.002	0.015	0.417	
14.45	0.258	0.275	0.000	-0.011	0.038	0.240	
14.50	0.258	0.277	-0.001	-0.006	0.045	-0.058	
14.55	0.258	0.280	-0.001	-0.000	0.032	-0.356	
14.60	0.258	0.281	-0.001	0.004	0.003	-0.507	
14.65	0.258	0.280	-0.000	0.006	-0.029	-0.428	
14.70	0.258	0.278	0.000	-0.004	-0.049	-0.142	
14.75	0.258	0.274	-0.001	-0.006	-0.047	0.230	
14.80	0.258	0.272	-0.001	0.007	-0.020	0.478	
14.85	0.258	0.272	0.000	0.015	0.010	0.504	
14.90	0.258	0.273	0.001	0.009	0.037	0.327	
14.95	0.258	0.276	0.001	-0.003	0.054	-0.064	
15.00	0.258	0.280	0.000	-0.006	0.036	-0.512	
15.05	0.258	0.281	0.000	-0.002	-0.015	-0.609	
15.10	0.258	0.278	0.000	0.002	-0.044	-0.308	
15.15	0.258	0.276	0.001	0.000	-0.048	0.076	
15.20	0.258	0.272	0.000	-0.000	-0.032	0.378	
15.25	0.258	0.272	-0.000	0.013	-0.001	0.479	
15.30	0.258	0.273	0.002	0.013	0.023	0.401	
15.35	0.258	0.274	0.002	-0.009	0.044	0.191	
15.40	0.258	0.278	0.001	-0.019	0.048	-0.134	
15.45	0.258	0.280	-0.000	-0.017	0.028	-0.406	
15.50	0.258	0.281	-0.001	-0.008	-0.001	-0.494	
15.55	0.258	0.280	-0.001	0.004	-0.030	-0.367	
15.60	0.258	0.277	-0.000	0.006	-0.045	-0.080	
15.65	0.258	0.274	-0.000	0.000	-0.039	0.224	
15.70	0.258	0.273	-0.000	-0.006	-0.016	0.390	
15.75	0.258	0.273	-0.001	-0.004	0.007	0.385	
15.80	0.258	0.274	-0.001	0.005	0.028	0.230	
15.85	0.258	0.276	-0.000	0.008	0.035	-0.041	
15.90	0.258	0.278	-0.000	0.005	0.028	-0.362	
15.95	0.258	0.280	0.000	0.001	-0.010	-0.484	
16.00	0.258	0.276	0.000	-0.001	-0.039	-0.235	
16.05	0.258	0.275	-0.000	-0.003	-0.036	0.099	
16.10	0.258	0.272	-0.000	-0.003	-0.021	0.298	
16.15	0.258	0.273	-0.001	0.003	0.001	0.340	
16.20	0.258	0.273	0.000	0.010	0.012	0.337	
16.25	0.258	0.273	0.001	0.003	0.038	0.227	
16.30	0.258	0.277	0.000	-0.003	0.048	-0.111	
16.35	0.258	0.279	0.000	-0.003	0.024	-0.379	
16.40	0.258	0.280	0.000	-0.003	-0.001	-0.427	
16.45	0.258	0.279	-0.000	-0.003	-0.026	-0.299	
16.50	0.258	0.277	-0.000	-0.003	-0.037	-0.038	
16.55	0.258	0.274	-0.001	0.003	-0.029	0.211	
16.60	0.258	0.273	0.000	0.010	-0.009	0.314	
16.65	0.258	0.274	0.001	0.003	0.010	0.245	
16.70	0.258	0.275	0.000	-0.003	0.020	0.059	
16.75	0.258	0.276	0.000	-0.003	0.016	-0.131	
16.80	0.258	0.276	0.000	0.000	0.003	-0.229	
16.85	0.258	0.277	0.000	0.003	-0.012	-0.218	
16.90	0.258	0.275	0.000	0.005	-0.024	-0.092	
16.95	0.258	0.274	0.001	0.001	-0.024	0.101	
17.00	0.258	0.272	0.000	-0.002	-0.011	0.241	
17.05	0.258	0.273	0.000	0.001	0.006	0.263	
17.10	0.258	0.273	0.001	-0.004	0.018	0.206	
17.15	0.258	0.274	0.000	-0.011	0.029	0.084	
17.20	0.258	0.276	-0.000	-0.010	0.030	-0.109	
17.25	0.258	0.278	-0.002	0.004	0.016	-0.262	
17.30	0.258	0.278	0.000	0.016	-0.003	-0.275	
17.35	0.258	0.277	0.002	-0.002	-0.016	-0.177	
17.40	0.258	0.276	-0.000	-0.019	-0.022	-0.044	
17.45	0.258	0.275	-0.002	-0.011	-0.020	0.091	
17.50	0.258	0.274	-0.002	0.007	-0.011	0.182	
17.55	0.258	0.274	-0.000	0.009	0.002	0.173	
17.60	0.258	0.274	-0.000	0.005	0.011	0.067	
17.65	0.258	0.275	-0.000	0.002	0.008	-0.048	
17.70	0.258	0.275	-0.001	0.007	0.004	-0.123	
17.75	0.258	0.276	0.001	0.005	0.000	-0.233	
17.80	0.258	0.277	0.001	-0.010	-0.030	-0.139	
17.85	0.258	0.271	-0.001	-0.012	-0.024	0.148	
17.90	0.258	0.274	-0.001	-0.001	-0.005	0.265	
17.95	0.258	0.271	-0.000	0.003	0.008	0.254	
18.00	0.258	0.274	-0.000	0.002	0.027	0.101	
18.05	0.258	0.275	-0.001	0.009	0.018	-0.063	
18.10	0.258	0.276	0.000	0.021	0.014	-0.104	
18.15	0.258	0.276	0.002	0.022	0.007	-0.114	
18.20	0.258	0.276	0.003	0.010	0.002	-0.102	
18.25	0.258	0.276	0.003	-0.014	-0.003	-0.087	
18.30	0.258	0.276	0.001	-0.022	-0.008	-0.057	
18.35	0.258	0.275	-0.000	-0.005	-0.009	-0.016	
18.40	0.258	0.275	0.001	0.004	-0.009	0.021	
18.45	0.258	0.274	0.001	-0.004	-0.006	0.039	
18.50	0.258	0.274	0.000	-0.011	-0.003	0.020	
18.55	0.258	0.274	-0.000	-0.011	-0.004	-0.011	
18.60	0.258	0.274	-0.001	-0.002	-0.007	0.000	
18.65	0.258	0.273	-0.001	0.013	-0.006	0.060	
18.70	0.258	0.273	0.001	0.015	0.001	0.089	
18.75	0.258	0.274	0.001	0.004	0.007	0.037	
18.80	0.258	0.274	0.001	0.000	0.005	-0.045	
18.85	0.258	0.274	0.001	-0.004	0.002	-0.117	
18.90	0.258	0.275	0.001	-0.015	-0.009	-0.119	
18.95	0.258	0.273	-0.001	-0.013	-0.019	0.057	
19.00	0.258	0.271	-0.001	0.000	-0.006	0.271	
19.05	0.258	0.272	-0.000	0.006	0.021	0.242	
19.10	0.258	0.275	-0.000	0.003	0.028	0.017	
19.15	0.258	0.276	0.000	-0.004	0.018	-0.152	
19.20	0.258	0.276	-0.000	-0.014	0.008	-0.213	
19.25	0.258	0.276	-0.001	-0.024	-0.006	-0.199	
19.30	0.258	0.276	-0.004	-0.014	-0.015	-0.121	
19.35	0.258	0.275	-0.004	0.015	-0.019	-0.011	
19.40	0.258	0.274	-0.001	0.024	-0.016	0.091	
19.45	0.258	0.273	-0.000	0.015	-0.007	0.126	
19.50	0.258	0.273	0.000	0.008	-0.000	0.094	
19.55	0.258	0.273	0.000	0.005	0.003	0.049	
19.60	0.258	0.273	0.001	-0.002	0.004	0.015	
19.65	0.258	0.273	0.000	-0.006	0.005	-0.023	
19.70	0.258	0.274	-0.001	0.002	0.002	-0.056	
19.75	0.258	0.274	0.001	0.005	-0.002	-0.052	
19.80	0.258	0.274	0.000	0.001	-0.006	0.004	
19.85	0.258	0.273	0.000	0.002	-0.005	0.107	
19.90	0.258	0.273	0.001	-0.004	0.007	0.153	
19.95	0.258	0.274	0.000	-0.008	0.016	0.085	
20.00	0.258	0.275	-0.001	-0.000	0.018	-0.033	
20.05	0.258	0.276	0.000	0.008	0.012	-0.125	
20.10	0.258	0.276	0.001	0.003	0.003	-0.172	
20.15	0.258	0.276	0.000	-0.003	-0.008	-0.157	
20.20	0.258	0.275	0.000	-0.003	-0.015	-0.079	
20.25	0.258	0.274	0.000	-0.000	-0.016	0.004	
20.30	0.258	0.274	0.000	0.001	-0.015	0.073	
20.35	0.258	0.273	0.000	0.002	-0.008	0.125	
20.40	0.258	0.272	0.001	-0.002	0.003	0.086	
20.45	0.258	0.274	-0.000	0.001	0.002	0.005	
20.50	0.258	0.273	0.000	0.009	-0.001	0.002	
20.55	0.258	0.273	0.002	-0.003	0.003	-0.005	
20.60	0.258	0.273	0.000	-0.017	0.000	-0.041	
20.65	0.258	0.273	-0.001	-0.012	-0.004	-0.034	
20.70	0.258	0.273	-0.001	-0.001	-0.005	0.015	
20.75	0.258	0.272	-0.001	0.004	-0.003	0.077	
20.80	0.258	0.272	-0.001	0.008	0.005	0.095	
20.85	0.258	0.273	0.000	0.011	0.010	0.041	
20.90	0.258	0.274	0.001	0.002	0.011	-0.059	
20.95	0.258	0.275	0.000	-0.006	0.002	-0.119	
21.00	0.258	0.274	-0.000	-0.006	-0.005	-0.084	
21.05	0.258	0.274	-0.001	0.002	-0.006	-0.043	
21.10	0.258	0.273	0.000	0.011	-0.010	0.011	
21.15	0.258	0.272	0.001	0.006	-0.004	0.037	
21.20	0.258	0.273	0.001	0.001	-0.003	-0.004	
21.25	0.258	0.272	0.001	-0.003	-0.008	0.026	
21.30	0.258	0.272	0.000	-0.006	-0.002	0.090	
21.35	0.258	0.272	0.000	-0.002	0.006	0.062	
21.40	0.258	0.273	0.000	0.001	0.007	-0.036	
21.45	0.258	0.273	0.000	0.003	0.004	-0.152	
21.50	0.258	0.274	0.001	-0.003	-0.015	-0.140	
21.55	0.258	0.271	0.000	-0.008	-0.022	0.066	
21.60	0.258	0.270	-0.001	-0.000	0.000	0.137	
21.65	0.258	0.272	0.000	0.008	0.004	0.007	
21.70	0.258	0.271	0.001	0.003	-0.009	0.028	
21.75	0.258	0.270	0.000	-0.004	-0.001	0.179	
21.80	0.258	0.271	0.000	-0.005	0.018	0.175	
21.85	0.258	0.272	-0.000	-0.006	0.023	0.027	
21.90	0.258	0.273	-0.000	-0.008	0.024	-0.179	
21.95	0.258	0.276	-0.001	-0.003	0.002	-0.293	
22.00	0.258	0.273	-0.001	0.011	-0.020	-0.139	
22.05	0.258	0.272	0.000	0.019	-0.012	0.033	
22.10	0.258	0.273	0.001	0.012	-0.008	0.059	
22.15	0.258	0.272	0.002	-0.008	-0.008	0.097	
22.20	0.258	0.271	0.000	-0.022	0.000	0.143	
22.25	0.258	0.271	-0.001	-0.014	0.011	0.101	
22.30	0.258	0.273	-0.001	0.001	0.015	-0.036	
22.35	0.258	0.274	-0.001	0.015	0.007	-0.167	
22.40	0.258	0.274	0.001	0.015	-0.006	-0.192	
22.45	0.258	0.273	0.001	0.002	-0.021	-0.048	
22.50	0.258	0.270	0.000	-0.002	-0.011	0.091	
22.55	0.258	0.272	0.000	0.002	-0.002	0.058	
22.60	0.258	0.271	0.001	-0.000	-0.007	0.051	
22.65	0.258	0.271	0.001	-0.010	-0.003	0.136	
22.70	0.258	0.270	-0.001	-0.008	0.008	0.184	
22.75	0.258	0.272	-0.000	-0.000	0.022	0.105	
22.80	0.258	0.273	-0.000	-0.000	0.026	-0.106	
22.85	0.258	0.276	-0.000	-0.002	0.007	-0.242	
22.90	0.258	0.273	-0.000	-0.006	-0.008	-0.183	
22.95	0.258	0.274	-0.001	-0.003	-0.011	-0.101	
23.00	0.258	0.272	-0.001	-0.002	-0.019	0.013	
23.05	0.258	0.271	-0.001	-0.001	-0.012	0.153	
23.10	0.258	0.271	-0.001	-0.000	0.002	0.178	
23.15	0.258	0.272	-0.001	0.002	0.012	0.070	
23.20	0.258	0.273	-0.001	0.012	0.011	-0.099	
23.25	0.258	0.273	0.001	0.010	0.001	-0.215	
23.30	0.258	0.273	0.000	0.004	-0.019	-0.156	
23.35	0.258	0.270	0.000	0.005	-0.024	0.059	
23.40	0.258	0.269	0.001	-0.001	-0.005	0.137	
23.45	0.258	0.271	0.001	-0.012	-0.001	0.065	
23.50	0.258	0.270	-0.001	-0.010	-0.008	0.135	
23.55	0.258	0.269	-0.001	0.004	0.012	0.190	
23.60	0.258	0.272	0.000	0.005	0.022	0.061	
23.65	0.258	0.272	0.000	-0.001	0.015	-0.029	
23.70	0.258	0.273	-0.000	0.007	0.016	-0.076	
23.75	0.258	0.273	0.001	0.009	0.013	-0.191	
23.80	0.258	0.275	0.001	-0.000	-0.004	-0.267	
23.85	0.258	0.274	0.000	-0.002	-0.028	-0.087	
23.90	0.258	0.270	0.000	0.002	-0.017	0.181	
23.95	0.258	0.271	0.001	-0.002	0.004	0.209	
24.00	0.258	0.271	0.001	-0.013	0.010	0.098	
24.05	0.258	0.273	-0.001	-0.013	0.011	0.003	
24.10	0.258	0.273	-0.001	0.002	0.009	-0.079	
24.15	0.258	0.274	-0.000	0.009	0.005	-0.166	
24.20	0.258	0.274	0.000	0.008	-0.009	-0.185	
24.25	0.258	0.273	0.001	-0.001	-0.025	-0.006	
24.30	0.258	0.269	0.000	-0.009	-0.012	0.213	
24.35	0.258	0.271	-0.001	-0.003	0.010	0.192	
24.40	0.258	0.272	-0.000	0.003	0.011	0.077	
24.45	0.258	0.272	-0.000	0.001	0.013	0.024	
24.50	0.258	0.273	-0.000	-0.003	0.010	0.035	
24.55	0.258	0.272	-0.000	-0.008	0.018	0.015	
24.60	0.258	0.275	-0.001	-0.005	0.019	-0.143	
24.65	0.258	0.275	-0.001	0.003	0.000	-0.226	
24.70	0.258	0.275	-0.000	0.003	-0.011	-0.159	
24.75	0.258	0.274	-0.000	-0.003	-0.017	-0.041	
24.80	0.258	0.273	-0.001	-0.003	-0.015	0.081	
24.85	0.258	0.272	-0.001	0.007	-0.006	0.131	
24.90	0.258	0.272	-0.000	0.011	0.002	0.094	
24.95	0.258	0.273	0.000	0.007	0.005	0.006	
25.00	0.258	0.273	0.001	-0.005	0.003	-0.098	
25.05	0.258	0.273	-0.000	-0.014	-0.007	-0.137	
25.10	0.258	0.273	-0.002	-0.005	-0.019	-0.012	
25.15	0.258	0.270	-0.001	0.005	-0.009	0.131	
25.20	0.258	0.272	-0.000	0.002	0.003	0.112	
25.25	0.258	0.271	-0.001	0.004	0.004	0.044	
25.30	0.258	0.272	-0.000	0.009	0.007	-0.029	
25.35	0.258	0.273	0.000	0.008	-0.003	-0.021	
25.40	0.258	0.271	0.001	0.003	-0.001	0.101	
25.45	0.258	0.272	0.000	-0.003	0.012	0.132	
25.50	0.258	0.272	0.000	-0.003	0.021	-0.002	
25.55	0.258	0.275	0.001	-0.008	0.013	-0.161	
25.60	0.258	0.274	-0.001	-0.005	-0.004	-0.155	
25.65	0.258	0.274	-0.001	0.010	-0.008	-0.046	
25.70	0.258	0.273	0.001	0.012	-0.006	0.018	
25.75	0.258	0.273	0.001	0.002	-0.002	0.021	
25.80	0.258	0.273	0.000	-0.000	-0.004	0.010	
25.85	0.258	0.273	0.001	0.007	-0.002	0.007	
25.90	0.258	0.273	0.002	0.008	-0.000	-0.035	
25.95	0.258	0.273	0.002	-0.006	-0.005	-0.086	
26.00	0.258	0.272	0.001	-0.016	-0.013	-0.054	
26.05	0.258	0.271	0.000	-0.016	-0.013	0.035	
26.10	0.258	0.271	-0.001	-0.016	-0.012	0.160	
26.15	0.258	0.269	-0.002	-0.006	0.006	0.211	
26.20	0.258	0.272	-0.002	0.010	0.020	0.058	
26.25	0.258	0.272	-0.000	0.011	0.011	-0.080	
26.30	0.258	0.273	-0.000	0.006	0.006	-0.114	
26.35	0.258	0.273	0.000	0.002	-0.005	-0.056	
26.40	0.258	0.271	0.000	0.001	-0.000	0.031	
26.45	0.258	0.273	0.000	0.002	0.002	0.040	
26.50	0.258	0.272	0.000	0.005	0.004	0.037	
26.55	0.258	0.273	0.000	0.008	0.009	-0.027	
26.60	0.258	0.273	0.001	0.004	0.001	-0.092	
26.65	0.258	0.273	0.001	-0.007	-0.005	-0.071	
26.70	0.258	0.273	0.000	-0.013	-0.007	-0.022	
26.75	0.258	0.273	-0.000	-0.013	-0.006	0.010	
26.80	0.258	0.272	-0.001	-0.007	-0.005	0.016	
26.85	0.258	0.272	-0.001	0.005	-0.003	0.009	
26.90	0.258	0.272	-0.000	0.009	-0.004	0.014	
26.95	0.258	0.271	0.000	0.007	-0.004	0.052	
27.00	0.258	0.271	0.000	0.003	0.001	0.074	
27.05	0.258	0.272	0.001	-0.009	0.006	0.040	
27.10	0.258	0.272	-0.000	-0.022	0.007	-0.027	
27.15	0.258	0.273	-0.002	-0.016	0.003	-0.076	
27.20	0.258	0.273	-0.003	0.003	-0.002	-0.071	
27.25	0.257	0.273	-0.002	0.016	-0.010	0.034	
27.30	0.257	0.271	-0.000	0.014	-0.003	0.187	
27.35	0.257	0.271	-0.000	0.009	0.019	0.149	
27.40	0.257	0.274	0.000	0.007	0.021	-0.059	
27.45	0.257	0.274	0.000	0.007	0.008	-0.179	
27.50	0.257	0.274	0.001	0.002	-0.003	-0.165	
27.55	0.258	0.274	0.001	-0.008	-0.011	-0.087	
27.60	0.258	0.273	-0.000	-0.005	-0.012	-0.002	
27.65	0.257	0.272	0.000	0.005	-0.009	0.041	
27.70	0.258	0.272	0.001	0.002	-0.007	0.053	
27.75	0.258	0.272	0.000	-0.002	-0.003	0.039	
27.80	0.258	0.272	0.000	0.004	-0.001	-0.007	
27.85	0.258	0.272	0.000	0.011	-0.002	-0.066	
27.90	0.258	0.272	0.002	0.012	-0.013	-0.026	
27.95	0.258	0.270	0.002	-0.000	-0.013	0.146	
28.00	0.258	0.270	0.002	-0.012	0.011	0.155	
28.05	0.258	0.272	0.000	-0.011	0.014	-0.037	
28.10	0.258	0.272	0.000	-0.004	0.001	-0.116	
28.15	0.258	0.272	0.000	0.001	-0.009	0.015	
28.20	0.258	0.270	0.001	-0.004	-0.001	0.198	
28.25	0.258	0.271	0.000	-0.010	0.023	0.156	
28.30	0.258	0.274	-0.001	-0.003	0.025	-0.078	
28.35	0.258	0.274	-0.000	0.003	0.008	-0.201	
28.40	0.258	0.274	-0.000	0.003	-0.003	-0.174	
28.45	0.258	0.274	0.000	-0.000	-0.010	-0.105	
28.50	0.258	0.273	-0.000	-0.003	-0.014	-0.024	
28.55	0.258	0.272	-0.000	-0.005	-0.013	0.054	
28.60	0.258	0.271	-0.001	0.000	-0.006	0.083	
28.65	0.258	0.271	-0.000	0.006	0.000	0.023	
28.70	0.258	0.272	0.000	0.006	-0.002	-0.071	
28.75	0.258	0.272	0.000	0.006	-0.013	-0.048	
28.80	0.258	0.270	0.001	0.000	-0.012	0.082	
28.85	0.258	0.270	0.000	-0.005	-0.003	0.170	
28.90	0.258	0.269	0.000	-0.003	0.013	0.099	
28.95	0.258	0.272	0.000	-0.002	0.012	-0.068	
29.00	0.258	0.271	0.000	-0.002	-0.002	-0.089	
29.05	0.258	0.271	-0.000	-0.004	-0.005	0.040	
29.10	0.258	0.270	-0.000	-0.007	0.008	0.080	
29.15	0.258	0.273	-0.001	-0.002	0.011	-0.015	
29.20	0.258	0.272	-0.001	0.010	0.001	-0.024	
29.25	0.258	0.272	0.001	0.010	0.004	0.031	
29.30	0.258	0.272	0.000	0.004	0.011	-0.025	
29.35	0.258	0.274	0.000	0.006	0.005	-0.123	
29.40	0.258	0.273	0.001	0.002	-0.009	-0.093	
29.45	0.258	0.272	0.001	-0.008	-0.009	0.012	
29.50	0.258	0.272	0.000	-0.011	-0.004	0.059	
29.55	0.258	0.272	-0.001	0.000	0.000	0.035	
29.60	0.258	0.272	0.000	0.011	0.001	-0.034	
29.65	0.258	0.272	0.001	0.008	-0.001	-0.115	
29.70	0.258	0.273	0.001	-0.003	-0.016	-0.090	
29.75	0.258	0.270	0.000	-0.008	-0.020	0.108	
29.80	0.258	0.269	0.000	-0.007	0.002	0.199	
29.85	0.258	0.271	-0.000	-0.007	0.010	0.099	
29.90	0.258	0.271	-0.000	-0.013	0.007	0.052	
29.95	0.258	0.271	-0.001	-0.018	0.012	0.054	
30.00	0.258	0.272	-0.002	-0.021	0.014	0.053	
