Vernier Format 2
run19.txt 10/10/2025 15:14:50
Run 1
Time	Position	Position	Velocity	Acceleration	Velocity	Acceleration	
T	P	P	V	A	V	A	
s	m	m	m/s	m/s^2	m/s	m/s^2	

0.00	0.350	0.194	-0.319	-0.380	0.319	0.267	
0.05	0.334	0.209	-0.336	-0.428	0.332	0.257	
0.10	0.317	0.226	-0.360	-0.453	0.347	0.213	
0.15	0.298	0.244	-0.389	-0.348	0.357	0.112	
0.20	0.277	0.262	-0.401	-0.116	0.359	-0.019	
0.25	0.257	0.280	-0.397	0.096	0.355	-0.155	
0.30	0.238	0.298	-0.391	0.359	0.344	-0.288	
0.35	0.218	0.315	-0.377	0.920	0.326	-0.424	
0.40	0.198	0.331	-0.313	1.672	0.301	-0.544	
0.45	0.184	0.345	-0.191	2.013	0.271	-0.646	
0.50	0.179	0.358	-0.073	1.591	0.236	-0.747	
0.55	0.180	0.369	-0.016	0.820	0.196	-0.837	
0.60	0.180	0.378	-0.007	0.300	0.151	-0.910	
0.65	0.179	0.384	-0.003	0.110	0.104	-0.962	
0.70	0.179	0.388	0.002	0.022	0.055	-0.998	
0.75	0.180	0.390	0.001	-0.043	0.002	-0.997	
0.80	0.180	0.388	-0.008	-0.002	-0.046	-0.969	
0.85	0.178	0.385	-0.003	0.101	-0.094	-0.947	
0.90	0.179	0.379	0.008	0.138	-0.142	-0.893	
0.95	0.180	0.371	0.010	0.259	-0.184	-0.815	
1.00	0.180	0.360	0.015	0.756	-0.223	-0.739	
1.05	0.179	0.348	0.068	1.538	-0.259	-0.647	
1.10	0.184	0.334	0.184	1.993	-0.289	-0.531	
1.15	0.197	0.319	0.306	1.679	-0.313	-0.384	
1.20	0.217	0.303	0.371	0.931	-0.328	-0.226	
1.25	0.236	0.286	0.387	0.354	-0.335	-0.078	
1.30	0.256	0.269	0.391	0.070	-0.335	0.062	
1.35	0.275	0.252	0.393	-0.154	-0.329	0.200	
1.40	0.296	0.236	0.380	-0.417	-0.316	0.358	
1.45	0.314	0.220	0.348	-0.602	-0.294	0.546	
1.50	0.331	0.206	0.314	-0.685	-0.263	0.780	
1.55	0.346	0.193	0.280	-0.765	-0.221	1.089	
1.60	0.359	0.183	0.239	-0.864	-0.153	1.319	
1.65	0.370	0.177	0.193	-0.951	-0.070	1.154	
1.70	0.379	0.178	0.143	-1.013	-0.021	0.657	
1.75	0.384	0.177	0.091	-1.053	-0.012	0.293	
1.80	0.388	0.176	0.037	-1.077	-0.005	0.205	
1.85	0.388	0.176	-0.018	-1.085	0.003	0.286	
1.90	0.386	0.176	-0.073	-1.062	0.018	0.519	
1.95	0.381	0.178	-0.125	-1.008	0.045	0.918	
2.00	0.373	0.179	-0.174	-0.937	0.111	1.257	
2.05	0.363	0.188	-0.219	-0.853	0.193	1.167	
2.10	0.351	0.200	-0.260	-0.755	0.240	0.824	
2.15	0.337	0.213	-0.295	-0.661	0.269	0.550	
2.20	0.321	0.227	-0.325	-0.577	0.290	0.370	
2.25	0.304	0.242	-0.352	-0.480	0.305	0.227	
2.30	0.286	0.258	-0.378	-0.292	0.313	0.081	
2.35	0.266	0.274	-0.386	-0.024	0.314	-0.071	
2.40	0.247	0.289	-0.377	0.224	0.306	-0.222	
2.45	0.228	0.305	-0.364	0.529	0.291	-0.357	
2.50	0.210	0.319	-0.340	1.111	0.269	-0.474	
2.55	0.191	0.332	-0.259	1.743	0.243	-0.581	
2.60	0.182	0.343	-0.137	1.802	0.211	-0.682	
2.65	0.180	0.353	-0.052	1.299	0.173	-0.748	
2.70	0.179	0.361	-0.004	0.664	0.135	-0.774	
2.75	0.180	0.366	0.008	0.152	0.096	-0.802	
2.80	0.181	0.370	0.001	-0.108	0.055	-0.838	
2.85	0.181	0.372	-0.016	-0.077	0.011	-0.857	
2.90	0.178	0.371	-0.013	0.095	-0.031	-0.858	
2.95	0.179	0.369	0.001	0.145	-0.074	-0.849	
3.00	0.179	0.364	0.004	0.158	-0.118	-0.801	
3.05	0.179	0.357	0.014	0.274	-0.157	-0.714	
3.10	0.181	0.348	0.018	0.667	-0.189	-0.625	
3.15	0.179	0.338	0.063	1.355	-0.218	-0.555	
3.20	0.184	0.326	0.167	1.751	-0.245	-0.474	
3.25	0.196	0.313	0.270	1.518	-0.267	-0.357	
3.30	0.213	0.299	0.333	0.959	-0.281	-0.226	
3.35	0.231	0.285	0.359	0.473	-0.289	-0.099	
3.40	0.249	0.270	0.369	0.192	-0.292	0.039	
3.45	0.268	0.256	0.378	-0.049	-0.286	0.177	
3.50	0.288	0.241	0.369	-0.338	-0.273	0.303	
3.55	0.306	0.228	0.339	-0.537	-0.254	0.410	
3.60	0.322	0.216	0.309	-0.622	-0.232	0.505	
3.65	0.336	0.205	0.277	-0.693	-0.205	0.608	
3.70	0.350	0.195	0.241	-0.779	-0.171	0.708	
3.75	0.361	0.187	0.199	-0.865	-0.132	0.779	
3.80	0.370	0.182	0.154	-0.931	-0.092	0.830	
3.85	0.376	0.178	0.105	-0.982	-0.049	0.862	
3.90	0.380	0.177	0.055	-1.022	-0.004	0.847	
3.95	0.382	0.178	0.002	-1.035	0.037	0.805	
4.00	0.381	0.181	-0.050	-1.011	0.076	0.765	
4.05	0.377	0.185	-0.099	-0.972	0.113	0.731	
4.10	0.371	0.192	-0.148	-0.919	0.149	0.693	
4.15	0.362	0.200	-0.192	-0.846	0.184	0.616	
4.20	0.351	0.211	-0.233	-0.758	0.213	0.495	
4.25	0.338	0.222	-0.268	-0.670	0.233	0.382	
4.30	0.324	0.234	-0.299	-0.597	0.250	0.292	
4.35	0.309	0.247	-0.327	-0.518	0.264	0.173	
4.40	0.292	0.261	-0.356	-0.333	0.268	0.047	
4.45	0.272	0.274	-0.366	-0.061	0.267	-0.055	
4.50	0.254	0.288	-0.358	0.149	0.263	-0.168	
4.55	0.236	0.301	-0.348	0.337	0.252	-0.301	
4.60	0.219	0.313	-0.330	0.663	0.232	-0.420	
4.65	0.203	0.324	-0.293	1.183	0.208	-0.506	
4.70	0.188	0.334	-0.214	1.675	0.181	-0.572	
4.75	0.179	0.342	-0.097	1.595	0.150	-0.628	
4.80	0.181	0.349	-0.027	0.964	0.118	-0.684	
4.85	0.179	0.354	-0.010	0.448	0.082	-0.730	
4.90	0.179	0.357	0.006	0.153	0.044	-0.747	
4.95	0.181	0.358	0.002	-0.022	0.006	-0.750	
5.00	0.179	0.358	-0.003	-0.027	-0.031	-0.749	
5.05	0.180	0.355	-0.001	-0.009	-0.069	-0.728	
5.10	0.180	0.351	-0.005	0.060	-0.105	-0.682	
5.15	0.179	0.345	-0.001	0.267	-0.138	-0.619	
5.20	0.179	0.337	0.013	0.663	-0.167	-0.558	
5.25	0.179	0.328	0.058	1.196	-0.194	-0.493	
5.30	0.184	0.317	0.136	1.601	-0.218	-0.396	
5.35	0.191	0.306	0.240	1.550	-0.234	-0.291	
5.40	0.209	0.294	0.316	1.006	-0.246	-0.189	
5.45	0.226	0.281	0.338	0.467	-0.253	-0.082	
5.50	0.243	0.268	0.348	0.179	-0.254	0.021	
5.55	0.261	0.256	0.351	0.014	-0.251	0.132	
5.60	0.278	0.243	0.352	-0.164	-0.242	0.260	
5.65	0.296	0.231	0.338	-0.403	-0.225	0.389	
5.70	0.312	0.220	0.308	-0.576	-0.202	0.497	
5.75	0.327	0.211	0.276	-0.658	-0.174	0.572	
5.80	0.340	0.203	0.242	-0.722	-0.144	0.625	
5.85	0.351	0.196	0.204	-0.790	-0.112	0.685	
5.90	0.361	0.191	0.163	-0.861	-0.076	0.747	
5.95	0.368	0.188	0.118	-0.921	-0.036	0.775	
6.00	0.372	0.188	0.070	-0.960	0.003	0.765	
6.05	0.375	0.189	0.021	-0.982	0.042	0.718	
6.10	0.375	0.192	-0.030	-0.974	0.076	0.661	
6.15	0.372	0.197	-0.078	-0.935	0.106	0.631	
6.20	0.367	0.203	-0.123	-0.889	0.139	0.602	
6.25	0.359	0.210	-0.167	-0.832	0.169	0.524	
6.30	0.350	0.220	-0.207	-0.758	0.192	0.420	
6.35	0.339	0.230	-0.243	-0.677	0.210	0.327	
6.40	0.326	0.241	-0.274	-0.606	0.225	0.229	
6.45	0.311	0.253	-0.303	-0.528	0.233	0.125	
6.50	0.295	0.264	-0.332	-0.360	0.238	0.023	
6.55	0.277	0.277	-0.344	-0.115	0.236	-0.077	
6.60	0.260	0.288	-0.339	0.061	0.230	-0.176	
6.65	0.243	0.300	-0.334	0.185	0.219	-0.291	
6.70	0.227	0.310	-0.324	0.395	0.200	-0.394	
6.75	0.211	0.320	-0.306	0.829	0.178	-0.468	
6.80	0.194	0.328	-0.249	1.381	0.152	-0.522	
6.85	0.184	0.335	-0.153	1.601	0.125	-0.555	
6.90	0.179	0.341	-0.061	1.260	0.097	-0.595	
6.95	0.180	0.345	-0.014	0.645	0.066	-0.630	
7.00	0.180	0.347	-0.009	0.241	0.034	-0.653	
7.05	0.179	0.348	-0.005	0.122	0.000	-0.673	
7.10	0.179	0.348	0.001	0.085	-0.035	-0.669	
7.15	0.179	0.345	0.008	0.010	-0.068	-0.639	
7.20	0.181	0.341	0.000	-0.008	-0.098	-0.605	
7.25	0.179	0.335	-0.005	0.216	-0.129	-0.549	
7.30	0.179	0.328	0.015	0.613	-0.154	-0.472	
7.35	0.180	0.320	0.055	1.053	-0.175	-0.407	
7.40	0.184	0.310	0.120	1.441	-0.196	-0.329	
7.45	0.190	0.300	0.217	1.445	-0.209	-0.237	
7.50	0.206	0.289	0.289	0.975	-0.219	-0.155	
7.55	0.221	0.278	0.312	0.506	-0.225	-0.067	
7.60	0.238	0.266	0.327	0.250	-0.227	0.044	
7.65	0.254	0.255	0.333	0.095	-0.221	0.172	
7.70	0.271	0.244	0.339	-0.086	-0.208	0.278	
7.75	0.289	0.234	0.329	-0.342	-0.192	0.359	
7.80	0.305	0.224	0.300	-0.519	-0.172	0.431	
7.85	0.319	0.216	0.272	-0.598	-0.149	0.500	
7.90	0.332	0.209	0.240	-0.662	-0.122	0.568	
7.95	0.343	0.204	0.206	-0.726	-0.092	0.621	
8.00	0.353	0.200	0.168	-0.796	-0.059	0.654	
8.05	0.360	0.198	0.126	-0.855	-0.025	0.661	
8.10	0.365	0.198	0.082	-0.895	0.007	0.658	
8.15	0.368	0.199	0.036	-0.917	0.040	0.655	
8.20	0.369	0.202	-0.011	-0.923	0.074	0.627	
8.25	0.367	0.206	-0.057	-0.907	0.105	0.567	
8.30	0.363	0.212	-0.102	-0.869	0.131	0.493	
8.35	0.357	0.220	-0.145	-0.815	0.154	0.411	
8.40	0.348	0.228	-0.185	-0.739	0.172	0.326	
8.45	0.338	0.237	-0.219	-0.652	0.186	0.258	
8.50	0.326	0.246	-0.249	-0.576	0.198	0.196	
8.55	0.313	0.257	-0.276	-0.505	0.207	0.100	
8.60	0.299	0.268	-0.300	-0.422	0.208	-0.002	
8.65	0.283	0.278	-0.322	-0.261	0.206	-0.091	
8.70	0.266	0.288	-0.331	-0.016	0.199	-0.179	
8.75	0.249	0.298	-0.320	0.166	0.188	-0.270	
8.80	0.234	0.307	-0.310	0.302	0.172	-0.361	
8.85	0.218	0.315	-0.294	0.535	0.151	-0.427	
8.90	0.204	0.322	-0.270	0.986	0.128	-0.468	
8.95	0.189	0.328	-0.197	1.414	0.105	-0.511	
9.00	0.183	0.333	-0.102	1.331	0.078	-0.556	
9.05	0.181	0.336	-0.045	0.870	0.048	-0.574	
9.10	0.180	0.338	-0.021	0.470	0.020	-0.577	
9.15	0.179	0.338	-0.009	0.267	-0.010	-0.575	
9.20	0.179	0.337	0.006	0.107	-0.039	-0.549	
9.25	0.181	0.334	0.001	-0.007	-0.065	-0.527	
9.30	0.179	0.330	-0.005	0.080	-0.092	-0.504	
9.35	0.179	0.325	0.008	0.224	-0.116	-0.458	
9.40	0.181	0.318	0.012	0.506	-0.137	-0.407	
9.45	0.179	0.311	0.048	0.986	-0.158	-0.342	
9.50	0.184	0.303	0.115	1.358	-0.173	-0.250	
9.55	0.190	0.293	0.201	1.366	-0.182	-0.166	
9.60	0.205	0.284	0.273	0.936	-0.189	-0.094	
9.65	0.219	0.274	0.295	0.460	-0.192	-0.004	
9.70	0.234	0.265	0.307	0.200	-0.190	0.088	
9.75	0.250	0.255	0.310	0.059	-0.183	0.175	
9.80	0.266	0.246	0.310	-0.020	-0.172	0.266	
9.85	0.281	0.238	0.312	-0.164	-0.156	0.341	
9.90	0.298	0.231	0.299	-0.394	-0.138	0.402	
9.95	0.312	0.224	0.269	-0.560	-0.116	0.465	
10.00	0.324	0.219	0.238	-0.635	-0.090	0.505	
10.05	0.335	0.215	0.205	-0.688	-0.065	0.523	
10.10	0.345	0.212	0.170	-0.745	-0.038	0.538	
10.15	0.353	0.211	0.131	-0.804	-0.010	0.546	
10.20	0.358	0.211	0.088	-0.840	0.017	0.551	
10.25	0.361	0.213	0.046	-0.858	0.046	0.531	
10.30	0.363	0.216	0.002	-0.875	0.071	0.484	
10.35	0.362	0.220	-0.042	-0.873	0.094	0.436	
10.40	0.358	0.226	-0.086	-0.840	0.115	0.377	
10.45	0.353	0.232	-0.127	-0.786	0.131	0.323	
10.50	0.346	0.239	-0.165	-0.731	0.148	0.271	
10.55	0.336	0.247	-0.200	-0.688	0.160	0.190	
10.60	0.326	0.255	-0.232	-0.652	0.166	0.111	
10.65	0.314	0.263	-0.269	-0.533	0.171	0.038	
10.70	0.298	0.272	-0.292	-0.298	0.170	-0.036	
10.75	0.283	0.281	-0.295	-0.124	0.166	-0.096	
10.80	0.269	0.289	-0.299	-0.048	0.161	-0.163	
10.85	0.253	0.297	-0.300	0.020	0.151	-0.252	
10.90	0.238	0.304	-0.298	0.121	0.135	-0.331	
10.95	0.224	0.310	-0.295	0.377	0.117	-0.390	
11.00	0.208	0.316	-0.270	0.812	0.096	-0.445	
11.05	0.195	0.320	-0.210	1.169	0.072	-0.483	
11.10	0.187	0.323	-0.141	1.273	0.047	-0.504	
11.15	0.181	0.325	-0.072	1.105	0.021	-0.508	
11.20	0.180	0.325	-0.019	0.690	-0.004	-0.490	
11.25	0.181	0.324	-0.002	0.262	-0.028	-0.462	
11.30	0.181	0.322	-0.005	0.070	-0.051	-0.431	
11.35	0.180	0.319	-0.003	0.063	-0.071	-0.401	
11.40	0.180	0.315	0.000	0.125	-0.091	-0.373	
11.45	0.180	0.310	0.007	0.270	-0.109	-0.338	
11.50	0.181	0.304	0.021	0.541	-0.125	-0.287	
11.55	0.181	0.298	0.057	0.882	-0.138	-0.228	
11.60	0.186	0.290	0.110	1.177	-0.148	-0.167	
11.65	0.191	0.283	0.186	1.224	-0.155	-0.101	
11.70	0.205	0.275	0.252	0.873	-0.159	-0.025	
11.75	0.218	0.267	0.274	0.470	-0.157	0.048	
11.80	0.232	0.259	0.289	0.236	-0.153	0.112	
11.85	0.247	0.251	0.295	0.081	-0.147	0.188	
11.90	0.262	0.244	0.296	-0.020	-0.135	0.262	
11.95	0.277	0.238	0.292	-0.108	-0.120	0.326	
12.00	0.291	0.232	0.289	-0.269	-0.101	0.372	
12.05	0.307	0.227	0.269	-0.500	-0.082	0.406	
12.10	0.319	0.224	0.233	-0.634	-0.061	0.450	
12.15	0.330	0.221	0.201	-0.668	-0.037	0.491	
12.20	0.339	0.220	0.168	-0.706	-0.011	0.505	
12.25	0.347	0.220	0.131	-0.753	0.014	0.498	
12.30	0.352	0.221	0.092	-0.795	0.040	0.472	
12.35	0.356	0.224	0.051	-0.822	0.062	0.428	
12.40	0.357	0.228	0.009	-0.829	0.082	0.386	
12.45	0.357	0.232	-0.032	-0.820	0.102	0.321	
12.50	0.354	0.238	-0.073	-0.796	0.115	0.239	
12.55	0.349	0.244	-0.113	-0.748	0.124	0.197	
12.60	0.343	0.250	-0.149	-0.684	0.135	0.153	
12.65	0.334	0.258	-0.181	-0.634	0.141	0.084	
12.70	0.324	0.265	-0.211	-0.602	0.143	0.021	
12.75	0.313	0.272	-0.241	-0.556	0.142	-0.028	
12.80	0.301	0.279	-0.272	-0.403	0.139	-0.066	
12.85	0.285	0.286	-0.286	-0.160	0.136	-0.125	
12.90	0.271	0.293	-0.283	-0.010	0.128	-0.208	
12.95	0.257	0.299	-0.282	0.052	0.115	-0.278	
13.00	0.243	0.304	-0.280	0.129	0.099	-0.314	
13.05	0.229	0.309	-0.271	0.248	0.083	-0.326	
13.10	0.216	0.313	-0.256	0.425	0.067	-0.351	
13.15	0.203	0.316	-0.237	0.758	0.048	-0.382	
13.20	0.190	0.317	-0.184	1.122	0.028	-0.407	
13.25	0.184	0.318	-0.111	1.193	0.007	-0.421	
13.30	0.180	0.318	-0.048	0.912	-0.015	-0.418	
13.35	0.180	0.317	-0.012	0.469	-0.035	-0.409	
13.40	0.180	0.315	-0.011	0.202	-0.056	-0.389	
13.45	0.179	0.311	-0.005	0.190	-0.075	-0.344	
13.50	0.179	0.307	0.010	0.196	-0.090	-0.296	
13.55	0.181	0.302	0.017	0.218	-0.104	-0.258	
13.60	0.181	0.297	0.020	0.481	-0.116	-0.217	
13.65	0.181	0.291	0.055	0.906	-0.127	-0.160	
13.70	0.185	0.284	0.117	1.177	-0.133	-0.086	
13.75	0.192	0.277	0.190	1.092	-0.134	-0.028	
13.80	0.205	0.270	0.241	0.714	-0.135	0.021	
13.85	0.218	0.263	0.257	0.393	-0.133	0.079	
13.90	0.231	0.257	0.271	0.236	-0.128	0.135	
13.95	0.245	0.250	0.279	0.132	-0.120	0.195	
14.00	0.259	0.245	0.284	0.039	-0.107	0.238	
14.05	0.273	0.240	0.287	-0.117	-0.095	0.274	
14.10	0.288	0.235	0.275	-0.324	-0.081	0.328	
14.15	0.301	0.231	0.251	-0.469	-0.062	0.371	
14.20	0.314	0.229	0.224	-0.538	-0.042	0.383	
14.25	0.324	0.227	0.196	-0.586	-0.024	0.398	
14.30	0.333	0.226	0.166	-0.643	-0.003	0.418	
14.35	0.341	0.227	0.133	-0.708	0.019	0.419	
14.40	0.347	0.228	0.096	-0.766	0.040	0.394	
14.45	0.351	0.231	0.054	-0.790	0.059	0.349	
14.50	0.352	0.234	0.015	-0.776	0.075	0.302	
14.55	0.352	0.239	-0.023	-0.763	0.089	0.253	
14.60	0.350	0.243	-0.061	-0.746	0.100	0.210	
14.65	0.346	0.249	-0.099	-0.710	0.110	0.168	
14.70	0.340	0.255	-0.133	-0.653	0.117	0.113	
14.75	0.332	0.260	-0.164	-0.594	0.122	0.053	
14.80	0.323	0.267	-0.192	-0.542	0.122	-0.006	
14.85	0.313	0.273	-0.219	-0.480	0.120	-0.049	
14.90	0.301	0.279	-0.241	-0.401	0.118	-0.096	
14.95	0.289	0.285	-0.257	-0.329	0.111	-0.145	
15.00	0.276	0.290	-0.277	-0.190	0.103	-0.183	
15.05	0.260	0.295	-0.282	0.038	0.093	-0.220	
15.10	0.247	0.299	-0.269	0.198	0.080	-0.252	
15.15	0.233	0.303	-0.258	0.285	0.067	-0.275	
15.20	0.221	0.306	-0.242	0.383	0.053	-0.304	
15.25	0.209	0.309	-0.222	0.526	0.037	-0.335	
15.30	0.198	0.310	-0.192	0.728	0.019	-0.344	
15.35	0.189	0.310	-0.149	0.919	0.002	-0.347	
15.40	0.183	0.310	-0.094	0.963	-0.016	-0.350	
15.45	0.180	0.309	-0.043	0.794	-0.034	-0.327	
15.50	0.179	0.307	-0.006	0.461	-0.049	-0.294	
15.55	0.181	0.304	0.002	0.161	-0.063	-0.274	
15.60	0.180	0.300	-0.006	0.167	-0.077	-0.251	
15.65	0.179	0.296	0.004	0.471	-0.089	-0.206	
15.70	0.179	0.291	0.045	0.742	-0.097	-0.156	
15.75	0.184	0.286	0.087	0.853	-0.104	-0.112	
15.80	0.188	0.281	0.132	0.891	-0.109	-0.068	
15.85	0.197	0.275	0.183	0.778	-0.111	-0.023	
15.90	0.207	0.270	0.215	0.554	-0.111	0.021	
15.95	0.219	0.264	0.235	0.374	-0.109	0.073	
16.00	0.231	0.259	0.249	0.266	-0.103	0.116	
16.05	0.244	0.254	0.261	0.178	-0.097	0.143	
16.10	0.257	0.249	0.267	0.073	-0.090	0.193	
16.15	0.270	0.245	0.271	-0.077	-0.078	0.260	
16.20	0.285	0.241	0.262	-0.270	-0.062	0.297	
16.25	0.297	0.238	0.241	-0.420	-0.047	0.300	
16.30	0.309	0.236	0.217	-0.517	-0.032	0.302	
16.35	0.319	0.235	0.188	-0.579	-0.018	0.319	
16.40	0.328	0.234	0.159	-0.617	-0.001	0.339	
16.45	0.335	0.235	0.127	-0.651	0.018	0.334	
16.50	0.340	0.236	0.094	-0.684	0.034	0.307	
16.55	0.344	0.238	0.059	-0.720	0.048	0.284	
16.60	0.346	0.241	0.021	-0.740	0.062	0.262	
16.65	0.346	0.245	-0.017	-0.735	0.075	0.230	
16.70	0.345	0.249	-0.053	-0.720	0.086	0.176	
16.75	0.341	0.253	-0.089	-0.696	0.093	0.116	
16.80	0.336	0.258	-0.123	-0.656	0.096	0.073	
16.85	0.329	0.263	-0.156	-0.586	0.099	0.043	
16.90	0.320	0.268	-0.182	-0.511	0.101	0.001	
16.95	0.310	0.273	-0.205	-0.466	0.100	-0.050	
17.00	0.299	0.278	-0.229	-0.412	0.096	-0.092	
17.05	0.288	0.283	-0.251	-0.276	0.090	-0.128	
17.10	0.274	0.287	-0.260	-0.080	0.083	-0.164	
17.15	0.261	0.291	-0.255	0.058	0.074	-0.200	
17.20	0.248	0.295	-0.251	0.134	0.062	-0.224	
17.25	0.236	0.297	-0.242	0.202	0.051	-0.238	
17.30	0.224	0.300	-0.231	0.281	0.039	-0.263	
17.35	0.213	0.301	-0.215	0.399	0.025	-0.282	
17.40	0.203	0.302	-0.197	0.619	0.010	-0.285	
17.45	0.192	0.303	-0.154	0.839	-0.004	-0.284	
17.50	0.187	0.302	-0.102	0.842	-0.018	-0.270	
17.55	0.182	0.301	-0.062	0.678	-0.032	-0.237	
17.60	0.181	0.299	-0.035	0.523	-0.042	-0.212	
17.65	0.179	0.297	-0.016	0.476	-0.052	-0.209	
17.70	0.179	0.293	0.011	0.470	-0.063	-0.198	
17.75	0.180	0.290	0.035	0.435	-0.073	-0.169	
17.80	0.183	0.286	0.050	0.496	-0.081	-0.124	
17.85	0.185	0.282	0.073	0.745	-0.085	-0.083	
17.90	0.189	0.278	0.126	0.948	-0.089	-0.043	
17.95	0.197	0.273	0.186	0.815	-0.090	0.005	
18.00	0.209	0.269	0.217	0.487	-0.087	0.032	
18.05	0.220	0.264	0.227	0.272	-0.087	0.063	
18.10	0.232	0.260	0.238	0.190	-0.082	0.106	
18.15	0.244	0.256	0.246	0.138	-0.075	0.133	
18.20	0.256	0.252	0.252	0.076	-0.069	0.177	
18.25	0.269	0.249	0.257	-0.060	-0.058	0.234	
18.30	0.283	0.246	0.249	-0.251	-0.044	0.255	
18.35	0.294	0.245	0.229	-0.388	-0.031	0.247	
18.40	0.305	0.243	0.208	-0.479	-0.019	0.237	
18.45	0.315	0.243	0.180	-0.543	-0.009	0.245	
18.50	0.323	0.242	0.152	-0.580	0.005	0.259	
18.55	0.330	0.243	0.122	-0.616	0.018	0.257	
18.60	0.336	0.244	0.091	-0.652	0.030	0.253	
18.65	0.340	0.246	0.057	-0.686	0.044	0.230	
18.70	0.342	0.249	0.022	-0.711	0.054	0.191	
18.75	0.342	0.252	-0.015	-0.712	0.063	0.158	
18.80	0.340	0.255	-0.051	-0.686	0.070	0.129	
18.85	0.337	0.259	-0.084	-0.639	0.076	0.102	
18.90	0.332	0.263	-0.115	-0.582	0.081	0.063	
18.95	0.325	0.267	-0.142	-0.536	0.083	0.012	
19.00	0.317	0.271	-0.168	-0.508	0.081	-0.026	
19.05	0.308	0.275	-0.193	-0.475	0.080	-0.056	
19.10	0.298	0.279	-0.216	-0.420	0.076	-0.091	
19.15	0.287	0.283	-0.239	-0.289	0.070	-0.116	
19.20	0.273	0.286	-0.248	-0.092	0.065	-0.148	
19.25	0.261	0.289	-0.245	0.058	0.056	-0.192	
19.30	0.249	0.292	-0.240	0.151	0.045	-0.218	
19.35	0.237	0.294	-0.229	0.203	0.033	-0.231	
19.40	0.226	0.295	-0.218	0.244	0.021	-0.227	
19.45	0.215	0.296	-0.205	0.329	0.011	-0.224	
19.50	0.206	0.296	-0.191	0.516	-0.001	-0.232	
19.55	0.195	0.296	-0.159	0.786	-0.014	-0.218	
19.60	0.188	0.295	-0.103	0.878	-0.023	-0.192	
19.65	0.186	0.293	-0.060	0.740	-0.032	-0.182	
19.70	0.183	0.292	-0.029	0.567	-0.041	-0.178	
19.75	0.183	0.289	-0.004	0.415	-0.050	-0.158	
19.80	0.183	0.286	0.009	0.367	-0.058	-0.126	
19.85	0.184	0.283	0.024	0.494	-0.063	-0.096	
19.90	0.185	0.280	0.054	0.694	-0.067	-0.072	
19.95	0.189	0.277	0.100	0.767	-0.070	-0.048	
20.00	0.195	0.273	0.139	0.680	-0.072	-0.013	
20.05	0.203	0.269	0.169	0.548	-0.071	0.026	
20.10	0.212	0.266	0.193	0.419	-0.069	0.056	
20.15	0.222	0.262	0.210	0.316	-0.066	0.095	
20.20	0.233	0.259	0.223	0.240	-0.060	0.135	
20.25	0.245	0.256	0.234	0.169	-0.052	0.153	
20.30	0.257	0.254	0.240	0.091	-0.044	0.164	
20.35	0.269	0.252	0.246	-0.056	-0.035	0.169	
20.40	0.282	0.250	0.238	-0.258	-0.028	0.184	
20.45	0.293	0.249	0.216	-0.386	-0.017	0.206	
20.50	0.304	0.249	0.196	-0.449	-0.006	0.217	
20.55	0.313	0.248	0.172	-0.504	0.005	0.218	
20.60	0.321	0.249	0.145	-0.552	0.016	0.205	
20.65	0.327	0.250	0.116	-0.594	0.025	0.195	
20.70	0.333	0.252	0.086	-0.636	0.035	0.182	
20.75	0.336	0.254	0.052	-0.671	0.044	0.149	
20.80	0.338	0.256	0.018	-0.681	0.050	0.119	
20.85	0.338	0.259	-0.017	-0.669	0.056	0.096	
20.90	0.336	0.262	-0.050	-0.646	0.060	0.074	
20.95	0.333	0.265	-0.082	-0.614	0.063	0.053	
21.00	0.328	0.268	-0.112	-0.568	0.066	0.021	
21.05	0.322	0.271	-0.138	-0.518	0.065	-0.016	
21.10	0.314	0.275	-0.163	-0.465	0.065	-0.060	
21.15	0.305	0.278	-0.185	-0.406	0.059	-0.101	
21.20	0.295	0.281	-0.204	-0.343	0.053	-0.112	
21.25	0.285	0.283	-0.219	-0.283	0.048	-0.118	
21.30	0.274	0.286	-0.236	-0.159	0.042	-0.147	
21.35	0.260	0.288	-0.239	0.043	0.033	-0.181	
21.40	0.249	0.289	-0.228	0.184	0.023	-0.182	
21.45	0.238	0.290	-0.216	0.238	0.015	-0.175	
21.50	0.227	0.291	-0.204	0.280	0.006	-0.186	
21.55	0.217	0.290	-0.190	0.355	-0.004	-0.196	
21.60	0.208	0.290	-0.169	0.457	-0.014	-0.194	
21.65	0.200	0.289	-0.144	0.542	-0.025	-0.164	
21.70	0.194	0.287	-0.115	0.616	-0.030	-0.134	
21.75	0.188	0.286	-0.081	0.653	-0.037	-0.120	
21.80	0.186	0.284	-0.046	0.612	-0.043	-0.101	
21.85	0.184	0.282	-0.018	0.545	-0.047	-0.081	
21.90	0.184	0.279	0.008	0.505	-0.051	-0.059	
21.95	0.185	0.277	0.027	0.574	-0.053	-0.046	
22.00	0.186	0.274	0.059	0.739	-0.056	-0.022	
22.05	0.190	0.271	0.106	0.797	-0.055	0.008	
22.10	0.197	0.268	0.149	0.661	-0.054	0.027	
22.15	0.206	0.265	0.176	0.444	-0.053	0.050	
22.20	0.215	0.263	0.189	0.304	-0.050	0.074	
22.25	0.225	0.260	0.203	0.234	-0.046	0.109	
22.30	0.235	0.258	0.213	0.166	-0.038	0.135	
22.35	0.246	0.257	0.220	0.094	-0.031	0.142	
22.40	0.257	0.255	0.222	0.022	-0.025	0.155	
22.45	0.269	0.254	0.221	-0.034	-0.016	0.174	
22.50	0.280	0.253	0.218	-0.084	-0.006	0.177	
22.55	0.290	0.253	0.217	-0.224	0.002	0.171	
22.60	0.302	0.253	0.200	-0.440	0.010	0.173	
22.65	0.311	0.254	0.167	-0.550	0.020	0.156	
22.70	0.318	0.256	0.140	-0.570	0.027	0.122	
22.75	0.325	0.257	0.112	-0.597	0.031	0.105	
22.80	0.330	0.259	0.081	-0.629	0.036	0.100	
22.85	0.333	0.261	0.048	-0.649	0.042	0.088	
22.90	0.335	0.263	0.015	-0.642	0.046	0.065	
22.95	0.335	0.265	-0.016	-0.631	0.048	0.044	
23.00	0.333	0.268	-0.048	-0.621	0.050	0.020	
23.05	0.330	0.270	-0.079	-0.593	0.050	-0.003	
23.10	0.325	0.273	-0.108	-0.555	0.050	-0.029	
23.15	0.319	0.276	-0.135	-0.512	0.048	-0.060	
23.20	0.311	0.278	-0.159	-0.460	0.044	-0.083	
23.25	0.303	0.280	-0.181	-0.404	0.040	-0.114	
23.30	0.293	0.282	-0.199	-0.346	0.032	-0.134	
23.35	0.283	0.283	-0.218	-0.229	0.024	-0.118	
23.40	0.271	0.284	-0.225	-0.052	0.021	-0.114	
23.45	0.260	0.285	-0.220	0.062	0.014	-0.136	
23.50	0.249	0.286	-0.216	0.121	0.006	-0.149	
23.55	0.238	0.286	-0.209	0.179	-0.000	-0.159	
23.60	0.228	0.286	-0.198	0.232	-0.010	-0.158	
23.65	0.218	0.285	-0.185	0.279	-0.018	-0.116	
23.70	0.210	0.284	-0.174	0.391	-0.021	-0.089	
23.75	0.200	0.283	-0.150	0.581	-0.025	-0.099	
23.80	0.194	0.281	-0.112	0.710	-0.031	-0.096	
23.85	0.189	0.280	-0.075	0.741	-0.036	-0.077	
23.90	0.186	0.278	-0.032	0.644	-0.039	-0.055	
23.95	0.187	0.276	-0.005	0.476	-0.041	-0.035	
24.00	0.187	0.274	0.005	0.500	-0.042	-0.018	
24.05	0.186	0.271	0.034	0.695	-0.043	0.000	
24.10	0.189	0.269	0.085	0.718	-0.042	0.021	
24.15	0.196	0.267	0.116	0.554	-0.041	0.051	
24.20	0.201	0.265	0.135	0.449	-0.037	0.071	
24.25	0.209	0.263	0.158	0.403	-0.034	0.080	
24.30	0.217	0.262	0.177	0.335	-0.029	0.090	
24.35	0.227	0.261	0.192	0.267	-0.024	0.096	
24.40	0.236	0.259	0.203	0.213	-0.020	0.110	
24.45	0.247	0.258	0.213	0.156	-0.014	0.128	
24.50	0.258	0.258	0.218	0.092	-0.007	0.145	
24.55	0.269	0.258	0.226	-0.044	0.002	0.138	
24.60	0.281	0.258	0.218	-0.246	0.008	0.105	
24.65	0.291	0.259	0.197	-0.367	0.011	0.094	
24.70	0.301	0.259	0.178	-0.415	0.016	0.114	
24.75	0.309	0.260	0.156	-0.464	0.023	0.121	
24.80	0.316	0.262	0.131	-0.512	0.030	0.088	
24.85	0.322	0.263	0.104	-0.552	0.032	0.053	
24.90	0.327	0.265	0.076	-0.584	0.034	0.046	
24.95	0.330	0.267	0.045	-0.603	0.036	0.047	
25.00	0.331	0.268	0.015	-0.609	0.040	0.026	
25.05	0.332	0.271	-0.016	-0.610	0.040	-0.012	
25.10	0.330	0.273	-0.047	-0.594	0.038	-0.039	
25.15	0.327	0.274	-0.076	-0.567	0.035	-0.048	
25.20	0.322	0.276	-0.104	-0.532	0.033	-0.062	
25.25	0.316	0.278	-0.130	-0.478	0.030	-0.086	
25.30	0.309	0.279	-0.151	-0.433	0.024	-0.097	
25.35	0.301	0.280	-0.172	-0.397	0.020	-0.102	
25.40	0.292	0.281	-0.191	-0.343	0.014	-0.118	
25.45	0.282	0.282	-0.210	-0.227	0.007	-0.116	
25.50	0.270	0.282	-0.218	-0.047	0.002	-0.110	
25.55	0.260	0.282	-0.212	0.086	-0.004	-0.110	
25.60	0.249	0.281	-0.205	0.141	-0.009	-0.097	
25.65	0.239	0.281	-0.198	0.187	-0.013	-0.080	
25.70	0.229	0.280	-0.188	0.256	-0.017	-0.070	
25.75	0.220	0.279	-0.172	0.326	-0.020	-0.068	
25.80	0.212	0.278	-0.154	0.375	-0.024	-0.055	
25.85	0.205	0.277	-0.134	0.420	-0.026	-0.027	
25.90	0.199	0.275	-0.116	0.537	-0.026	-0.016	
25.95	0.192	0.274	-0.084	0.704	-0.027	-0.024	
26.00	0.190	0.273	-0.036	0.698	-0.029	-0.026	
26.05	0.190	0.271	-0.006	0.549	-0.031	-0.003	
26.10	0.190	0.269	0.008	0.566	-0.029	0.024	
26.15	0.189	0.268	0.046	0.657	-0.028	0.039	
26.20	0.194	0.267	0.084	0.587	-0.026	0.058	
26.25	0.199	0.265	0.106	0.493	-0.021	0.068	
26.30	0.205	0.265	0.130	0.447	-0.018	0.058	
26.35	0.212	0.264	0.151	0.393	-0.016	0.058	
26.40	0.220	0.263	0.170	0.332	-0.013	0.067	
26.45	0.229	0.263	0.184	0.263	-0.010	0.080	
26.50	0.239	0.262	0.196	0.197	-0.005	0.103	
26.55	0.249	0.262	0.205	0.118	0.002	0.105	
26.60	0.259	0.262	0.207	0.039	0.006	0.087	
26.65	0.269	0.263	0.210	-0.068	0.010	0.081	
26.70	0.281	0.263	0.203	-0.223	0.014	0.075	
26.75	0.290	0.264	0.185	-0.330	0.017	0.066	
26.80	0.299	0.265	0.167	-0.383	0.021	0.056	
26.85	0.307	0.266	0.147	-0.435	0.024	0.032	
26.90	0.314	0.267	0.124	-0.487	0.024	0.013	
26.95	0.320	0.269	0.098	-0.525	0.024	0.017	
27.00	0.324	0.270	0.071	-0.552	0.026	0.022	
27.05	0.327	0.271	0.043	-0.576	0.027	0.002	
27.10	0.328	0.273	0.013	-0.591	0.026	-0.020	
27.15	0.328	0.274	-0.017	-0.592	0.024	-0.029	
27.20	0.326	0.275	-0.047	-0.571	0.023	-0.042	
27.25	0.323	0.276	-0.075	-0.536	0.021	-0.065	
27.30	0.319	0.277	-0.101	-0.500	0.016	-0.078	
27.35	0.313	0.278	-0.124	-0.471	0.012	-0.078	
27.40	0.306	0.278	-0.147	-0.444	0.009	-0.086	
27.45	0.298	0.279	-0.169	-0.408	0.004	-0.093	
27.50	0.290	0.279	-0.192	-0.294	-0.001	-0.088	
27.55	0.279	0.279	-0.202	-0.114	-0.005	-0.086	
27.60	0.269	0.278	-0.200	0.001	-0.010	-0.078	
27.65	0.259	0.277	-0.199	0.061	-0.014	-0.048	
27.70	0.249	0.277	-0.194	0.120	-0.014	-0.026	
27.75	0.239	0.276	-0.187	0.174	-0.015	-0.020	
27.80	0.230	0.275	-0.177	0.235	-0.016	-0.023	
27.85	0.221	0.275	-0.164	0.302	-0.017	-0.027	
27.90	0.214	0.274	-0.146	0.351	-0.019	-0.018	
27.95	0.207	0.273	-0.127	0.376	-0.019	-0.008	
28.00	0.201	0.272	-0.111	0.454	-0.020	-0.005	
28.05	0.195	0.271	-0.085	0.592	-0.021	0.012	
28.10	0.192	0.269	-0.048	0.658	-0.019	0.032	
28.15	0.191	0.269	-0.015	0.651	-0.016	0.034	
28.20	0.191	0.268	0.016	0.648	-0.015	0.034	
28.25	0.192	0.267	0.048	0.663	-0.013	0.043	
28.30	0.195	0.267	0.086	0.603	-0.011	0.054	
28.35	0.202	0.266	0.113	0.452	-0.007	0.055	
28.40	0.207	0.266	0.127	0.364	-0.005	0.042	
28.45	0.214	0.266	0.146	0.336	-0.004	0.046	
28.50	0.222	0.265	0.163	0.289	-0.002	0.071	
28.55	0.230	0.265	0.176	0.232	0.004	0.077	
28.60	0.239	0.266	0.186	0.169	0.008	0.049	
28.65	0.249	0.266	0.193	0.100	0.008	0.032	
28.70	0.259	0.267	0.196	0.032	0.010	0.034	
28.75	0.269	0.267	0.195	-0.020	0.012	0.033	
28.80	0.278	0.268	0.196	-0.123	0.014	0.031	
28.85	0.289	0.269	0.186	-0.290	0.015	0.024	
28.90	0.297	0.269	0.164	-0.404	0.016	0.019	
28.95	0.305	0.270	0.143	-0.456	0.017	0.007	
29.00	0.312	0.271	0.118	-0.490	0.016	-0.002	
29.05	0.317	0.272	0.094	-0.518	0.017	-0.008	
29.10	0.321	0.273	0.067	-0.553	0.016	-0.028	
29.15	0.324	0.274	0.038	-0.574	0.014	-0.051	
29.20	0.325	0.274	0.008	-0.565	0.011	-0.059	
29.25	0.325	0.275	-0.019	-0.546	0.007	-0.042	
29.30	0.323	0.275	-0.046	-0.528	0.007	-0.035	
29.35	0.320	0.275	-0.072	-0.500	0.004	-0.040	
29.40	0.316	0.275	-0.096	-0.468	0.003	-0.047	
29.45	0.310	0.276	-0.119	-0.431	0.000	-0.063	
29.50	0.304	0.275	-0.140	-0.382	-0.005	-0.056	
29.55	0.296	0.275	-0.157	-0.338	-0.006	-0.036	
29.60	0.288	0.275	-0.172	-0.309	-0.007	-0.038	
29.65	0.279	0.275	-0.192	-0.208	-0.010	-0.043	
29.70	0.268	0.274	-0.198	-0.020	-0.012	-0.026	
29.75	0.259	0.273	-0.189	0.089	-0.012	-0.009	
29.80	0.250	0.273	-0.185	0.122	-0.013	0.003	
29.85	0.240	0.272	-0.179	0.176	-0.012	0.010	
29.90	0.231	0.271	-0.168	0.247	-0.011	0.003	
29.95	0.223	0.271	-0.154	0.312	-0.012	0.000	
30.00	0.216	0.270	-0.137	0.366	-0.012	0.015	
30.05	0.209	0.269	-0.117	0.407	-0.010	0.029	
30.10	0.204	0.269	-0.095	0.427	-0.008	0.025	
30.15	0.200	0.269	-0.078	0.513	-0.008	0.024	
30.20	0.196	0.268	-0.044	0.610	-0.007	0.039	
30.25	0.196	0.268	-0.013	0.631	-0.003	0.038	
30.30	0.194	0.268	0.020	0.628	-0.002	0.018	
30.35	0.198	0.268	0.055	0.530	-0.003	0.024	
30.40	0.201	0.268	0.072	0.441	-0.001	0.048	
30.45	0.205	0.268	0.095	0.427	0.004	0.044	
30.50	0.210	0.268	0.116	0.403	0.005	0.019	
30.55	0.216	0.268	0.136	0.363	0.004	0.018	
30.60	0.224	0.268	0.153	0.305	0.006	0.035	
30.65	0.232	0.269	0.166	0.245	0.009	0.021	
30.70	0.240	0.269	0.178	0.175	0.008	0.007	
30.75	0.250	0.270	0.184	0.095	0.009	0.009	
30.80	0.259	0.270	0.186	0.030	0.010	0.006	
30.85	0.269	0.271	0.186	-0.020	0.009	0.006	
30.90	0.277	0.271	0.188	-0.128	0.010	0.004	
30.95	0.288	0.272	0.177	-0.299	0.010	-0.005	
31.00	0.296	0.272	0.154	-0.401	0.010	-0.019	
31.05	0.303	0.273	0.133	-0.431	0.008	-0.032	
31.10	0.309	0.273	0.111	-0.457	0.006	-0.033	
31.15	0.314	0.273	0.088	-0.487	0.005	-0.030	
31.20	0.318	0.274	0.063	-0.519	0.003	-0.030	
31.25	0.321	0.274	0.035	-0.529	0.001	-0.022	
31.30	0.322	0.274	0.009	-0.524	0.001	-0.022	
31.35	0.321	0.274	-0.017	-0.518	0.000	-0.041	
31.40	0.320	0.274	-0.043	-0.513	-0.003	-0.050	
31.45	0.317	0.273	-0.068	-0.511	-0.007	-0.027	
31.50	0.313	0.273	-0.094	-0.497	-0.006	-0.001	
31.55	0.308	0.273	-0.119	-0.466	-0.005	-0.006	
31.60	0.301	0.273	-0.145	-0.363	-0.006	-0.022	
31.65	0.292	0.272	-0.155	-0.258	-0.009	-0.014	
31.70	0.286	0.271	-0.166	-0.222	-0.009	0.012	
31.75	0.276	0.271	-0.181	-0.122	-0.006	0.014	
31.80	0.267	0.271	-0.179	-0.008	-0.007	0.001	
31.85	0.258	0.270	-0.178	0.048	-0.007	0.008	
31.90	0.249	0.270	-0.175	0.106	-0.005	0.010	
31.95	0.240	0.270	-0.168	0.171	-0.006	0.011	
32.00	0.232	0.270	-0.158	0.241	-0.005	0.030	
32.05	0.224	0.269	-0.144	0.308	-0.002	0.030	
32.10	0.218	0.270	-0.127	0.360	-0.002	0.017	
32.15	0.212	0.269	-0.107	0.392	-0.001	0.018	
32.20	0.207	0.269	-0.087	0.419	0.000	0.017	
32.25	0.203	0.269	-0.065	0.434	0.000	0.025	
32.30	0.201	0.269	-0.046	0.496	0.003	0.034	
32.35	0.198	0.270	-0.014	0.554	0.005	0.024	
32.40	0.200	0.270	0.012	0.553	0.005	0.012	
32.45	0.199	0.270	0.036	0.621	0.006	-0.002	
32.50	0.202	0.270	0.079	0.595	0.004	-0.004	
32.55	0.208	0.271	0.104	0.409	0.005	0.003	
32.60	0.213	0.271	0.115	0.308	0.005	0.003	
32.65	0.219	0.271	0.130	0.301	0.005	0.002	
32.70	0.226	0.271	0.147	0.272	0.006	-0.006	
32.75	0.234	0.272	0.159	0.207	0.004	-0.007	
32.80	0.242	0.272	0.167	0.139	0.004	0.003	
32.85	0.251	0.272	0.172	0.087	0.006	-0.002	
32.90	0.259	0.273	0.176	0.041	0.005	-0.016	
32.95	0.268	0.273	0.176	-0.007	0.003	-0.017	
33.00	0.277	0.273	0.178	-0.119	0.003	-0.018	
33.05	0.287	0.273	0.167	-0.290	0.002	-0.033	
33.10	0.294	0.273	0.145	-0.377	-0.001	-0.038	
33.15	0.301	0.273	0.127	-0.404	-0.003	-0.024	
33.20	0.307	0.273	0.105	-0.431	-0.003	-0.009	
33.25	0.311	0.273	0.083	-0.453	-0.003	-0.003	
33.30	0.315	0.272	0.060	-0.484	-0.003	-0.011	
33.35	0.318	0.272	0.034	-0.498	-0.004	-0.016	
33.40	0.319	0.272	0.010	-0.500	-0.005	-0.008	
33.45	0.319	0.272	-0.015	-0.509	-0.005	-0.001	
33.50	0.317	0.271	-0.042	-0.493	-0.005	0.011	
33.55	0.314	0.271	-0.066	-0.455	-0.003	0.009	
33.60	0.311	0.271	-0.087	-0.440	-0.004	-0.002	
33.65	0.306	0.271	-0.109	-0.433	-0.005	0.011	
33.70	0.300	0.270	-0.130	-0.413	-0.003	0.026	
33.75	0.293	0.270	-0.154	-0.316	-0.001	0.012	
33.80	0.283	0.271	-0.165	-0.149	-0.002	-0.004	
33.85	0.276	0.270	-0.165	-0.058	-0.003	0.011	
33.90	0.267	0.270	-0.168	-0.025	-0.001	0.025	
33.95	0.259	0.270	-0.169	0.024	0.001	0.016	
34.00	0.250	0.270	-0.167	0.084	0.001	0.004	
34.05	0.242	0.270	-0.161	0.156	0.001	0.003	
34.10	0.234	0.270	-0.150	0.216	0.001	0.014	
34.15	0.227	0.270	-0.138	0.255	0.003	0.015	
34.20	0.220	0.271	-0.126	0.300	0.003	0.008	
34.25	0.214	0.271	-0.108	0.352	0.003	0.013	
34.30	0.209	0.271	-0.088	0.380	0.004	0.019	
34.35	0.206	0.271	-0.074	0.478	0.006	0.007	
34.40	0.201	0.271	-0.046	0.654	0.005	-0.018	
34.45	0.200	0.272	0.001	0.655	0.003	-0.022	
34.50	0.202	0.272	0.028	0.495	0.002	-0.000	
34.55	0.204	0.272	0.045	0.411	0.004	0.006	
34.60	0.206	0.272	0.065	0.405	0.003	-0.007	
34.65	0.210	0.272	0.086	0.405	0.003	-0.017	
34.70	0.215	0.273	0.107	0.384	0.001	-0.015	
34.75	0.221	0.272	0.125	0.337	0.001	-0.002	
34.80	0.228	0.273	0.141	0.292	0.002	-0.008	
34.85	0.235	0.273	0.153	0.266	0.000	-0.019	
34.90	0.243	0.273	0.166	0.243	-0.001	-0.013	
34.95	0.251	0.272	0.183	0.124	-0.001	-0.002	
35.00	0.262	0.272	0.184	-0.086	-0.001	-0.000	
35.05	0.271	0.272	0.169	-0.212	-0.001	-0.005	
35.10	0.279	0.272	0.157	-0.232	-0.001	-0.014	
35.15	0.286	0.272	0.146	-0.244	-0.002	-0.024	
35.20	0.293	0.272	0.134	-0.280	-0.005	-0.009	
35.25	0.300	0.272	0.119	-0.332	-0.004	0.011	
35.30	0.305	0.272	0.101	-0.389	-0.002	0.011	
35.35	0.310	0.271	0.080	-0.438	-0.002	0.004	
35.40	0.314	0.271	0.056	-0.467	-0.003	0.004	
35.45	0.316	0.271	0.032	-0.481	-0.002	0.007	
35.50	0.317	0.271	0.008	-0.485	-0.001	-0.000	
35.55	0.317	0.271	-0.017	-0.477	-0.002	-0.001	
35.60	0.315	0.271	-0.040	-0.454	-0.002	0.005	
35.65	0.312	0.271	-0.062	-0.431	-0.001	0.002	
35.70	0.309	0.271	-0.083	-0.406	-0.002	0.007	
35.75	0.304	0.271	-0.103	-0.371	-0.001	0.016	
35.80	0.299	0.271	-0.121	-0.319	0.000	0.016	
35.85	0.292	0.271	-0.135	-0.263	0.001	0.016	
35.90	0.285	0.271	-0.146	-0.241	0.003	-0.000	
35.95	0.277	0.271	-0.158	-0.231	0.001	-0.013	
36.00	0.269	0.271	-0.174	-0.127	-0.000	0.004	
36.05	0.259	0.271	-0.175	0.061	0.001	0.017	
36.10	0.251	0.271	-0.163	0.167	0.003	0.011	
36.15	0.243	0.271	-0.155	0.202	0.002	0.003	
36.20	0.236	0.271	-0.143	0.237	0.003	-0.006	
36.25	0.229	0.272	-0.131	0.274	0.002	-0.019	
36.30	0.222	0.272	-0.117	0.327	-0.000	-0.015	
36.35	0.217	0.271	-0.099	0.378	0.000	-0.002	
36.40	0.212	0.272	-0.078	0.416	0.001	-0.003	
36.45	0.209	0.272	-0.056	0.442	0.000	-0.008	
36.50	0.207	0.272	-0.034	0.460	-0.001	-0.001	
36.55	0.206	0.271	-0.010	0.470	-0.000	0.005	
36.60	0.206	0.272	0.014	0.468	0.001	-0.002	
36.65	0.207	0.272	0.037	0.454	-0.001	-0.006	
36.70	0.210	0.271	0.059	0.428	-0.000	-0.004	
36.75	0.213	0.272	0.080	0.396	-0.001	-0.011	
36.80	0.218	0.271	0.099	0.356	-0.002	-0.012	
36.85	0.223	0.271	0.115	0.322	-0.002	-0.000	
36.90	0.229	0.271	0.131	0.296	-0.002	0.011	
36.95	0.236	0.271	0.146	0.249	-0.001	0.009	
37.00	0.244	0.271	0.156	0.194	-0.000	0.002	
37.05	0.252	0.271	0.170	0.067	-0.001	0.003	
37.10	0.262	0.271	0.162	-0.058	-0.000	0.008	
37.15	0.268	0.271	0.157	-0.078	0.000	0.008	
37.20	0.277	0.271	0.159	-0.163	0.000	0.006	
37.25	0.285	0.271	0.142	-0.255	0.002	-0.008	
37.30	0.291	0.271	0.129	-0.282	-0.001	-0.014	
37.35	0.297	0.271	0.115	-0.329	-0.001	-0.002	
37.40	0.303	0.271	0.097	-0.380	-0.000	0.004	
37.45	0.307	0.271	0.076	-0.411	-0.000	0.001	
37.50	0.311	0.271	0.055	-0.434	-0.000	-0.002	
37.55	0.313	0.271	0.033	-0.453	-0.001	0.004	
37.60	0.314	0.271	0.010	-0.465	0.000	0.010	
37.65	0.314	0.271	-0.014	-0.469	0.001	0.006	
37.70	0.312	0.271	-0.038	-0.451	0.000	0.005	
37.75	0.310	0.271	-0.060	-0.421	0.001	0.010	
37.80	0.306	0.271	-0.080	-0.390	0.002	0.004	
37.85	0.302	0.271	-0.099	-0.362	0.002	-0.009	
37.90	0.297	0.271	-0.116	-0.330	0.001	-0.011	
37.95	0.290	0.271	-0.131	-0.298	0.001	-0.014	
38.00	0.284	0.271	-0.150	-0.207	-0.001	-0.012	
38.05	0.274	0.271	-0.151	-0.119	-0.001	0.002	
38.10	0.269	0.271	-0.157	-0.095	-0.000	0.008	
38.15	0.259	0.271	-0.167	0.023	0.000	0.008	
38.20	0.251	0.271	-0.155	0.142	0.000	0.008	
38.25	0.244	0.271	-0.148	0.180	0.001	0.002	
38.30	0.236	0.271	-0.138	0.219	0.000	-0.005	
38.35	0.230	0.271	-0.127	0.268	0.001	-0.011	
38.40	0.223	0.272	-0.111	0.320	-0.001	-0.007	
38.45	0.218	0.271	-0.094	0.359	-0.001	0.017	
38.50	0.214	0.271	-0.075	0.399	0.002	0.019	
38.55	0.211	0.271	-0.054	0.429	0.002	-0.005	
38.60	0.209	0.272	-0.032	0.447	0.000	-0.016	
38.65	0.208	0.271	-0.009	0.463	-0.001	-0.004	
38.70	0.208	0.271	0.015	0.455	0.000	0.009	
38.75	0.209	0.271	0.037	0.431	0.001	0.006	
38.80	0.211	0.272	0.058	0.417	0.001	-0.006	
38.85	0.215	0.272	0.079	0.393	0.000	-0.011	
38.90	0.220	0.272	0.098	0.348	-0.001	-0.001	
38.95	0.225	0.271	0.114	0.298	0.000	0.009	
39.00	0.231	0.272	0.128	0.250	0.001	0.005	
39.05	0.238	0.272	0.139	0.209	0.001	-0.002	
39.10	0.245	0.272	0.148	0.181	0.001	-0.012	
39.15	0.252	0.272	0.156	0.155	-0.000	-0.022	
39.20	0.260	0.272	0.168	0.037	-0.002	-0.013	
39.25	0.270	0.271	0.164	-0.160	-0.002	0.008	
39.30	0.277	0.271	0.147	-0.263	-0.001	0.015	
39.35	0.284	0.271	0.134	-0.283	-0.000	0.008	
39.40	0.291	0.271	0.119	-0.298	-0.000	0.000	
39.45	0.296	0.271	0.103	-0.298	-0.000	-0.004	
39.50	0.301	0.271	0.090	-0.322	-0.001	-0.000	
39.55	0.306	0.271	0.073	-0.380	-0.000	0.003	
39.60	0.309	0.271	0.052	-0.423	-0.000	-0.000	
39.65	0.311	0.271	0.029	-0.437	-0.000	-0.003	
39.70	0.312	0.271	0.007	-0.436	-0.001	0.001	
39.75	0.311	0.271	-0.014	-0.433	-0.000	0.006	
39.80	0.310	0.271	-0.036	-0.428	0.000	0.005	
39.85	0.308	0.271	-0.058	-0.406	0.000	0.006	
39.90	0.304	0.271	-0.078	-0.364	0.001	0.003	
39.95	0.300	0.271	-0.095	-0.311	-0.000	0.010	
40.00	0.295	0.271	-0.108	-0.269	0.002	0.016	
40.05	0.289	0.271	-0.121	-0.244	0.003	-0.002	
40.10	0.283	0.272	-0.132	-0.220	0.001	-0.013	
40.15	0.276	0.271	-0.142	-0.196	0.001	-0.002	
40.20	0.269	0.272	-0.157	-0.087	0.001	0.004	
40.25	0.259	0.272	-0.151	0.035	0.001	0.008	
40.30	0.254	0.272	-0.148	0.069	0.002	0.002	
40.35	0.245	0.272	-0.148	0.157	0.002	-0.019	
40.40	0.238	0.272	-0.132	0.241	-0.000	-0.020	
40.45	0.232	0.272	-0.121	0.271	-0.001	-0.002	
40.50	0.226	0.272	-0.106	0.318	-0.000	0.006	
40.55	0.221	0.272	-0.089	0.355	0.001	-0.004	
40.60	0.217	0.272	-0.070	0.381	-0.000	-0.016	
40.65	0.214	0.272	-0.050	0.396	-0.002	-0.008	
40.70	0.212	0.272	-0.031	0.416	-0.002	0.005	
40.75	0.211	0.272	-0.009	0.431	-0.001	0.003	
40.80	0.211	0.272	0.014	0.418	-0.001	-0.006	
40.85	0.212	0.272	0.033	0.403	-0.002	-0.002	
40.90	0.214	0.271	0.053	0.394	-0.001	0.008	
40.95	0.218	0.271	0.074	0.368	-0.000	-0.001	
41.00	0.222	0.271	0.091	0.333	-0.001	-0.009	
41.05	0.227	0.271	0.107	0.301	-0.002	0.005	
41.10	0.233	0.271	0.122	0.252	-0.001	0.023	
41.15	0.239	0.271	0.133	0.191	0.001	0.021	
41.20	0.246	0.271	0.139	0.154	0.002	-0.001	
41.25	0.253	0.271	0.146	0.144	0.000	-0.014	
41.30	0.260	0.271	0.158	0.047	-0.001	-0.004	
41.35	0.270	0.271	0.156	-0.147	0.000	0.008	
41.40	0.277	0.271	0.138	-0.247	0.001	0.006	
41.45	0.283	0.271	0.126	-0.242	0.001	0.003	
41.50	0.289	0.271	0.115	-0.240	0.001	0.001	
41.55	0.294	0.272	0.104	-0.275	0.001	-0.001	
41.60	0.300	0.271	0.089	-0.338	0.001	-0.003	
41.65	0.304	0.272	0.069	-0.381	0.001	-0.011	
41.70	0.307	0.271	0.049	-0.401	-0.001	-0.000	
41.75	0.309	0.271	0.029	-0.414	0.001	0.010	
41.80	0.310	0.272	0.008	-0.425	0.001	0.001	
41.85	0.309	0.272	-0.014	-0.431	0.000	-0.002	
41.90	0.308	0.272	-0.036	-0.423	0.000	0.001	
41.95	0.306	0.272	-0.057	-0.399	0.001	-0.002	
42.00	0.303	0.272	-0.077	-0.350	0.000	-0.009	
42.05	0.298	0.272	-0.092	-0.285	-0.000	-0.012	
42.10	0.293	0.272	-0.104	-0.242	-0.001	-0.016	
42.15	0.288	0.272	-0.116	-0.209	-0.002	-0.005	
42.20	0.281	0.271	-0.125	-0.183	-0.002	0.018	
42.25	0.275	0.271	-0.133	-0.177	0.000	0.022	
42.30	0.268	0.272	-0.143	-0.154	0.001	0.008	
42.35	0.261	0.271	-0.154	-0.039	0.001	0.000	
42.40	0.252	0.272	-0.150	0.136	0.001	-0.004	
42.45	0.245	0.272	-0.135	0.219	0.000	-0.005	
42.50	0.239	0.272	-0.125	0.231	0.000	0.000	
42.55	0.233	0.272	-0.113	0.258	0.000	0.005	
42.60	0.227	0.272	-0.099	0.293	0.001	0.004	
42.65	0.223	0.272	-0.084	0.326	0.001	0.003	
42.70	0.219	0.272	-0.067	0.362	0.001	0.002	
42.75	0.216	0.272	-0.047	0.386	0.001	-0.006	
42.80	0.214	0.272	-0.027	0.394	0.000	-0.009	
42.85	0.213	0.272	-0.008	0.403	0.000	-0.006	
42.90	0.214	0.272	0.013	0.405	-0.000	-0.006	
42.95	0.215	0.272	0.033	0.397	-0.000	-0.007	
43.00	0.217	0.272	0.054	0.375	-0.001	-0.002	
43.05	0.220	0.272	0.071	0.336	-0.001	0.008	
43.10	0.224	0.272	0.087	0.299	0.000	0.006	
43.15	0.229	0.272	0.101	0.259	0.000	-0.005	
43.20	0.234	0.272	0.112	0.230	-0.001	-0.006	
43.25	0.240	0.272	0.124	0.208	-0.000	-0.011	
43.30	0.247	0.272	0.134	0.170	-0.002	-0.007	
43.35	0.254	0.271	0.140	0.131	-0.002	0.014	
43.40	0.261	0.271	0.150	0.032	0.000	0.015	
43.45	0.269	0.272	0.148	-0.135	0.001	-0.005	
43.50	0.276	0.272	0.132	-0.227	-0.001	-0.013	
43.55	0.282	0.271	0.121	-0.248	-0.002	-0.004	
43.60	0.288	0.271	0.109	-0.273	-0.001	0.010	
43.65	0.293	0.271	0.094	-0.296	-0.001	0.020	
43.70	0.298	0.271	0.079	-0.315	0.002	0.008	
43.75	0.301	0.272	0.062	-0.330	0.001	-0.022	
43.80	0.304	0.272	0.046	-0.356	-0.002	-0.016	
43.85	0.306	0.271	0.027	-0.389	-0.002	0.018	
43.90	0.306	0.271	0.007	-0.407	0.001	0.019	
43.95	0.306	0.271	-0.014	-0.408	0.001	-0.004	
44.00	0.305	0.271	-0.036	-0.379	0.000	-0.015	
44.05	0.303	0.271	-0.053	-0.336	-0.001	-0.009	
44.10	0.300	0.271	-0.068	-0.304	-0.001	0.006	
44.15	0.296	0.271	-0.083	-0.276	-0.000	0.014	
44.20	0.291	0.271	-0.096	-0.251	0.001	0.007	
44.25	0.286	0.271	-0.108	-0.235	0.001	-0.000	
44.30	0.281	0.271	-0.120	-0.208	0.001	-0.006	
44.35	0.274	0.272	-0.129	-0.167	-0.000	-0.008	
44.40	0.268	0.271	-0.140	-0.058	-0.001	0.008	
44.45	0.259	0.271	-0.134	0.040	0.002	0.009	
44.50	0.255	0.272	-0.131	0.048	0.001	-0.010	
44.55	0.246	0.271	-0.134	0.128	-0.001	-0.014	
44.60	0.240	0.271	-0.119	0.214	-0.001	-0.009	
44.65	0.235	0.271	-0.109	0.243	-0.001	-0.001	
44.70	0.229	0.271	-0.096	0.291	-0.002	0.017	
44.75	0.225	0.271	-0.079	0.325	0.001	0.015	
44.80	0.222	0.272	-0.063	0.351	0.001	-0.007	
44.85	0.219	0.271	-0.044	0.371	-0.000	-0.012	
44.90	0.217	0.271	-0.025	0.375	-0.000	-0.016	
44.95	0.216	0.271	-0.006	0.376	-0.002	-0.012	
45.00	0.216	0.271	0.012	0.378	-0.002	0.012	
45.05	0.218	0.271	0.032	0.368	-0.000	0.020	
45.10	0.220	0.271	0.050	0.343	0.001	0.007	
45.15	0.223	0.271	0.066	0.321	0.001	-0.011	
45.20	0.226	0.271	0.082	0.299	-0.002	-0.010	
45.25	0.231	0.271	0.097	0.251	-0.001	0.001	
45.30	0.236	0.271	0.108	0.197	-0.001	0.003	
45.35	0.242	0.271	0.116	0.157	-0.001	0.018	
45.40	0.248	0.271	0.122	0.146	0.001	0.025	
45.45	0.254	0.271	0.129	0.148	0.003	-0.001	
45.50	0.261	0.271	0.142	0.047	0.001	-0.027	
45.55	0.269	0.271	0.138	-0.132	-0.002	-0.017	
45.60	0.275	0.271	0.124	-0.221	-0.001	0.009	
45.65	0.281	0.271	0.113	-0.237	0.000	0.018	
45.70	0.286	0.271	0.101	-0.249	0.002	0.003	
45.75	0.291	0.271	0.088	-0.263	0.001	-0.020	
45.80	0.295	0.271	0.075	-0.289	-0.002	-0.015	
45.85	0.299	0.271	0.060	-0.330	-0.001	0.005	
45.90	0.301	0.271	0.041	-0.365	-0.000	0.013	
45.95	0.303	0.271	0.022	-0.377	0.000	0.008	
46.00	0.303	0.271	0.003	-0.376	0.001	-0.007	
46.05	0.303	0.271	-0.016	-0.359	0.000	-0.028	
46.10	0.302	0.271	-0.033	-0.334	-0.003	-0.019	
46.15	0.300	0.271	-0.048	-0.329	-0.003	0.018	
46.20	0.297	0.271	-0.066	-0.332	-0.000	0.035	
46.25	0.293	0.271	-0.082	-0.319	0.002	0.020	
46.30	0.289	0.271	-0.096	-0.316	0.002	-0.002	
46.35	0.284	0.271	-0.117	-0.249	0.001	-0.008	
46.40	0.276	0.271	-0.126	-0.092	0.001	-0.008	
46.45	0.270	0.271	-0.122	-0.008	-0.000	0.001	
46.50	0.264	0.271	-0.123	-0.001	0.000	0.014	
46.55	0.258	0.271	-0.124	0.029	0.002	0.008	
46.60	0.252	0.271	-0.122	0.087	0.002	-0.006	
46.65	0.246	0.271	-0.115	0.139	0.001	-0.007	
46.70	0.240	0.271	-0.107	0.178	0.001	-0.007	
46.75	0.235	0.271	-0.097	0.214	0.000	-0.007	
46.80	0.230	0.271	-0.085	0.247	-0.000	0.005	
46.85	0.227	0.271	-0.073	0.283	0.001	0.009	
46.90	0.223	0.271	-0.057	0.319	0.001	-0.001	
46.95	0.221	0.271	-0.040	0.341	0.001	-0.008	
47.00	0.219	0.271	-0.023	0.355	0.001	-0.015	
47.05	0.218	0.272	-0.004	0.362	-0.001	-0.014	
47.10	0.219	0.271	0.014	0.356	-0.002	0.006	
47.15	0.220	0.271	0.031	0.348	-0.000	0.019	
47.20	0.222	0.271	0.050	0.319	0.001	0.012	
47.25	0.225	0.271	0.064	0.279	0.001	-0.004	
47.30	0.228	0.271	0.076	0.256	0.000	-0.014	
47.35	0.232	0.271	0.089	0.238	-0.000	-0.017	
47.40	0.237	0.271	0.102	0.191	-0.002	-0.012	
47.45	0.243	0.271	0.109	0.136	-0.002	0.005	
47.50	0.248	0.271	0.114	0.105	-0.001	0.020	
47.55	0.254	0.271	0.119	0.085	0.001	0.009	
47.60	0.260	0.271	0.123	0.057	0.000	-0.007	
47.65	0.267	0.271	0.124	0.021	-0.001	0.004	
47.70	0.273	0.271	0.129	-0.087	0.001	0.004	
47.75	0.280	0.271	0.119	-0.252	0.000	-0.011	
47.80	0.285	0.271	0.098	-0.324	-0.001	-0.008	
47.85	0.289	0.271	0.083	-0.313	-0.001	-0.006	
47.90	0.293	0.271	0.067	-0.299	-0.001	-0.001	
47.95	0.296	0.271	0.054	-0.303	-0.001	0.012	
48.00	0.299	0.271	0.038	-0.328	-0.000	0.029	
48.05	0.300	0.271	0.020	-0.340	0.002	0.027	
48.10	0.301	0.271	0.004	-0.345	0.004	-0.002	
48.15	0.301	0.271	-0.014	-0.350	0.002	-0.025	
48.20	0.299	0.271	-0.032	-0.330	0.000	-0.026	
48.25	0.297	0.271	-0.047	-0.305	-0.001	-0.013	
48.30	0.295	0.271	-0.063	-0.283	-0.002	0.010	
48.35	0.291	0.271	-0.076	-0.249	0.001	0.016	
48.40	0.287	0.271	-0.087	-0.226	0.001	0.000	
48.45	0.282	0.271	-0.098	-0.211	0.000	-0.008	
48.50	0.277	0.271	-0.108	-0.198	-0.001	-0.002	
48.55	0.272	0.271	-0.122	-0.113	-0.000	0.006	
48.60	0.264	0.271	-0.119	-0.024	0.001	-0.001	
48.65	0.260	0.271	-0.120	0.002	-0.000	-0.004	
48.70	0.252	0.271	-0.123	0.105	0.000	-0.006	
48.75	0.247	0.271	-0.109	0.187	-0.001	-0.007	
48.80	0.242	0.271	-0.101	0.198	-0.002	0.010	
48.85	0.237	0.271	-0.090	0.217	0.001	0.007	
48.90	0.233	0.271	-0.079	0.237	-0.000	-0.007	
48.95	0.229	0.271	-0.067	0.270	-0.001	0.005	
49.00	0.226	0.271	-0.052	0.304	0.001	0.012	
49.05	0.223	0.271	-0.035	0.318	0.001	0.001	
49.10	0.222	0.271	-0.020	0.322	0.000	-0.006	
49.15	0.221	0.271	-0.004	0.335	0.000	-0.004	
49.20	0.222	0.271	0.014	0.331	-0.000	0.001	
49.25	0.223	0.271	0.030	0.311	-0.000	0.013	
49.30	0.225	0.271	0.045	0.298	0.002	0.012	
49.35	0.227	0.272	0.059	0.290	0.002	-0.002	
49.40	0.231	0.271	0.075	0.257	0.001	-0.004	
49.45	0.235	0.272	0.087	0.197	0.002	-0.012	
49.50	0.240	0.272	0.094	0.155	-0.000	-0.014	
49.55	0.244	0.271	0.101	0.133	-0.000	-0.004	
49.60	0.250	0.272	0.108	0.097	-0.001	0.003	
49.65	0.255	0.271	0.111	0.063	0.000	0.008	
49.70	0.261	0.272	0.113	0.043	0.001	-0.008	
49.75	0.267	0.272	0.114	0.025	-0.002	-0.010	
49.80	0.272	0.271	0.119	-0.064	-0.001	0.008	
49.85	0.279	0.271	0.112	-0.225	0.000	0.005	
49.90	0.284	0.271	0.093	-0.319	-0.000	-0.007	
49.95	0.288	0.271	0.076	-0.331	-0.001	-0.014	
50.00	0.292	0.271	0.058	-0.298	-0.002	-0.004	
50.05	0.294	0.271	0.046	-0.265	-0.001	0.014	
50.10	0.296	0.271	0.035	-0.289	-0.000	0.018	
50.15	0.298	0.271	0.018	-0.324	0.001	0.008	
50.20	0.298	0.271	0.001	-0.329	0.001	-0.007	
50.25	0.298	0.271	-0.016	-0.302	-0.001	-0.006	
50.30	0.296	0.271	-0.029	-0.287	-0.000	0.003	
50.35	0.295	0.271	-0.043	-0.299	0.000	0.006	
50.40	0.292	0.271	-0.061	-0.282	0.001	0.000	
50.45	0.288	0.271	-0.073	-0.249	0.000	-0.007	
50.50	0.285	0.271	-0.083	-0.246	-0.000	-0.009	
50.55	0.280	0.271	-0.095	-0.261	-0.001	-0.008	
50.60	0.276	0.271	-0.114	-0.193	-0.002	0.006	
50.65	0.268	0.271	-0.121	-0.024	0.000	0.020	
50.70	0.263	0.271	-0.112	0.074	0.002	0.008	
50.75	0.257	0.271	-0.108	0.084	0.001	-0.004	
50.80	0.252	0.271	-0.105	0.100	0.000	-0.001	
50.85	0.247	0.271	-0.099	0.126	0.001	-0.004	
50.90	0.242	0.271	-0.092	0.157	0.000	-0.008	
50.95	0.238	0.271	-0.084	0.196	-0.000	-0.005	
51.00	0.233	0.271	-0.072	0.227	-0.001	0.006	
51.05	0.230	0.271	-0.060	0.244	0.000	0.017	
51.10	0.227	0.271	-0.048	0.272	0.002	0.006	
51.15	0.225	0.272	-0.034	0.311	0.001	-0.012	
51.20	0.224	0.272	-0.016	0.330	0.000	-0.017	
51.25	0.224	0.272	0.000	0.316	-0.001	-0.006	
51.30	0.224	0.271	0.015	0.305	-0.001	0.011	
51.35	0.225	0.271	0.031	0.290	0.001	0.012	
51.40	0.227	0.272	0.044	0.268	0.001	0.000	
51.45	0.230	0.272	0.057	0.256	0.000	-0.005	
51.50	0.233	0.272	0.071	0.235	0.000	-0.005	
51.55	0.237	0.272	0.081	0.208	0.000	-0.006	
51.60	0.241	0.272	0.091	0.174	0.000	-0.016	
51.65	0.246	0.272	0.099	0.124	-0.002	-0.014	
51.70	0.251	0.271	0.103	0.093	-0.002	0.008	
51.75	0.256	0.271	0.107	0.079	-0.001	0.018	
51.80	0.262	0.271	0.110	0.065	0.000	0.015	
51.85	0.267	0.271	0.118	-0.028	0.001	0.005	
51.90	0.274	0.271	0.112	-0.202	0.000	-0.005	
51.95	0.279	0.271	0.093	-0.279	0.001	-0.012	
52.00	0.283	0.272	0.080	-0.261	-0.001	-0.012	
52.05	0.287	0.271	0.068	-0.250	-0.002	0.007	
52.10	0.290	0.271	0.055	-0.251	0.000	0.011	
52.15	0.292	0.271	0.043	-0.269	0.001	-0.005	
52.20	0.294	0.271	0.029	-0.293	-0.001	-0.006	
52.25	0.295	0.271	0.013	-0.301	-0.001	0.015	
52.30	0.296	0.271	-0.001	-0.316	0.002	0.014	
52.35	0.295	0.272	-0.018	-0.334	0.002	-0.015	
52.40	0.294	0.271	-0.035	-0.336	-0.001	-0.024	
52.45	0.292	0.271	-0.056	-0.267	-0.002	-0.001	
52.50	0.287	0.271	-0.061	-0.209	-0.002	0.028	
52.55	0.286	0.271	-0.072	-0.230	0.003	0.021	
52.60	0.281	0.272	-0.089	-0.167	0.002	-0.016	
52.65	0.276	0.271	-0.089	-0.090	-0.001	-0.027	
52.70	0.272	0.271	-0.094	-0.073	-0.002	-0.013	
52.75	0.267	0.271	-0.098	-0.043	-0.002	0.010	
52.80	0.262	0.271	-0.098	-0.016	-0.001	0.029	
52.85	0.257	0.271	-0.099	0.018	0.002	0.014	
52.90	0.252	0.272	-0.097	0.059	0.001	-0.010	
52.95	0.247	0.271	-0.093	0.095	-0.001	0.002	
53.00	0.243	0.271	-0.088	0.146	0.001	0.014	
53.05	0.238	0.271	-0.079	0.204	0.003	-0.007	
53.10	0.235	0.272	-0.066	0.233	0.000	-0.022	
53.15	0.232	0.271	-0.055	0.245	-0.001	-0.003	
53.20	0.229	0.271	-0.043	0.268	0.000	0.015	
53.25	0.227	0.271	-0.028	0.286	0.002	0.006	
53.30	0.227	0.272	-0.013	0.284	0.001	-0.011	
53.35	0.226	0.272	0.000	0.282	-0.001	-0.003	
53.40	0.227	0.271	0.015	0.289	0.001	0.004	
53.45	0.228	0.272	0.030	0.284	0.001	-0.015	
53.50	0.230	0.272	0.044	0.261	-0.002	-0.017	
53.55	0.232	0.271	0.056	0.233	-0.002	0.008	
53.60	0.235	0.271	0.067	0.201	0.000	0.014	
53.65	0.239	0.272	0.076	0.175	0.000	0.007	
53.70	0.243	0.271	0.085	0.148	0.000	0.004	
53.75	0.247	0.272	0.091	0.109	0.001	-0.003	
53.80	0.252	0.272	0.096	0.070	0.000	-0.008	
53.85	0.257	0.272	0.098	0.038	-0.001	-0.003	
53.90	0.262	0.271	0.099	0.018	0.000	-0.003	
53.95	0.267	0.272	0.098	0.014	-0.001	-0.004	
54.00	0.271	0.271	0.103	-0.050	-0.001	0.008	
54.05	0.278	0.272	0.099	-0.200	0.001	0.005	
54.10	0.282	0.271	0.080	-0.291	0.000	-0.004	
54.15	0.286	0.272	0.064	-0.281	-0.000	-0.006	
54.20	0.288	0.271	0.052	-0.262	-0.001	0.000	
54.25	0.291	0.271	0.039	-0.263	-0.000	0.007	
54.30	0.292	0.271	0.026	-0.269	0.000	0.007	
54.35	0.293	0.271	0.013	-0.281	0.001	-0.001	
54.40	0.294	0.272	-0.003	-0.282	0.000	-0.008	
54.45	0.293	0.271	-0.016	-0.267	-0.001	-0.001	
54.50	0.292	0.271	-0.029	-0.257	-0.000	0.006	
54.55	0.290	0.271	-0.041	-0.260	0.001	0.002	
54.60	0.288	0.272	-0.055	-0.260	-0.000	0.004	
54.65	0.285	0.271	-0.068	-0.242	0.001	0.010	
54.70	0.281	0.272	-0.084	-0.150	0.002	-0.009	
54.75	0.275	0.272	-0.083	-0.063	-0.001	-0.023	
54.80	0.273	0.271	-0.081	-0.124	-0.002	-0.004	
54.85	0.268	0.271	-0.100	-0.114	-0.001	0.010	
54.90	0.262	0.271	-0.097	-0.025	-0.000	0.011	
54.95	0.259	0.271	-0.098	0.000	0.000	0.009	
55.00	0.252	0.271	-0.101	0.097	0.001	0.001	
55.05	0.248	0.272	-0.088	0.177	0.001	-0.012	
55.10	0.244	0.272	-0.079	0.180	-0.001	-0.010	
55.15	0.240	0.271	-0.070	0.183	-0.001	0.008	
55.20	0.237	0.271	-0.061	0.186	0.000	0.018	
55.25	0.234	0.271	-0.053	0.213	0.002	0.006	
55.30	0.231	0.272	-0.040	0.251	0.001	-0.013	
55.35	0.230	0.272	-0.026	0.263	-0.000	-0.011	
55.40	0.229	0.272	-0.014	0.273	-0.000	-0.002	
55.45	0.228	0.272	0.001	0.293	-0.000	-0.001	
55.50	0.229	0.272	0.016	0.291	-0.000	-0.005	
55.55	0.230	0.272	0.031	0.269	-0.000	-0.012	
55.60	0.232	0.272	0.044	0.230	-0.002	-0.010	
55.65	0.235	0.271	0.053	0.197	-0.002	0.006	
55.70	0.237	0.271	0.063	0.189	-0.001	0.021	
55.75	0.241	0.271	0.072	0.184	0.001	0.010	
55.80	0.245	0.272	0.081	0.171	0.000	-0.008	
55.85	0.249	0.271	0.089	0.148	-0.001	-0.002	
55.90	0.253	0.271	0.101	0.040	-0.000	0.007	
55.95	0.260	0.271	0.093	-0.063	0.000	0.010	
56.00	0.263	0.271	0.084	0.011	0.001	0.004	
56.05	0.267	0.271	0.098	0.019	0.001	-0.009	
56.10	0.274	0.272	0.096	-0.143	0.000	-0.017	
56.15	0.277	0.271	0.080	-0.239	-0.001	-0.011	
56.20	0.281	0.271	0.067	-0.244	-0.001	0.002	
56.25	0.284	0.271	0.055	-0.232	-0.001	0.012	
56.30	0.287	0.271	0.044	-0.223	0.001	0.007	
56.35	0.289	0.271	0.034	-0.231	0.000	-0.011	
56.40	0.290	0.271	0.021	-0.239	-0.002	-0.008	
56.45	0.291	0.271	0.010	-0.251	-0.001	0.009	
56.50	0.291	0.271	-0.003	-0.274	0.000	0.008	
56.55	0.291	0.271	-0.018	-0.290	0.000	0.001	
56.60	0.289	0.271	-0.033	-0.290	-0.000	0.007	
56.65	0.287	0.271	-0.046	-0.297	0.001	0.007	
56.70	0.285	0.271	-0.065	-0.251	0.001	-0.006	
56.75	0.280	0.271	-0.076	-0.123	0.000	-0.013	
56.80	0.277	0.271	-0.074	-0.056	-0.001	-0.004	
56.85	0.273	0.271	-0.078	-0.060	-0.001	0.011	
56.90	0.269	0.271	-0.081	-0.056	0.001	0.012	
56.95	0.265	0.271	-0.084	-0.038	0.001	0.000	
57.00	0.261	0.271	-0.085	-0.008	0.000	-0.004	
57.05	0.256	0.271	-0.085	0.039	0.000	0.000	
57.10	0.252	0.271	-0.082	0.085	0.000	0.007	
57.15	0.248	0.271	-0.076	0.110	0.001	0.007	
57.20	0.244	0.272	-0.070	0.126	0.001	-0.000	
57.25	0.241	0.271	-0.063	0.147	0.001	-0.003	
57.30	0.238	0.272	-0.056	0.186	0.002	-0.013	
57.35	0.235	0.272	-0.045	0.230	-0.001	-0.017	
57.40	0.233	0.271	-0.032	0.248	-0.001	-0.004	
57.45	0.232	0.272	-0.020	0.253	-0.000	0.001	
57.50	0.231	0.271	-0.007	0.256	-0.000	-0.001	
57.55	0.231	0.272	0.006	0.247	-0.001	0.001	
57.60	0.232	0.271	0.018	0.231	-0.001	0.009	
57.65	0.233	0.271	0.029	0.218	0.001	0.000	
57.70	0.235	0.272	0.040	0.212	-0.001	-0.007	
57.75	0.237	0.271	0.051	0.201	-0.001	0.011	
57.80	0.240	0.271	0.060	0.180	0.001	0.009	
57.85	0.243	0.272	0.069	0.148	0.001	-0.011	
57.90	0.247	0.271	0.076	0.103	-0.001	-0.012	
57.95	0.251	0.271	0.079	0.064	-0.002	0.008	
58.00	0.255	0.271	0.082	0.035	0.001	0.014	
58.05	0.259	0.272	0.083	0.012	0.002	-0.010	
58.10	0.263	0.271	0.082	0.011	-0.001	-0.022	
58.15	0.267	0.271	0.082	0.027	-0.002	-0.007	
58.20	0.271	0.271	0.089	-0.043	-0.002	0.011	
58.25	0.277	0.271	0.083	-0.199	-0.000	0.017	
58.30	0.280	0.271	0.064	-0.269	0.000	0.014	
58.35	0.283	0.271	0.051	-0.247	0.001	0.007	
58.40	0.285	0.271	0.040	-0.221	0.001	-0.003	
58.45	0.287	0.271	0.030	-0.220	0.000	-0.006	
58.50	0.288	0.271	0.019	-0.244	0.000	-0.004	
58.55	0.289	0.271	0.005	-0.257	0.001	-0.007	
58.60	0.289	0.271	-0.008	-0.241	-0.001	-0.003	
58.65	0.288	0.271	-0.019	-0.224	-0.000	0.013	
58.70	0.287	0.271	-0.029	-0.240	0.002	0.007	
58.75	0.285	0.272	-0.042	-0.266	0.001	-0.013	
58.80	0.282	0.271	-0.055	-0.280	-0.001	-0.013	
58.85	0.280	0.271	-0.074	-0.219	-0.001	0.000	
58.90	0.275	0.271	-0.083	-0.065	-0.000	0.007	
58.95	0.271	0.271	-0.077	0.023	0.000	-0.002	
59.00	0.267	0.271	-0.075	0.004	-0.001	-0.002	
59.05	0.264	0.271	-0.077	-0.019	-0.001	0.010	
59.10	0.259	0.271	-0.079	-0.003	0.001	0.009	
59.15	0.256	0.271	-0.078	0.036	0.001	-0.010	
59.20	0.252	0.272	-0.075	0.071	-0.001	-0.008	
59.25	0.248	0.271	-0.070	0.099	-0.001	0.015	
59.30	0.245	0.271	-0.065	0.130	0.002	0.012	
59.35	0.241	0.271	-0.058	0.166	0.001	-0.006	
59.40	0.239	0.272	-0.048	0.191	0.000	-0.015	
59.45	0.236	0.271	-0.038	0.214	-0.000	-0.017	
59.50	0.235	0.272	-0.027	0.235	-0.002	-0.010	
59.55	0.234	0.271	-0.014	0.240	-0.002	0.009	
59.60	0.233	0.271	-0.002	0.230	-0.000	0.021	
59.65	0.234	0.271	0.009	0.218	0.001	0.012	
59.70	0.234	0.271	0.020	0.206	0.001	-0.004	
59.75	0.236	0.271	0.029	0.197	0.000	-0.013	
59.80	0.237	0.271	0.039	0.199	-0.000	-0.014	
59.85	0.239	0.271	0.050	0.187	-0.001	-0.009	
59.90	0.242	0.271	0.058	0.158	-0.002	0.006	
59.95	0.245	0.271	0.066	0.126	0.000	0.007	
60.00	0.249	0.271	0.071	0.088	-0.000	-0.003	
60.05	0.252	0.271	0.074	0.058	-0.002	0.007	
60.10	0.256	0.271	0.077	0.027	0.000	0.017	
60.15	0.260	0.271	0.077	0.003	0.002	0.001	
60.20	0.264	0.271	0.076	0.003	0.001	-0.021	
60.25	0.268	0.271	0.076	0.012	-0.002	-0.010	
60.30	0.271	0.271	0.081	-0.054	-0.001	0.010	
60.35	0.277	0.271	0.075	-0.193	-0.000	0.010	
60.40	0.279	0.271	0.057	-0.254	0.000	0.007	
60.45	0.282	0.271	0.046	-0.245	0.001	-0.002	
60.50	0.284	0.271	0.034	-0.240	0.000	-0.009	
60.55	0.285	0.271	0.023	-0.245	-0.001	-0.002	
60.60	0.286	0.271	0.010	-0.262	-0.000	0.008	
60.65	0.287	0.271	-0.009	-0.186	0.000	0.012	
60.70	0.284	0.271	-0.010	-0.095	0.001	0.013	
60.75	0.286	0.271	-0.009	-0.167	0.003	-0.007	
60.80	0.285	0.271	-0.026	-0.245	0.000	-0.025	
60.85	0.283	0.271	-0.039	-0.230	-0.002	-0.008	
60.90	0.280	0.271	-0.050	-0.196	-0.001	0.016	
60.95	0.278	0.271	-0.057	-0.178	0.001	0.018	
61.00	0.275	0.271	-0.066	-0.179	0.002	-0.003	
61.05	0.271	0.271	-0.079	-0.109	0.000	-0.018	
61.10	0.266	0.271	-0.082	0.036	-0.001	-0.009	
61.15	0.262	0.271	-0.067	0.035	-0.001	0.008	
61.20	0.261	0.271	-0.074	-0.050	0.000	0.017	
61.25	0.255	0.271	-0.082	0.031	0.002	0.006	
61.30	0.251	0.271	-0.071	0.135	0.001	-0.005	
61.35	0.248	0.271	-0.064	0.158	0.000	-0.001	
61.40	0.245	0.271	-0.055	0.158	0.001	-0.003	
61.45	0.243	0.271	-0.047	0.145	0.000	-0.005	
61.50	0.240	0.271	-0.042	0.154	0.000	-0.002	
61.55	0.238	0.271	-0.033	0.183	0.000	0.001	
61.60	0.237	0.271	-0.023	0.203	0.000	0.002	
61.65	0.236	0.271	-0.012	0.210	0.001	-0.006	
61.70	0.236	0.272	-0.002	0.213	-0.000	-0.014	
61.75	0.236	0.271	0.009	0.216	-0.002	-0.003	
61.80	0.237	0.271	0.020	0.210	-0.001	0.011	
61.85	0.238	0.271	0.031	0.185	0.000	0.012	
61.90	0.240	0.271	0.039	0.159	0.001	0.011	
61.95	0.242	0.271	0.046	0.151	0.002	-0.003	
62.00	0.244	0.272	0.054	0.140	0.000	-0.015	
62.05	0.247	0.271	0.061	0.107	-0.001	-0.008	
62.10	0.251	0.271	0.064	0.080	-0.000	-0.001	
62.15	0.254	0.271	0.068	0.071	-0.000	-0.001	
62.20	0.258	0.271	0.072	0.046	-0.001	0.002	
62.25	0.261	0.271	0.072	0.027	-0.000	0.004	
62.30	0.264	0.271	0.078	-0.041	0.000	-0.005	
62.35	0.270	0.271	0.068	-0.099	-0.002	-0.002	
62.40	0.271	0.271	0.063	-0.078	-0.000	0.007	
62.45	0.276	0.271	0.065	-0.140	0.000	-0.002	
62.50	0.278	0.271	0.050	-0.212	-0.001	-0.003	
62.55	0.280	0.271	0.040	-0.215	-0.001	0.011	
62.60	0.282	0.271	0.029	-0.219	0.000	0.019	
62.65	0.283	0.271	0.018	-0.227	0.002	0.005	
62.70	0.284	0.271	0.007	-0.256	0.002	-0.023	
62.75	0.284	0.272	-0.006	-0.296	-0.002	-0.023	
62.80	0.284	0.271	-0.027	-0.254	-0.002	0.003	
62.85	0.281	0.271	-0.037	-0.128	0.000	0.010	
62.90	0.280	0.271	-0.035	-0.076	-0.001	0.007	
62.95	0.278	0.271	-0.040	-0.101	0.001	0.002	
63.00	0.276	0.271	-0.046	-0.119	-0.000	-0.005	
63.05	0.273	0.271	-0.053	-0.116	-0.001	0.004	
63.10	0.270	0.271	-0.059	-0.082	0.000	0.012	
63.15	0.267	0.271	-0.061	-0.045	0.001	0.005	
63.20	0.264	0.271	-0.063	-0.031	0.002	-0.014	
63.25	0.261	0.271	-0.065	-0.020	-0.001	-0.012	
63.30	0.258	0.271	-0.065	0.004	-0.001	0.009	
63.35	0.254	0.271	-0.065	0.045	0.001	0.004	
63.40	0.251	0.271	-0.061	0.090	-0.000	-0.003	
63.45	0.248	0.271	-0.055	0.113	0.000	0.001	
63.50	0.245	0.271	-0.049	0.118	0.000	-0.007	
63.55	0.243	0.271	-0.043	0.122	-0.001	-0.007	
63.60	0.241	0.271	-0.038	0.149	-0.001	0.005	
63.65	0.239	0.271	-0.029	0.184	-0.000	0.012	
63.70	0.238	0.271	-0.018	0.205	0.001	0.006	
63.75	0.238	0.271	-0.007	0.207	0.000	-0.000	
63.80	0.238	0.271	0.003	0.197	0.000	0.001	
63.85	0.238	0.271	0.012	0.188	0.001	-0.003	
63.90	0.239	0.271	0.021	0.185	0.000	-0.007	
63.95	0.240	0.271	0.031	0.169	-0.001	0.000	
64.00	0.242	0.271	0.039	0.141	0.001	0.002	
64.05	0.244	0.271	0.045	0.123	0.000	-0.002	
64.10	0.246	0.271	0.051	0.112	-0.000	0.005	
64.15	0.249	0.271	0.055	0.113	0.001	0.005	
64.20	0.252	0.271	0.062	0.110	0.001	-0.006	
64.25	0.255	0.271	0.067	0.082	-0.001	-0.005	
64.30	0.258	0.271	0.075	-0.018	-0.000	0.003	
64.35	0.264	0.271	0.064	-0.091	0.000	0.002	
64.40	0.265	0.271	0.055	0.001	0.001	-0.006	
64.45	0.268	0.272	0.069	0.013	-0.000	-0.013	
64.50	0.273	0.271	0.067	-0.138	-0.002	0.008	
64.55	0.275	0.271	0.051	-0.234	0.001	0.020	
64.60	0.277	0.271	0.038	-0.239	0.002	-0.002	
64.65	0.279	0.271	0.027	-0.216	0.000	-0.019	
64.70	0.281	0.271	0.013	-0.130	-0.001	-0.013	
64.75	0.279	0.271	0.014	-0.055	-0.002	0.009	
64.80	0.282	0.271	0.017	-0.142	0.000	0.022	
64.85	0.282	0.271	0.001	-0.247	0.002	0.006	
64.90	0.282	0.271	-0.013	-0.261	0.001	-0.015	
64.95	0.281	0.271	-0.026	-0.234	-0.001	-0.008	
65.00	0.279	0.271	-0.041	-0.135	-0.000	0.007	
65.05	0.276	0.271	-0.038	-0.070	0.001	0.002	
65.10	0.276	0.271	-0.037	-0.176	-0.000	-0.001	
65.15	0.273	0.271	-0.061	-0.203	0.001	-0.005	
65.20	0.269	0.271	-0.068	-0.058	-0.000	-0.012	
65.25	0.266	0.271	-0.062	0.028	-0.002	0.002	
65.30	0.263	0.271	-0.061	0.033	-0.001	0.021	
65.35	0.260	0.271	-0.059	0.030	0.002	0.013	
65.40	0.257	0.271	-0.058	0.037	0.002	-0.015	
65.45	0.254	0.271	-0.056	0.055	-0.001	-0.016	
65.50	0.251	0.271	-0.053	0.084	-0.001	0.005	
65.55	0.249	0.271	-0.047	0.102	0.000	0.006	
65.60	0.246	0.271	-0.042	0.112	0.000	-0.003	
65.65	0.244	0.271	-0.037	0.132	-0.000	-0.006	
65.70	0.243	0.271	-0.029	0.151	-0.001	0.003	
65.75	0.241	0.271	-0.022	0.167	-0.000	0.019	
65.80	0.240	0.271	-0.012	0.177	0.002	0.013	
65.85	0.240	0.271	-0.003	0.180	0.002	-0.013	
65.90	0.240	0.271	0.006	0.182	-0.000	-0.020	
65.95	0.241	0.271	0.015	0.173	-0.001	-0.007	
66.00	0.242	0.271	0.024	0.147	-0.001	0.001	
66.05	0.243	0.271	0.029	0.127	-0.001	0.005	
66.10	0.245	0.271	0.035	0.129	-0.000	0.007	
66.15	0.247	0.271	0.043	0.125	0.000	-0.004	
66.20	0.249	0.271	0.049	0.091	-0.001	-0.005	
66.25	0.252	0.271	0.052	0.048	-0.001	0.008	
66.30	0.254	0.271	0.053	0.025	0.000	0.016	
66.35	0.257	0.271	0.054	0.022	0.002	0.004	
66.40	0.259	0.271	0.055	0.029	0.001	-0.009	
66.45	0.263	0.271	0.057	0.016	0.000	-0.006	
66.50	0.265	0.271	0.057	-0.014	-0.000	0.001	
66.55	0.268	0.271	0.061	-0.118	-0.000	0.014	
66.60	0.273	0.271	0.045	-0.204	0.002	0.010	
66.65	0.272	0.271	0.030	-0.120	0.002	-0.015	
66.70	0.274	0.272	0.033	-0.041	-0.000	-0.021	
66.75	0.276	0.271	0.035	-0.115	-0.001	-0.008	
66.80	0.279	0.271	0.022	-0.198	-0.001	-0.002	
66.85	0.278	0.271	0.011	-0.208	-0.001	-0.000	
66.90	0.280	0.271	0.000	-0.206	-0.001	-0.000	
66.95	0.278	0.271	-0.009	-0.201	-0.001	0.002	
67.00	0.279	0.271	-0.019	-0.205	-0.001	0.012	
67.05	0.276	0.271	-0.034	-0.141	0.001	0.011	
67.10	0.275	0.271	-0.033	-0.079	0.000	0.004	
67.15	0.273	0.271	-0.037	-0.091	0.001	0.004	
67.20	0.271	0.271	-0.043	-0.089	0.002	-0.008	
67.25	0.269	0.271	-0.047	-0.078	-0.001	-0.011	
67.30	0.267	0.271	-0.051	-0.061	-0.001	0.004	
67.35	0.264	0.271	-0.054	-0.030	0.001	0.007	
67.40	0.261	0.271	-0.054	-0.003	0.000	0.004	
67.45	0.258	0.271	-0.054	0.021	0.000	0.005	
67.50	0.256	0.271	-0.052	0.046	0.001	0.002	
67.55	0.253	0.271	-0.049	0.068	0.001	-0.006	
67.60	0.251	0.271	-0.045	0.093	-0.000	-0.002	
67.65	0.249	0.271	-0.039	0.103	0.001	0.000	
67.70	0.247	0.272	-0.034	0.104	0.001	-0.011	
67.75	0.245	0.271	-0.029	0.122	-0.001	-0.012	
67.80	0.244	0.271	-0.022	0.139	-0.001	0.001	
67.85	0.243	0.271	-0.015	0.143	-0.000	0.009	
67.90	0.242	0.271	-0.008	0.148	0.000	0.010	
67.95	0.242	0.271	-0.000	0.162	0.001	0.010	
68.00	0.242	0.271	0.009	0.160	0.002	-0.004	
68.05	0.243	0.272	0.016	0.142	0.000	-0.015	
68.10	0.244	0.271	0.023	0.132	-0.001	-0.004	
68.15	0.245	0.271	0.029	0.130	-0.001	0.013	
68.20	0.247	0.271	0.036	0.123	0.001	0.013	
68.25	0.249	0.272	0.042	0.104	0.002	-0.015	
68.30	0.251	0.272	0.047	0.073	-0.001	-0.023	
68.35	0.254	0.271	0.049	0.045	-0.002	0.002	
68.40	0.256	0.271	0.051	0.028	0.000	0.008	
68.45	0.259	0.271	0.053	0.002	-0.000	-0.002	
68.50	0.262	0.271	0.051	-0.030	-0.001	-0.001	
68.55	0.264	0.271	0.049	-0.044	-0.000	0.004	
68.60	0.266	0.271	0.047	-0.057	-0.000	0.006	
68.65	0.269	0.271	0.043	-0.061	-0.000	0.012	
68.70	0.271	0.271	0.040	-0.047	0.002	0.004	
68.75	0.273	0.272	0.037	-0.023	0.001	-0.017	
68.80	0.274	0.271	0.041	-0.067	-0.001	-0.017	
68.85	0.277	0.271	0.035	-0.191	-0.002	0.003	
68.90	0.278	0.271	0.018	-0.241	-0.000	0.014	
68.95	0.279	0.271	0.006	-0.208	0.001	-0.005	
69.00	0.279	0.271	-0.003	-0.172	-0.001	-0.018	
69.05	0.278	0.271	-0.009	-0.156	-0.002	-0.002	
69.10	0.278	0.271	-0.018	-0.155	-0.001	0.015	
69.15	0.276	0.271	-0.026	-0.138	0.000	0.012	
69.20	0.275	0.271	-0.032	-0.108	0.000	0.002	
69.25	0.273	0.271	-0.036	-0.087	0.000	-0.001	
69.30	0.271	0.271	-0.040	-0.074	0.000	0.001	
69.35	0.269	0.271	-0.043	-0.074	0.000	0.004	
69.40	0.267	0.271	-0.047	-0.078	0.000	0.007	
69.45	0.264	0.271	-0.051	-0.071	0.001	0.002	
69.50	0.262	0.271	-0.058	-0.004	0.001	-0.008	
69.55	0.258	0.271	-0.050	0.037	-0.000	-0.005	
69.60	0.258	0.271	-0.050	0.010	0.000	0.005	
69.65	0.253	0.271	-0.055	0.079	0.001	0.003	
69.70	0.251	0.271	-0.043	0.154	0.000	-0.001	
69.75	0.249	0.271	-0.035	0.163	0.000	0.002	
69.80	0.248	0.271	-0.027	0.167	0.001	0.001	
69.85	0.246	0.271	-0.019	0.170	0.000	0.004	
69.90	0.245	0.271	-0.005	0.099	0.002	-0.001	
69.95	0.247	0.272	-0.008	0.013	0.001	-0.019	
70.00	0.245	0.271	-0.013	0.084	-0.002	-0.010	
70.05	0.245	0.271	0.000	0.164	-0.001	0.012	
70.10	0.245	0.271	0.009	0.158	0.001	0.015	
70.15	0.246	0.272	0.016	0.142	0.001	0.002	
70.20	0.246	0.271	0.022	0.132	0.001	-0.006	
70.25	0.248	0.272	0.029	0.132	0.001	-0.012	
70.30	0.249	0.272	0.035	0.131	-0.001	-0.012	
70.35	0.251	0.271	0.042	0.113	-0.001	0.002	
70.40	0.253	0.271	0.052	0.013	-0.000	0.010	
70.45	0.257	0.271	0.044	-0.085	-0.000	0.017	
70.50	0.258	0.271	0.034	-0.018	0.002	0.009	
70.55	0.260	0.272	0.041	0.069	0.002	-0.017	
70.60	0.262	0.272	0.045	0.074	-0.001	-0.015	
70.65	0.264	0.271	0.054	-0.025	-0.001	0.008	
70.70	0.268	0.271	0.043	-0.142	0.001	0.011	
70.75	0.268	0.272	0.035	-0.167	0.001	-0.004	
70.80	0.272	0.272	0.026	-0.173	0.000	-0.013	
70.85	0.271	0.272	0.014	-0.110	-0.001	-0.006	
70.90	0.272	0.271	0.016	-0.065	-0.001	0.006	
70.95	0.273	0.271	0.011	-0.088	0.000	0.005	
71.00	0.274	0.272	0.006	-0.083	-0.000	-0.004	
71.05	0.274	0.271	0.001	-0.055	-0.001	0.002	
71.10	0.274	0.271	-0.001	-0.020	0.000	0.008	
71.15	0.273	0.271	0.004	-0.082	0.001	0.002	
71.20	0.275	0.272	-0.003	-0.236	0.000	-0.006	
71.25	0.274	0.271	-0.024	-0.307	-0.000	-0.008	
71.30	0.272	0.272	-0.043	-0.214	-0.000	-0.008	
71.35	0.269	0.271	-0.049	-0.044	-0.002	0.002	
71.40	0.267	0.271	-0.042	0.035	0.000	0.005	
71.45	0.265	0.272	-0.040	0.019	-0.000	-0.003	
71.50	0.263	0.271	-0.041	0.003	-0.001	0.009	
71.55	0.261	0.271	-0.041	0.001	0.001	0.015	
71.60	0.259	0.271	-0.041	0.010	0.001	0.002	
71.65	0.257	0.271	-0.040	0.023	0.001	-0.010	
71.70	0.255	0.272	-0.039	0.048	-0.001	-0.007	
71.75	0.252	0.271	-0.035	0.077	-0.000	0.009	
71.80	0.251	0.271	-0.030	0.080	0.002	0.002	
71.85	0.250	0.272	-0.027	0.077	0.001	-0.020	
71.90	0.248	0.272	-0.023	0.082	-0.002	-0.014	
71.95	0.247	0.271	-0.020	0.108	-0.002	0.012	
72.00	0.246	0.271	-0.013	0.141	0.000	0.020	
72.05	0.246	0.271	-0.004	0.138	0.001	0.006	
72.10	0.246	0.271	0.002	0.119	0.001	-0.003	
72.15	0.246	0.271	0.007	0.112	0.001	-0.009	
72.20	0.247	0.272	0.013	0.105	-0.001	-0.008	
72.25	0.247	0.271	0.018	0.099	-0.000	-0.000	
72.30	0.248	0.272	0.023	0.091	-0.000	0.002	
72.35	0.250	0.271	0.027	0.078	-0.001	0.011	
72.40	0.251	0.271	0.030	0.076	0.001	0.013	
72.45	0.253	0.271	0.035	0.069	0.001	0.001	
72.50	0.255	0.272	0.038	0.050	0.001	-0.013	
72.55	0.257	0.272	0.040	0.026	-0.000	-0.020	
72.60	0.259	0.272	0.041	-0.002	-0.001	-0.015	
72.65	0.261	0.271	0.040	-0.023	-0.002	0.003	
72.70	0.263	0.271	0.038	-0.043	-0.001	0.013	
72.75	0.265	0.271	0.035	-0.053	-0.000	0.008	
72.80	0.266	0.271	0.032	-0.043	0.000	0.002	
72.85	0.268	0.271	0.030	-0.019	0.000	-0.006	
72.90	0.269	0.271	0.029	0.014	-0.001	0.002	
72.95	0.270	0.271	0.035	-0.032	0.000	0.016	
73.00	0.273	0.271	0.031	-0.165	0.002	0.005	
73.05	0.274	0.271	0.014	-0.222	0.001	-0.008	
73.10	0.274	0.271	0.004	-0.183	0.000	-0.009	
73.15	0.274	0.271	-0.003	-0.141	-0.000	-0.009	
73.20	0.274	0.271	-0.009	-0.119	-0.001	-0.007	
73.25	0.273	0.271	-0.015	-0.109	-0.002	0.007	
73.30	0.272	0.271	-0.020	-0.098	0.000	0.021	
73.35	0.271	0.271	-0.024	-0.102	0.002	0.006	
73.40	0.270	0.271	-0.029	-0.117	0.001	-0.017	
73.45	0.268	0.272	-0.035	-0.128	-0.001	-0.020	
73.50	0.267	0.271	-0.047	-0.063	-0.002	-0.007	
73.55	0.263	0.271	-0.046	0.074	-0.002	0.010	
73.60	0.261	0.271	-0.030	0.053	-0.001	0.033	
73.65	0.262	0.271	-0.036	-0.054	0.003	0.028	
73.70	0.258	0.272	-0.045	0.003	0.003	-0.009	
73.75	0.256	0.272	-0.037	0.087	0.001	-0.026	
73.80	0.254	0.272	-0.032	0.096	-0.001	-0.015	
73.85	0.253	0.271	-0.027	0.088	-0.000	-0.002	
73.90	0.252	0.272	-0.023	0.075	-0.000	-0.001	
73.95	0.251	0.271	-0.020	0.074	-0.001	0.005	
74.00	0.250	0.271	-0.016	0.089	0.000	0.005	
74.05	0.249	0.272	-0.011	0.107	-0.000	0.005	
74.10	0.248	0.271	-0.005	0.115	0.001	0.004	
74.15	0.248	0.272	0.001	0.107	0.001	-0.009	
74.20	0.249	0.271	0.005	0.098	-0.001	-0.009	
74.25	0.249	0.272	0.010	0.092	-0.000	-0.003	
74.30	0.250	0.271	0.015	0.082	-0.001	0.001	
74.35	0.250	0.271	0.019	0.070	0.000	-0.000	
74.40	0.251	0.272	0.022	0.061	-0.001	0.001	
74.45	0.253	0.271	0.024	0.062	-0.001	0.022	
74.50	0.254	0.271	0.027	0.075	0.003	0.016	
74.55	0.255	0.272	0.033	0.077	0.002	-0.018	
74.60	0.257	0.272	0.036	0.065	-0.001	-0.026	
74.65	0.259	0.272	0.038	0.062	-0.002	-0.012	
74.70	0.261	0.271	0.045	-0.003	-0.002	0.011	
74.75	0.264	0.271	0.041	-0.133	0.000	0.023	
74.80	0.265	0.271	0.029	-0.209	0.002	0.006	
74.85	0.267	0.272	0.014	-0.153	0.001	-0.016	
74.90	0.266	0.272	0.010	-0.028	-0.001	-0.011	
74.95	0.267	0.271	0.016	0.002	-0.001	0.003	
75.00	0.268	0.272	0.014	-0.036	-0.000	0.005	
75.05	0.269	0.271	0.011	-0.055	-0.000	0.011	
75.10	0.269	0.271	0.008	-0.069	0.001	0.004	
75.15	0.270	0.272	0.004	-0.086	-0.000	-0.002	
75.20	0.270	0.271	-0.000	-0.104	0.001	-0.003	
75.25	0.270	0.272	-0.006	-0.109	0.000	-0.016	
75.30	0.269	0.271	-0.012	-0.101	-0.002	-0.002	
75.35	0.268	0.271	-0.017	-0.084	0.000	0.011	
75.40	0.267	0.272	-0.021	-0.058	0.000	0.004	
75.45	0.266	0.271	-0.022	-0.040	0.000	0.001	
75.50	0.265	0.272	-0.024	-0.045	0.000	-0.006	
75.55	0.264	0.271	-0.027	-0.046	-0.001	0.002	
75.60	0.262	0.271	-0.029	-0.029	0.001	0.010	
75.65	0.261	0.272	-0.030	-0.014	0.001	-0.000	
75.70	0.259	0.271	-0.030	-0.011	-0.000	0.002	
75.75	0.258	0.271	-0.031	0.005	0.001	0.002	
75.80	0.256	0.272	-0.031	0.041	0.001	-0.011	
75.85	0.255	0.272	-0.026	0.063	-0.000	-0.020	
75.90	0.254	0.272	-0.023	0.062	-0.002	-0.009	
75.95	0.252	0.271	-0.021	0.071	-0.002	0.010	
76.00	0.251	0.271	-0.017	0.087	-0.000	0.015	
76.05	0.251	0.271	-0.011	0.087	0.000	0.011	
76.10	0.250	0.271	-0.007	0.077	0.001	-0.002	
76.15	0.250	0.271	-0.004	0.079	0.000	-0.017	
76.20	0.250	0.272	0.000	0.088	-0.002	-0.012	
76.25	0.250	0.271	0.005	0.088	-0.002	0.013	
76.30	0.250	0.271	0.010	0.075	0.001	0.011	
76.35	0.251	0.271	0.013	0.056	0.000	-0.007	
76.40	0.252	0.271	0.014	0.053	-0.001	-0.006	
76.45	0.252	0.271	0.017	0.063	-0.001	-0.002	
76.50	0.253	0.271	0.021	0.069	-0.001	0.002	
76.55	0.255	0.271	0.025	0.060	-0.000	0.006	
76.60	0.256	0.271	0.028	0.044	-0.000	0.006	
76.65	0.257	0.271	0.028	0.036	-0.000	0.012	
76.70	0.259	0.271	0.030	0.038	0.002	0.005	
76.75	0.260	0.271	0.037	-0.044	0.001	-0.013	
76.80	0.264	0.271	0.027	-0.142	-0.001	-0.007	
76.85	0.263	0.271	0.014	-0.076	0.000	0.001	
76.90	0.264	0.271	0.019	0.003	-0.000	-0.001	
76.95	0.265	0.271	0.020	-0.023	-0.001	0.012	
77.00	0.266	0.271	0.016	-0.053	0.002	0.012	
77.05	0.267	0.271	0.013	-0.054	0.002	-0.013	
77.10	0.267	0.271	0.011	-0.051	-0.001	-0.014	
77.15	0.268	0.271	0.008	-0.046	-0.000	0.000	
77.20	0.268	0.271	0.006	-0.027	-0.000	0.003	
77.25	0.268	0.271	0.004	0.003	-0.000	0.007	
77.30	0.268	0.271	0.009	-0.030	0.001	-0.004	
77.35	0.270	0.271	0.006	-0.150	-0.001	-0.012	
77.40	0.269	0.271	-0.009	-0.221	-0.001	0.001	
77.45	0.269	0.271	-0.019	-0.224	-0.001	0.014	
77.50	0.268	0.271	-0.034	-0.154	0.001	0.012	
77.55	0.265	0.271	-0.040	0.017	0.002	-0.009	
77.60	0.263	0.271	-0.030	0.139	-0.001	-0.009	
77.65	0.262	0.271	-0.021	0.159	-0.000	0.008	
77.70	0.261	0.271	-0.009	0.072	0.000	0.011	
77.75	0.262	0.271	-0.009	-0.099	0.001	0.004	
77.80	0.261	0.271	-0.024	-0.165	0.002	-0.016	
77.85	0.259	0.271	-0.036	-0.043	-0.001	-0.014	
77.90	0.256	0.271	-0.032	0.145	-0.001	0.008	
77.95	0.255	0.271	-0.010	0.133	0.001	0.009	
78.00	0.256	0.271	-0.008	-0.058	0.000	0.001	
78.05	0.255	0.271	-0.026	-0.077	0.001	-0.007	
78.10	0.252	0.271	-0.026	0.085	-0.001	-0.006	
78.15	0.252	0.271	-0.012	0.162	-0.001	0.005	
78.20	0.252	0.271	-0.004	0.124	0.001	-0.003	
78.25	0.252	0.271	-0.000	0.078	-0.001	-0.011	
78.30	0.252	0.271	0.002	0.061	-0.002	0.007	
78.35	0.252	0.271	0.005	0.067	0.000	0.012	
78.40	0.252	0.271	0.009	0.087	0.001	-0.003	
78.45	0.253	0.271	0.013	0.118	-0.001	-0.006	
78.50	0.253	0.271	0.020	0.137	-0.000	-0.002	
78.55	0.254	0.271	0.032	0.052	-0.000	-0.003	
78.60	0.257	0.271	0.031	-0.122	-0.001	0.001	
78.65	0.259	0.271	0.011	-0.123	-0.000	0.007	
78.70	0.257	0.271	0.009	0.052	0.000	0.007	
78.75	0.259	0.271	0.022	0.135	0.000	0.007	
78.80	0.260	0.271	0.032	0.039	0.001	0.001	
78.85	0.263	0.271	0.024	-0.058	0.001	-0.009	
78.90	0.262	0.271	0.021	-0.065	-0.001	0.002	
78.95	0.265	0.271	0.018	-0.072	0.001	0.011	
79.00	0.264	0.271	0.015	-0.086	0.002	-0.007	
79.05	0.267	0.271	0.011	-0.115	-0.000	-0.014	
79.10	0.265	0.271	-0.001	-0.075	-0.000	-0.007	
79.15	0.266	0.271	0.002	-0.010	-0.001	0.003	
79.20	0.266	0.271	0.002	-0.015	-0.001	0.017	
79.25	0.266	0.271	0.002	-0.044	0.002	0.011	
79.30	0.266	0.271	-0.003	-0.063	0.001	-0.009	
79.35	0.266	0.271	-0.006	-0.052	-0.000	-0.010	
79.40	0.265	0.271	-0.008	-0.038	0.000	-0.009	
79.45	0.265	0.271	-0.009	-0.037	-0.001	-0.006	
79.50	0.264	0.271	-0.011	-0.047	-0.001	0.015	
79.55	0.264	0.271	-0.015	-0.045	0.002	0.016	
79.60	0.263	0.271	-0.016	-0.029	0.001	-0.005	
79.65	0.262	0.271	-0.017	-0.017	0.000	-0.016	
79.70	0.261	0.271	-0.018	-0.015	-0.001	-0.018	
79.75	0.260	0.271	-0.019	-0.012	-0.002	-0.006	
79.80	0.259	0.271	-0.020	0.005	-0.002	0.011	
79.85	0.258	0.271	-0.018	0.022	-0.000	0.016	
79.90	0.257	0.271	-0.016	0.022	0.000	0.014	
79.95	0.257	0.271	-0.016	0.016	0.001	0.007	
80.00	0.256	0.271	-0.016	0.028	0.001	-0.005	
80.05	0.255	0.271	-0.013	0.049	0.000	-0.010	
80.10	0.255	0.271	-0.010	0.060	0.000	-0.009	
80.15	0.254	0.271	-0.007	0.059	-0.000	-0.008	
80.20	0.254	0.271	-0.004	0.047	-0.001	-0.001	
80.25	0.254	0.271	-0.002	0.032	-0.001	0.010	
80.30	0.254	0.271	-0.001	0.025	0.001	0.005	
80.35	0.254	0.271	-0.001	0.046	0.000	-0.011	
80.40	0.253	0.271	0.003	0.084	-0.002	-0.008	
80.45	0.254	0.271	0.009	0.098	-0.001	0.010	
80.50	0.254	0.271	0.013	0.092	0.000	0.008	
80.55	0.255	0.271	0.018	0.070	0.000	-0.002	
80.60	0.256	0.271	0.025	-0.031	-0.000	-0.005	
80.65	0.259	0.271	0.014	-0.108	-0.001	0.000	
80.70	0.257	0.271	0.004	-0.002	-0.000	0.005	
80.75	0.258	0.271	0.014	0.115	0.000	-0.003	
80.80	0.259	0.271	0.021	0.121	-0.001	-0.005	
80.85	0.260	0.271	0.032	0.004	-0.001	0.006	
80.90	0.263	0.271	0.026	-0.180	0.000	0.006	
80.95	0.263	0.271	0.004	-0.178	0.000	0.000	
81.00	0.262	0.271	-0.001	-0.000	-0.000	0.006	
81.05	0.263	0.271	0.008	0.104	0.001	-0.001	
81.10	0.263	0.271	0.014	0.090	0.000	-0.013	
81.15	0.264	0.271	0.022	-0.030	-0.001	-0.001	
81.20	0.266	0.271	0.016	-0.208	0.000	0.006	
81.25	0.266	0.271	-0.008	-0.208	-0.000	0.002	
81.30	0.264	0.271	-0.014	-0.048	-0.000	0.011	
81.35	0.264	0.271	-0.008	0.031	0.001	0.012	
81.40	0.264	0.271	-0.006	0.015	0.002	-0.005	
81.45	0.264	0.271	-0.006	-0.018	0.000	-0.014	
81.50	0.263	0.271	-0.009	-0.038	-0.001	-0.003	
81.55	0.263	0.271	-0.011	-0.033	0.000	0.010	
81.60	0.262	0.271	-0.012	-0.023	0.001	0.007	
81.65	0.262	0.271	-0.013	-0.021	0.001	-0.003	
81.70	0.261	0.271	-0.015	-0.008	0.000	-0.007	
81.75	0.260	0.271	-0.015	0.026	0.000	-0.005	
81.80	0.259	0.271	-0.012	0.055	0.000	-0.005	
81.85	0.259	0.271	-0.008	0.051	0.000	-0.012	
81.90	0.258	0.271	-0.001	-0.044	-0.002	-0.008	
81.95	0.260	0.271	-0.014	-0.100	-0.001	0.008	
82.00	0.257	0.271	-0.023	0.033	0.000	0.005	
82.05	0.256	0.271	-0.009	0.138	-0.001	0.001	
82.10	0.256	0.271	0.003	0.044	-0.000	0.006	
82.15	0.258	0.271	-0.004	-0.072	0.000	0.007	
82.20	0.256	0.271	-0.014	-0.021	0.000	0.009	
82.25	0.255	0.271	-0.007	0.062	0.001	0.005	
82.30	0.255	0.271	-0.003	0.072	0.001	-0.004	
82.35	0.255	0.271	0.000	0.062	0.000	-0.007	
82.40	0.255	0.271	0.003	0.049	0.000	-0.004	
82.45	0.256	0.271	0.005	0.038	0.000	-0.003	
82.50	0.256	0.271	0.007	0.029	0.000	-0.012	
82.55	0.256	0.271	0.008	0.020	-0.001	-0.015	
82.60	0.257	0.271	0.009	0.016	-0.002	0.002	
82.65	0.257	0.271	0.009	0.024	-0.001	0.011	
82.70	0.257	0.271	0.011	0.032	-0.000	0.007	
82.75	0.258	0.271	0.013	0.024	0.000	0.003	
82.80	0.259	0.271	0.014	-0.002	-0.000	0.001	
82.85	0.260	0.271	0.013	-0.023	-0.000	0.005	
82.90	0.260	0.271	0.010	-0.003	-0.000	0.016	
82.95	0.261	0.271	0.011	0.052	0.002	0.013	
83.00	0.261	0.271	0.015	0.091	0.003	-0.015	
83.05	0.262	0.271	0.025	0.033	-0.001	-0.020	
83.10	0.264	0.271	0.023	-0.104	-0.000	-0.007	
83.15	0.265	0.271	0.010	-0.164	0.000	-0.013	
83.20	0.265	0.271	0.002	-0.129	-0.002	-0.007	
83.25	0.264	0.271	-0.002	-0.098	-0.002	0.016	
83.30	0.265	0.271	-0.005	-0.109	0.001	0.019	
83.35	0.264	0.271	-0.016	-0.077	0.002	-0.006	
83.40	0.263	0.271	-0.017	0.028	-0.001	-0.018	
83.45	0.262	0.271	-0.009	0.080	-0.001	-0.007	
83.50	0.262	0.271	-0.007	0.083	-0.001	0.009	
83.55	0.262	0.271	-0.003	0.104	-0.001	0.023	
83.60	0.261	0.271	0.007	0.056	0.002	0.016	
83.65	0.263	0.271	0.007	-0.062	0.002	-0.010	
83.70	0.262	0.271	-0.004	-0.100	-0.000	-0.015	
83.75	0.262	0.271	-0.007	-0.081	-0.000	-0.006	
83.80	0.262	0.271	-0.010	-0.085	-0.000	-0.002	
83.85	0.261	0.271	-0.014	-0.102	-0.001	0.008	
83.90	0.261	0.271	-0.023	-0.061	0.001	0.010	
83.95	0.258	0.271	-0.024	0.050	0.001	0.006	
84.00	0.258	0.271	-0.015	0.106	0.001	-0.001	
84.05	0.257	0.271	-0.009	0.090	0.001	-0.020	
84.10	0.257	0.271	-0.006	0.059	-0.002	-0.018	
84.15	0.257	0.271	-0.004	0.035	-0.002	0.010	
84.20	0.257	0.271	-0.003	0.027	0.000	0.017	
84.25	0.256	0.271	-0.002	0.030	0.001	0.003	
84.30	0.256	0.271	0.000	0.032	0.000	-0.006	
84.35	0.256	0.271	0.002	0.032	0.000	-0.008	
84.40	0.257	0.271	0.003	0.027	-0.000	-0.006	
84.45	0.257	0.271	0.005	0.019	-0.001	0.002	
84.50	0.257	0.271	0.005	0.013	-0.001	0.016	
84.55	0.257	0.271	0.006	0.014	0.002	0.010	
84.60	0.258	0.271	0.007	0.015	0.001	-0.010	
84.65	0.258	0.271	0.007	0.013	-0.000	-0.011	
84.70	0.258	0.271	0.008	0.007	-0.000	-0.005	
84.75	0.259	0.271	0.008	-0.004	-0.000	-0.005	
84.80	0.259	0.271	0.007	-0.008	-0.001	0.001	
84.85	0.259	0.271	0.007	-0.007	-0.001	0.015	
84.90	0.260	0.271	0.007	-0.008	0.001	0.017	
84.95	0.260	0.271	0.006	-0.013	0.002	0.008	
85.00	0.261	0.271	0.005	-0.016	0.002	-0.003	
85.05	0.261	0.271	0.004	-0.009	0.001	-0.012	
85.10	0.261	0.271	0.005	-0.011	0.000	-0.013	
85.15	0.261	0.271	0.004	-0.026	-0.001	-0.004	
85.20	0.261	0.271	0.002	-0.034	-0.000	0.003	
85.25	0.261	0.271	-0.001	-0.014	0.000	-0.005	
85.30	0.261	0.271	-0.000	0.017	-0.001	-0.007	
85.35	0.261	0.271	0.001	0.028	-0.001	0.003	
85.40	0.261	0.271	0.008	-0.048	-0.000	0.006	
85.45	0.263	0.271	-0.003	-0.130	0.000	-0.005	
85.50	0.261	0.271	-0.014	-0.062	-0.001	-0.008	
85.55	0.261	0.271	-0.009	0.024	-0.002	0.010	
85.60	0.260	0.271	-0.007	0.037	0.001	0.016	
85.65	0.260	0.271	-0.005	0.031	0.001	0.003	
85.70	0.260	0.271	-0.004	0.014	0.000	-0.004	
85.75	0.259	0.271	-0.004	0.001	0.000	-0.002	
85.80	0.259	0.271	-0.005	0.001	0.000	0.004	
85.85	0.259	0.271	-0.004	0.010	0.000	0.007	
85.90	0.259	0.271	-0.003	0.004	0.001	0.001	
85.95	0.259	0.271	-0.003	-0.014	0.001	-0.020	
86.00	0.259	0.272	-0.005	-0.009	-0.002	-0.020	
86.05	0.258	0.271	-0.005	0.020	-0.002	0.005	
86.10	0.258	0.271	-0.002	0.035	0.000	0.012	
86.15	0.258	0.271	-0.001	0.030	-0.000	0.010	
86.20	0.258	0.271	0.000	0.034	0.001	0.007	
86.25	0.258	0.271	0.002	0.052	0.001	-0.007	
86.30	0.258	0.271	0.005	0.060	-0.001	-0.006	
86.35	0.258	0.271	0.013	-0.023	-0.000	0.002	
86.40	0.260	0.271	0.003	-0.109	0.000	0.006	
86.45	0.258	0.271	-0.007	-0.036	0.000	0.007	
86.50	0.259	0.271	-0.000	0.039	0.001	0.000	
86.55	0.259	0.271	0.002	0.030	0.001	-0.012	
86.60	0.259	0.271	0.003	0.009	-0.001	-0.011	
86.65	0.259	0.271	0.002	-0.003	-0.001	0.005	
86.70	0.259	0.271	0.002	0.001	0.000	0.014	
86.75	0.259	0.271	0.003	0.001	0.001	0.009	
86.80	0.259	0.271	0.002	0.003	0.001	-0.003	
86.85	0.259	0.271	0.002	0.024	0.000	-0.009	
86.90	0.260	0.271	0.004	0.048	0.000	-0.009	
86.95	0.260	0.271	0.007	0.056	-0.000	-0.008	
87.00	0.260	0.271	0.014	-0.021	-0.001	-0.002	
87.05	0.262	0.271	0.010	-0.166	-0.001	0.010	
87.10	0.262	0.271	-0.011	-0.160	0.001	0.009	
87.15	0.260	0.271	-0.014	-0.012	0.000	0.003	
87.20	0.260	0.271	-0.006	0.057	0.000	0.003	
87.25	0.260	0.271	-0.005	0.048	0.001	-0.003	
87.30	0.259	0.271	-0.002	0.030	0.000	-0.009	
87.35	0.259	0.271	-0.001	0.006	-0.000	-0.010	
87.40	0.259	0.271	-0.002	-0.001	-0.001	-0.003	
87.45	0.259	0.271	-0.002	0.004	-0.001	0.009	
87.50	0.259	0.271	-0.002	0.007	0.001	0.008	
87.55	0.259	0.271	-0.001	0.011	0.000	0.000	
87.60	0.259	0.271	-0.000	0.010	0.000	-0.000	
87.65	0.259	0.271	-0.000	0.003	0.000	-0.000	
87.70	0.259	0.271	-0.000	-0.004	0.000	-0.002	
87.75	0.259	0.271	-0.000	-0.010	0.000	-0.011	
87.80	0.259	0.271	-0.002	-0.006	-0.001	-0.013	
87.85	0.259	0.271	-0.002	0.013	-0.002	0.007	
87.90	0.259	0.271	0.000	0.026	-0.000	0.021	
87.95	0.259	0.271	0.002	0.015	0.001	0.016	
88.00	0.259	0.271	0.002	-0.001	0.002	0.003	
88.05	0.259	0.271	0.001	-0.000	0.001	-0.007	
88.10	0.259	0.271	0.001	0.005	0.000	-0.010	
88.15	0.259	0.271	0.002	0.004	0.000	-0.007	
88.20	0.259	0.271	0.002	0.002	-0.000	-0.007	
88.25	0.259	0.271	0.002	-0.008	-0.000	-0.010	
88.30	0.259	0.271	0.001	-0.011	-0.001	-0.008	
88.35	0.259	0.271	0.000	-0.003	-0.002	0.000	
88.40	0.259	0.271	0.001	-0.003	-0.001	0.010	
88.45	0.259	0.271	0.000	-0.006	-0.000	0.016	
88.50	0.259	0.271	0.000	-0.005	0.000	0.016	
88.55	0.259	0.271	-0.000	-0.007	0.002	0.011	
88.60	0.259	0.271	-0.000	-0.010	0.002	-0.005	
88.65	0.259	0.271	-0.001	-0.010	0.001	-0.014	
88.70	0.259	0.271	-0.002	-0.007	0.000	-0.011	
88.75	0.259	0.271	-0.002	-0.008	-0.000	-0.007	
88.80	0.259	0.271	-0.002	-0.010	-0.001	0.003	
88.85	0.259	0.271	-0.003	-0.005	0.000	0.011	
88.90	0.259	0.271	-0.004	0.013	0.001	0.006	
88.95	0.259	0.271	-0.001	0.019	0.001	0.002	
89.00	0.259	0.271	-0.001	0.008	0.001	-0.001	
89.05	0.259	0.272	-0.001	0.005	0.000	-0.004	
89.10	0.259	0.271	-0.000	0.006	0.000	-0.002	
89.15	0.259	0.272	-0.000	0.005	0.001	-0.009	
89.20	0.259	0.272	0.000	0.007	-0.000	-0.016	
89.25	0.259	0.272	0.000	0.012	-0.002	-0.005	
89.30	0.259	0.271	0.001	0.015	-0.001	0.013	
89.35	0.259	0.271	0.002	0.014	0.000	0.012	
89.40	0.259	0.271	0.003	0.013	0.000	0.004	
89.45	0.259	0.271	0.003	0.021	0.000	0.004	
89.50	0.259	0.271	0.004	0.050	0.001	-0.002	
89.55	0.259	0.272	0.008	0.075	0.000	-0.008	
89.60	0.259	0.271	0.016	0.010	-0.000	-0.009	
89.65	0.262	0.272	0.012	-0.110	-0.001	-0.010	
89.70	0.262	0.271	-0.005	-0.061	-0.002	0.001	
89.75	0.260	0.271	0.003	0.040	-0.000	0.012	
89.80	0.262	0.271	0.010	-0.026	0.000	0.003	
89.85	0.262	0.271	0.000	-0.085	-0.001	0.002	
89.90	0.262	0.271	-0.008	0.017	0.000	0.008	
89.95	0.260	0.271	-0.001	0.180	0.001	0.005	
90.00	0.262	0.271	0.018	0.302	0.001	-0.000	
