Vernier Format 2
run13.txt 10/10/2025 15:10:8
Run 1
Time	Position	Position	Velocity	Acceleration	Velocity	Acceleration	
T	P	P	V	A	V	A	
s	m	m	m/s	m/s^2	m/s	m/s^2	

0.00	0.268	0.266	-0.035	0.333	0.266	-0.160	
0.05	0.265	0.279	-0.013	0.175	0.260	-0.234	
0.10	0.267	0.293	-0.006	-0.042	0.247	-0.331	
0.15	0.266	0.304	-0.022	-0.181	0.226	-0.418	
0.20	0.265	0.315	-0.037	-0.102	0.203	-0.493	
0.25	0.261	0.324	-0.031	-0.015	0.180	-0.603	
0.30	0.262	0.334	-0.028	-0.093	0.145	-0.737	
0.35	0.260	0.340	-0.047	-0.061	0.100	-0.762	
0.40	0.256	0.343	-0.045	0.146	0.065	-0.718	
0.45	0.254	0.346	-0.022	0.172	0.031	-0.727	
0.50	0.255	0.346	-0.017	0.003	-0.007	-0.748	
0.55	0.253	0.345	-0.027	-0.095	-0.045	-0.746	
0.60	0.252	0.342	-0.032	-0.088	-0.083	-0.708	
0.65	0.250	0.337	-0.035	-0.064	-0.116	-0.657	
0.70	0.249	0.330	-0.042	0.035	-0.149	-0.598	
0.75	0.245	0.322	-0.035	0.189	-0.177	-0.510	
0.80	0.244	0.312	-0.017	0.239	-0.199	-0.428	
0.85	0.244	0.302	-0.008	0.214	-0.220	-0.339	
0.90	0.244	0.290	0.002	0.216	-0.234	-0.224	
0.95	0.244	0.278	0.018	0.153	-0.243	-0.101	
1.00	0.246	0.266	0.016	0.101	-0.245	0.030	
1.05	0.245	0.253	0.022	0.148	-0.239	0.141	
1.10	0.248	0.242	0.037	0.103	-0.230	0.243	
1.15	0.249	0.230	0.035	0.021	-0.216	0.363	
1.20	0.251	0.220	0.036	0.002	-0.193	0.457	
1.25	0.253	0.211	0.029	0.092	-0.169	0.532	
1.30	0.253	0.203	0.039	0.274	-0.140	0.607	
1.35	0.256	0.197	0.068	0.255	-0.108	0.669	
1.40	0.261	0.192	0.074	0.053	-0.072	0.711	
1.45	0.264	0.190	0.066	-0.052	-0.035	0.721	
1.50	0.268	0.188	0.063	-0.050	0.000	0.725	
1.55	0.271	0.189	0.063	-0.055	0.038	0.708	
1.60	0.274	0.192	0.059	-0.085	0.073	0.653	
1.65	0.277	0.197	0.054	-0.116	0.103	0.598	
1.70	0.280	0.203	0.047	-0.141	0.132	0.549	
1.75	0.281	0.210	0.039	-0.151	0.159	0.471	
1.80	0.283	0.219	0.033	-0.173	0.180	0.372	
1.85	0.285	0.228	0.022	-0.204	0.196	0.277	
1.90	0.286	0.239	0.012	-0.220	0.208	0.174	
1.95	0.286	0.249	0.001	-0.243	0.214	0.064	
2.00	0.286	0.260	-0.012	-0.267	0.214	-0.038	
2.05	0.285	0.271	-0.032	-0.194	0.210	-0.130	
2.10	0.281	0.281	-0.032	-0.116	0.201	-0.221	
2.15	0.282	0.291	-0.032	-0.214	0.188	-0.324	
2.20	0.280	0.300	-0.060	-0.198	0.168	-0.418	
2.25	0.274	0.308	-0.059	-0.065	0.145	-0.474	
2.30	0.274	0.315	-0.055	-0.122	0.121	-0.519	
2.35	0.270	0.320	-0.071	-0.194	0.094	-0.573	
2.40	0.266	0.324	-0.080	-0.179	0.062	-0.607	
2.45	0.262	0.327	-0.088	-0.153	0.031	-0.607	
2.50	0.258	0.328	-0.100	-0.030	0.001	-0.596	
2.55	0.251	0.327	-0.096	0.164	-0.029	-0.571	
2.60	0.247	0.324	-0.072	0.155	-0.056	-0.545	
2.65	0.246	0.321	-0.074	0.040	-0.083	-0.521	
2.70	0.240	0.316	-0.080	0.122	-0.109	-0.480	
2.75	0.236	0.310	-0.064	0.238	-0.131	-0.431	
2.80	0.234	0.303	-0.049	0.245	-0.152	-0.367	
2.85	0.232	0.295	-0.038	0.232	-0.169	-0.289	
2.90	0.230	0.286	-0.029	0.267	-0.182	-0.201	
2.95	0.228	0.276	-0.014	0.349	-0.190	-0.100	
3.00	0.228	0.267	0.008	0.387	-0.192	0.003	
3.05	0.229	0.257	0.027	0.358	-0.188	0.092	
3.10	0.231	0.248	0.048	0.250	-0.183	0.182	
3.15	0.235	0.239	0.050	0.188	-0.171	0.284	
3.20	0.236	0.230	0.056	0.308	-0.153	0.373	
3.25	0.239	0.223	0.087	0.319	-0.133	0.448	
3.30	0.246	0.217	0.099	0.146	-0.108	0.501	
3.35	0.250	0.212	0.096	0.056	-0.081	0.523	
3.40	0.255	0.209	0.098	0.068	-0.056	0.542	
3.45	0.259	0.207	0.104	0.084	-0.028	0.567	
3.50	0.265	0.206	0.111	0.031	0.002	0.570	
3.55	0.271	0.207	0.109	-0.067	0.030	0.545	
3.60	0.276	0.209	0.102	-0.132	0.057	0.503	
3.65	0.281	0.213	0.094	-0.164	0.082	0.443	
3.70	0.286	0.217	0.085	-0.192	0.101	0.386	
3.75	0.290	0.223	0.076	-0.232	0.120	0.332	
3.80	0.293	0.230	0.062	-0.277	0.135	0.272	
3.85	0.296	0.236	0.047	-0.307	0.147	0.205	
3.90	0.298	0.245	0.032	-0.331	0.156	0.124	
3.95	0.299	0.252	0.014	-0.357	0.160	0.041	
4.00	0.300	0.261	-0.005	-0.361	0.160	-0.044	
4.05	0.299	0.269	-0.023	-0.351	0.155	-0.120	
4.10	0.297	0.276	-0.040	-0.341	0.147	-0.174	
4.15	0.295	0.283	-0.058	-0.309	0.138	-0.227	
4.20	0.291	0.290	-0.071	-0.267	0.125	-0.291	
4.25	0.287	0.296	-0.084	-0.238	0.109	-0.357	
4.30	0.283	0.301	-0.095	-0.220	0.089	-0.413	
4.35	0.278	0.305	-0.106	-0.197	0.066	-0.445	
4.40	0.272	0.308	-0.116	-0.159	0.044	-0.460	
4.45	0.266	0.310	-0.121	-0.126	0.021	-0.479	
4.50	0.260	0.310	-0.125	-0.124	-0.005	-0.471	
4.55	0.254	0.309	-0.139	-0.025	-0.028	-0.434	
4.60	0.245	0.307	-0.134	0.180	-0.048	-0.399	
4.65	0.240	0.304	-0.114	0.262	-0.068	-0.367	
4.70	0.235	0.300	-0.104	0.263	-0.085	-0.330	
4.75	0.229	0.295	-0.089	0.280	-0.101	-0.288	
4.80	0.226	0.290	-0.076	0.299	-0.115	-0.233	
4.85	0.222	0.284	-0.061	0.348	-0.124	-0.171	
4.90	0.219	0.277	-0.041	0.401	-0.131	-0.115	
4.95	0.218	0.271	-0.019	0.416	-0.136	-0.054	
5.00	0.218	0.264	0.002	0.402	-0.137	0.017	
5.05	0.218	0.257	0.021	0.385	-0.135	0.097	
5.10	0.220	0.250	0.040	0.375	-0.127	0.161	
5.15	0.222	0.244	0.058	0.379	-0.118	0.209	
5.20	0.226	0.238	0.079	0.360	-0.106	0.263	
5.25	0.230	0.233	0.096	0.311	-0.092	0.318	
5.30	0.235	0.229	0.109	0.269	-0.074	0.362	
5.35	0.241	0.226	0.123	0.226	-0.054	0.386	
5.40	0.248	0.224	0.133	0.160	-0.035	0.402	
5.45	0.254	0.222	0.138	0.108	-0.015	0.429	
5.50	0.261	0.222	0.141	0.087	0.009	0.429	
5.55	0.268	0.223	0.150	-0.009	0.030	0.386	
5.60	0.277	0.225	0.146	-0.188	0.047	0.344	
5.65	0.283	0.228	0.127	-0.289	0.064	0.307	
5.70	0.289	0.232	0.113	-0.308	0.079	0.253	
5.75	0.295	0.236	0.096	-0.316	0.089	0.201	
5.80	0.299	0.241	0.081	-0.332	0.099	0.143	
5.85	0.303	0.246	0.064	-0.371	0.104	0.082	
5.90	0.306	0.251	0.045	-0.416	0.107	0.033	
5.95	0.307	0.257	0.022	-0.448	0.107	-0.004	
6.00	0.308	0.262	-0.001	-0.450	0.106	-0.034	
6.05	0.307	0.267	-0.024	-0.429	0.104	-0.083	
6.10	0.305	0.272	-0.044	-0.407	0.098	-0.135	
6.15	0.303	0.277	-0.063	-0.412	0.091	-0.184	
6.20	0.299	0.282	-0.086	-0.404	0.079	-0.224	
6.25	0.294	0.285	-0.104	-0.377	0.067	-0.245	
6.30	0.289	0.288	-0.128	-0.285	0.055	-0.270	
6.35	0.280	0.291	-0.132	-0.203	0.040	-0.286	
6.40	0.276	0.292	-0.143	-0.200	0.025	-0.284	
6.45	0.267	0.293	-0.160	-0.065	0.012	-0.293	
6.50	0.259	0.294	-0.151	0.097	-0.004	-0.307	
6.55	0.251	0.293	-0.142	0.118	-0.020	-0.299	
6.60	0.245	0.292	-0.138	0.109	-0.034	-0.276	
6.65	0.238	0.289	-0.135	0.165	-0.048	-0.235	
6.70	0.231	0.287	-0.123	0.258	-0.058	-0.188	
6.75	0.225	0.283	-0.107	0.309	-0.067	-0.144	
6.80	0.221	0.280	-0.092	0.349	-0.072	-0.109	
6.85	0.216	0.276	-0.074	0.424	-0.077	-0.095	
6.90	0.213	0.272	-0.048	0.479	-0.082	-0.067	
6.95	0.211	0.268	-0.023	0.470	-0.084	-0.018	
7.00	0.211	0.264	-0.001	0.442	-0.084	0.027	
7.05	0.211	0.259	0.020	0.437	-0.081	0.068	
7.10	0.212	0.255	0.042	0.450	-0.077	0.107	
7.15	0.215	0.252	0.066	0.442	-0.071	0.148	
7.20	0.219	0.248	0.088	0.405	-0.062	0.188	
7.25	0.224	0.245	0.107	0.363	-0.051	0.204	
7.30	0.230	0.243	0.123	0.324	-0.041	0.204	
7.35	0.236	0.241	0.138	0.293	-0.031	0.210	
7.40	0.244	0.240	0.157	0.190	-0.020	0.220	
7.45	0.253	0.239	0.157	0.087	-0.009	0.235	
7.50	0.259	0.239	0.162	0.040	0.004	0.233	
7.55	0.269	0.240	0.167	-0.111	0.015	0.211	
7.60	0.277	0.241	0.151	-0.264	0.025	0.185	
7.65	0.284	0.242	0.135	-0.302	0.034	0.157	
7.70	0.290	0.244	0.120	-0.303	0.041	0.132	
7.75	0.297	0.246	0.101	-0.243	0.047	0.110	
7.80	0.299	0.249	0.097	-0.226	0.052	0.079	
7.85	0.306	0.252	0.089	-0.395	0.056	0.028	
7.90	0.310	0.255	0.056	-0.530	0.054	-0.006	
7.95	0.312	0.257	0.028	-0.528	0.054	-0.017	
8.00	0.312	0.260	0.002	-0.498	0.053	-0.042	
8.05	0.312	0.263	-0.020	-0.481	0.050	-0.078	
8.10	0.310	0.265	-0.046	-0.467	0.045	-0.098	
8.15	0.307	0.267	-0.069	-0.418	0.039	-0.094	
8.20	0.303	0.269	-0.087	-0.367	0.036	-0.094	
8.25	0.298	0.271	-0.105	-0.342	0.031	-0.120	
8.30	0.292	0.272	-0.120	-0.343	0.024	-0.145	
8.35	0.287	0.273	-0.138	-0.339	0.015	-0.149	
8.40	0.279	0.274	-0.161	-0.212	0.007	-0.126	
8.45	0.269	0.274	-0.165	0.000	0.003	-0.107	
8.50	0.262	0.274	-0.151	0.044	-0.002	-0.114	
8.55	0.256	0.274	-0.156	0.013	-0.009	-0.109	
8.60	0.246	0.273	-0.159	0.129	-0.014	-0.080	
8.65	0.239	0.272	-0.143	0.238	-0.017	-0.054	
8.70	0.232	0.271	-0.131	0.283	-0.018	-0.050	
8.75	0.226	0.270	-0.115	0.326	-0.022	-0.049	
8.80	0.220	0.269	-0.099	0.375	-0.024	-0.037	
8.85	0.215	0.268	-0.078	0.431	-0.025	-0.022	
8.90	0.212	0.266	-0.054	0.459	-0.026	-0.000	
8.95	0.210	0.265	-0.031	0.475	-0.025	0.012	
9.00	0.209	0.264	-0.007	0.486	-0.025	0.024	
9.05	0.209	0.263	0.018	0.480	-0.023	0.045	
9.10	0.211	0.262	0.042	0.462	-0.020	0.061	
9.15	0.214	0.261	0.064	0.448	-0.016	0.064	
9.20	0.217	0.260	0.088	0.413	-0.014	0.059	
9.25	0.223	0.259	0.106	0.361	-0.011	0.064	
9.30	0.228	0.259	0.122	0.346	-0.007	0.060	
9.35	0.235	0.259	0.139	0.344	-0.005	0.051	
9.40	0.242	0.258	0.161	0.247	-0.002	0.054	
9.45	0.252	0.258	0.170	0.045	0.002	0.043	
9.50	0.259	0.259	0.161	-0.087	0.002	0.028	
9.55	0.267	0.258	0.157	-0.139	0.004	0.026	
9.60	0.275	0.259	0.149	-0.194	0.005	0.022	
9.65	0.282	0.259	0.137	-0.236	0.006	0.016	
9.70	0.289	0.259	0.124	-0.263	0.007	-0.001	
9.75	0.295	0.260	0.111	-0.295	0.006	-0.024	
9.80	0.300	0.260	0.096	-0.355	0.003	-0.024	
9.85	0.305	0.260	0.075	-0.418	0.003	-0.018	
9.90	0.308	0.261	0.053	-0.462	0.003	-0.029	
9.95	0.310	0.261	0.031	-0.518	-0.001	-0.024	
10.00	0.311	0.260	0.001	-0.545	-0.000	-0.007	
10.05	0.310	0.261	-0.034	-0.401	0.000	-0.016	
10.10	0.306	0.260	-0.040	-0.258	-0.002	-0.019	
10.15	0.306	0.260	-0.045	-0.364	-0.002	-0.015	
10.20	0.303	0.260	-0.077	-0.479	-0.003	-0.011	
10.25	0.298	0.260	-0.101	-0.463	-0.004	0.004	
10.30	0.293	0.260	-0.122	-0.424	-0.003	0.019	
10.35	0.286	0.259	-0.147	-0.301	-0.001	0.018	
10.40	0.277	0.260	-0.157	-0.107	-0.001	0.014	
10.45	0.270	0.259	-0.154	0.020	-0.001	0.025	
10.50	0.262	0.259	-0.151	0.069	0.002	0.029	
10.55	0.255	0.260	-0.146	0.089	0.002	0.037	
10.60	0.248	0.259	-0.142	0.113	0.005	0.051	
10.65	0.241	0.260	-0.135	0.148	0.008	0.041	
10.70	0.234	0.261	-0.128	0.205	0.009	0.040	
10.75	0.228	0.261	-0.117	0.307	0.012	0.046	
10.80	0.222	0.262	-0.097	0.388	0.014	0.035	
10.85	0.218	0.262	-0.076	0.419	0.015	0.022	
10.90	0.215	0.263	-0.054	0.435	0.016	0.018	
10.95	0.212	0.264	-0.032	0.440	0.017	0.018	
11.00	0.211	0.265	-0.011	0.449	0.018	0.013	
11.05	0.211	0.266	0.013	0.456	0.018	0.013	
11.10	0.213	0.267	0.036	0.449	0.019	0.012	
11.15	0.215	0.268	0.058	0.433	0.021	-0.014	
11.20	0.219	0.269	0.080	0.399	0.019	-0.057	
11.25	0.223	0.270	0.099	0.340	0.013	-0.073	
11.30	0.229	0.270	0.115	0.267	0.010	-0.065	
11.35	0.235	0.271	0.125	0.206	0.007	-0.060	
11.40	0.241	0.271	0.135	0.158	0.005	-0.067	
11.45	0.248	0.271	0.141	0.112	0.002	-0.094	
11.50	0.256	0.271	0.144	0.084	-0.005	-0.111	
11.55	0.262	0.271	0.149	0.048	-0.011	-0.099	
11.60	0.270	0.270	0.156	-0.108	-0.016	-0.074	
11.65	0.279	0.269	0.142	-0.314	-0.017	-0.069	
11.70	0.285	0.268	0.112	-0.317	-0.021	-0.083	
11.75	0.289	0.267	0.107	-0.248	-0.027	-0.072	
11.80	0.296	0.265	0.100	-0.358	-0.029	-0.054	
11.85	0.300	0.264	0.066	-0.392	-0.031	-0.056	
11.90	0.301	0.263	0.053	-0.325	-0.035	-0.050	
11.95	0.306	0.261	0.043	-0.425	-0.038	-0.017	
12.00	0.307	0.259	0.013	-0.557	-0.036	0.013	
12.05	0.307	0.257	-0.017	-0.599	-0.035	0.028	
12.10	0.305	0.255	-0.053	-0.509	-0.033	0.038	
12.15	0.301	0.254	-0.074	-0.304	-0.032	0.050	
12.20	0.297	0.252	-0.077	-0.204	-0.029	0.078	
12.25	0.294	0.251	-0.088	-0.227	-0.023	0.093	
12.30	0.288	0.250	-0.102	-0.232	-0.019	0.094	
12.35	0.283	0.249	-0.113	-0.208	-0.015	0.108	
12.40	0.277	0.248	-0.123	-0.173	-0.009	0.130	
12.45	0.271	0.248	-0.131	-0.122	-0.001	0.140	
12.50	0.264	0.248	-0.136	-0.057	0.006	0.133	
12.55	0.257	0.248	-0.136	0.010	0.012	0.138	
12.60	0.250	0.249	-0.133	0.058	0.019	0.150	
12.65	0.244	0.250	-0.136	0.181	0.028	0.139	
12.70	0.235	0.252	-0.116	0.299	0.034	0.116	
12.75	0.232	0.254	-0.094	0.224	0.039	0.097	
12.80	0.228	0.256	-0.098	0.229	0.043	0.083	
12.85	0.222	0.258	-0.083	0.429	0.048	0.065	
12.90	0.218	0.261	-0.051	0.558	0.051	0.026	
12.95	0.216	0.263	-0.016	0.485	0.050	-0.007	
13.00	0.217	0.266	0.003	0.300	0.049	-0.020	
13.05	0.217	0.268	0.009	0.213	0.048	-0.042	
13.10	0.218	0.271	0.015	0.303	0.046	-0.078	
13.15	0.218	0.273	0.035	0.460	0.039	-0.094	
13.20	0.221	0.274	0.072	0.429	0.035	-0.088	
13.25	0.227	0.276	0.082	0.308	0.032	-0.106	
13.30	0.229	0.278	0.095	0.295	0.025	-0.139	
13.35	0.236	0.279	0.117	0.203	0.017	-0.159	
13.40	0.242	0.280	0.117	0.092	0.009	-0.174	
13.45	0.247	0.280	0.121	0.054	-0.001	-0.174	
13.50	0.254	0.279	0.124	-0.005	-0.009	-0.163	
13.55	0.260	0.279	0.121	-0.057	-0.017	-0.156	
13.60	0.266	0.278	0.117	-0.084	-0.024	-0.150	
13.65	0.272	0.277	0.113	-0.125	-0.031	-0.148	
13.70	0.277	0.275	0.105	-0.182	-0.040	-0.135	
13.75	0.283	0.273	0.095	-0.243	-0.045	-0.119	
13.80	0.287	0.270	0.080	-0.273	-0.051	-0.106	
13.85	0.291	0.267	0.066	-0.279	-0.056	-0.083	
13.90	0.293	0.264	0.052	-0.306	-0.060	-0.046	
13.95	0.295	0.261	0.042	-0.425	-0.061	-0.004	
14.00	0.299	0.258	0.008	-0.506	-0.060	0.025	
14.05	0.296	0.255	-0.022	-0.369	-0.058	0.047	
14.10	0.295	0.252	-0.027	-0.245	-0.056	0.074	
14.15	0.294	0.250	-0.038	-0.251	-0.051	0.104	
14.20	0.292	0.247	-0.052	-0.269	-0.045	0.128	
14.25	0.289	0.245	-0.067	-0.266	-0.038	0.152	
14.30	0.285	0.243	-0.080	-0.239	-0.029	0.174	
14.35	0.281	0.242	-0.091	-0.193	-0.020	0.189	
14.40	0.276	0.241	-0.100	-0.140	-0.011	0.206	
14.45	0.270	0.241	-0.105	-0.094	0.001	0.209	
14.50	0.265	0.241	-0.109	-0.053	0.011	0.195	
14.55	0.260	0.242	-0.112	0.022	0.020	0.187	
14.60	0.254	0.243	-0.107	0.101	0.030	0.178	
14.65	0.249	0.245	-0.099	0.116	0.038	0.163	
14.70	0.244	0.247	-0.093	0.088	0.046	0.148	
14.75	0.240	0.250	-0.090	0.080	0.053	0.121	
14.80	0.235	0.253	-0.092	0.204	0.058	0.099	
14.85	0.229	0.256	-0.075	0.418	0.063	0.070	
14.90	0.227	0.259	-0.039	0.443	0.066	0.029	
14.95	0.227	0.262	-0.026	0.367	0.065	0.001	
15.00	0.224	0.266	-0.008	0.352	0.065	-0.016	
15.05	0.226	0.269	0.015	0.251	0.064	-0.045	
15.10	0.226	0.272	0.017	0.185	0.062	-0.093	
15.15	0.227	0.275	0.022	0.302	0.055	-0.144	
15.20	0.227	0.278	0.048	0.391	0.046	-0.174	
15.25	0.232	0.280	0.073	0.271	0.037	-0.179	
15.30	0.236	0.281	0.076	0.127	0.028	-0.182	
15.35	0.240	0.283	0.080	0.079	0.019	-0.192	
15.40	0.244	0.283	0.082	0.077	0.009	-0.206	
15.45	0.248	0.284	0.087	0.092	-0.002	-0.216	
15.50	0.252	0.283	0.094	0.062	-0.013	-0.212	
15.55	0.258	0.282	0.094	0.013	-0.023	-0.204	
15.60	0.262	0.281	0.093	-0.014	-0.034	-0.191	
15.65	0.267	0.279	0.095	-0.078	-0.042	-0.168	
15.70	0.272	0.277	0.088	-0.175	-0.050	-0.142	
15.75	0.276	0.274	0.074	-0.218	-0.056	-0.119	
15.80	0.279	0.271	0.064	-0.218	-0.062	-0.102	
15.85	0.282	0.268	0.053	-0.225	-0.067	-0.075	
15.90	0.284	0.264	0.042	-0.252	-0.070	-0.040	
15.95	0.287	0.261	0.028	-0.278	-0.071	-0.005	
16.00	0.287	0.257	0.013	-0.276	-0.070	0.028	
16.05	0.288	0.253	0.000	-0.277	-0.069	0.064	
16.10	0.287	0.250	-0.015	-0.273	-0.064	0.098	
16.15	0.286	0.247	-0.028	-0.257	-0.058	0.126	
16.20	0.285	0.244	-0.041	-0.232	-0.052	0.171	
16.25	0.282	0.242	-0.050	-0.212	-0.041	0.213	
16.30	0.280	0.240	-0.062	-0.187	-0.030	0.229	
16.35	0.276	0.239	-0.071	-0.121	-0.018	0.237	
16.40	0.272	0.238	-0.073	-0.077	-0.006	0.236	
16.45	0.269	0.238	-0.078	-0.056	0.006	0.227	
16.50	0.264	0.239	-0.079	-0.021	0.016	0.226	
16.55	0.261	0.240	-0.079	0.006	0.029	0.228	
16.60	0.256	0.242	-0.079	0.033	0.040	0.219	
16.65	0.252	0.244	-0.075	0.046	0.051	0.195	
16.70	0.249	0.247	-0.073	0.039	0.061	0.140	
16.75	0.245	0.250	-0.071	0.049	0.065	0.082	
16.80	0.242	0.253	-0.074	0.172	0.067	0.062	
16.85	0.237	0.257	-0.060	0.368	0.071	0.058	
16.90	0.235	0.261	-0.025	0.348	0.075	0.028	
16.95	0.236	0.264	-0.015	0.153	0.074	-0.011	
17.00	0.235	0.268	-0.023	0.154	0.072	-0.034	
17.05	0.232	0.271	-0.004	0.244	0.071	-0.065	
17.10	0.234	0.275	0.014	0.167	0.066	-0.105	
17.15	0.235	0.278	0.007	0.186	0.060	-0.151	
17.20	0.234	0.281	0.021	0.362	0.051	-0.197	
17.25	0.236	0.283	0.056	0.320	0.039	-0.216	
17.30	0.241	0.285	0.064	0.101	0.029	-0.218	
17.35	0.243	0.286	0.056	0.030	0.019	-0.237	
17.40	0.245	0.287	0.061	0.059	0.005	-0.247	
17.45	0.249	0.287	0.066	0.040	-0.007	-0.243	
17.50	0.252	0.286	0.065	0.020	-0.019	-0.248	
17.55	0.255	0.285	0.066	0.023	-0.033	-0.233	
17.60	0.259	0.283	0.069	0.004	-0.043	-0.197	
17.65	0.262	0.281	0.068	-0.045	-0.052	-0.171	
17.70	0.266	0.278	0.064	-0.092	-0.059	-0.159	
17.75	0.269	0.275	0.059	-0.130	-0.068	-0.133	
17.80	0.272	0.271	0.051	-0.165	-0.074	-0.086	
17.85	0.274	0.267	0.040	-0.159	-0.076	-0.055	
17.90	0.276	0.263	0.035	-0.149	-0.079	-0.035	
17.95	0.278	0.259	0.028	-0.185	-0.080	-0.004	
18.00	0.279	0.255	0.016	-0.207	-0.080	0.049	
18.05	0.279	0.251	0.006	-0.206	-0.076	0.108	
18.10	0.279	0.247	-0.006	-0.190	-0.068	0.141	
18.15	0.278	0.244	-0.014	-0.161	-0.061	0.160	
18.20	0.278	0.241	-0.020	-0.157	-0.052	0.185	
18.25	0.276	0.239	-0.029	-0.168	-0.042	0.204	
18.30	0.275	0.237	-0.038	-0.155	-0.032	0.226	
18.35	0.273	0.236	-0.046	-0.102	-0.019	0.246	
18.40	0.270	0.235	-0.048	-0.061	-0.006	0.246	
18.45	0.268	0.235	-0.051	-0.048	0.004	0.259	
18.50	0.265	0.235	-0.053	-0.032	0.020	0.268	
18.55	0.263	0.237	-0.054	-0.019	0.033	0.248	
18.60	0.260	0.239	-0.056	0.015	0.044	0.231	
18.65	0.257	0.241	-0.053	0.053	0.056	0.209	
18.70	0.254	0.245	-0.049	0.065	0.066	0.162	
18.75	0.252	0.248	-0.046	0.072	0.072	0.116	
18.80	0.250	0.252	-0.042	0.090	0.077	0.081	
18.85	0.248	0.256	-0.038	0.120	0.081	0.038	
18.90	0.246	0.260	-0.030	0.140	0.081	-0.008	
18.95	0.245	0.264	-0.023	0.137	0.079	-0.038	
19.00	0.244	0.268	-0.016	0.129	0.076	-0.052	
19.05	0.243	0.272	-0.009	0.112	0.075	-0.087	
19.10	0.243	0.276	-0.005	0.106	0.069	-0.140	
19.15	0.243	0.279	-0.004	0.191	0.060	-0.177	
19.20	0.241	0.282	0.015	0.263	0.050	-0.194	
19.25	0.244	0.284	0.032	0.156	0.041	-0.209	
19.30	0.246	0.286	0.029	0.053	0.030	-0.230	
19.35	0.247	0.287	0.033	0.028	0.017	-0.243	
19.40	0.249	0.287	0.033	0.010	0.004	-0.236	
19.45	0.250	0.287	0.032	0.037	-0.007	-0.225	
19.50	0.252	0.287	0.035	0.077	-0.017	-0.231	
19.55	0.253	0.286	0.043	0.063	-0.030	-0.232	
19.60	0.257	0.284	0.044	-0.005	-0.041	-0.215	
19.65	0.258	0.282	0.039	-0.028	-0.052	-0.187	
19.70	0.260	0.278	0.041	-0.040	-0.060	-0.156	
19.75	0.263	0.276	0.037	-0.075	-0.067	-0.131	
19.80	0.264	0.272	0.032	-0.076	-0.074	-0.091	
19.85	0.266	0.268	0.030	-0.079	-0.077	-0.044	
19.90	0.267	0.264	0.023	-0.075	-0.078	-0.005	
19.95	0.268	0.260	0.021	-0.060	-0.076	0.017	
20.00	0.269	0.256	0.020	-0.089	-0.075	0.031	
20.05	0.270	0.253	0.012	-0.111	-0.074	0.066	
20.10	0.270	0.249	0.007	-0.100	-0.070	0.122	
20.15	0.271	0.245	0.003	-0.107	-0.061	0.170	
20.20	0.271	0.243	-0.003	-0.126	-0.052	0.195	
20.25	0.270	0.240	-0.011	-0.112	-0.042	0.215	
20.30	0.269	0.238	-0.016	-0.072	-0.030	0.233	
20.35	0.269	0.237	-0.017	-0.054	-0.018	0.238	
20.40	0.268	0.237	-0.021	-0.048	-0.006	0.239	
20.45	0.267	0.236	-0.022	-0.047	0.006	0.246	
20.50	0.266	0.237	-0.025	-0.056	0.018	0.244	
20.55	0.264	0.238	-0.029	-0.041	0.031	0.230	
20.60	0.263	0.240	-0.029	-0.020	0.042	0.206	
20.65	0.261	0.243	-0.029	-0.015	0.051	0.178	
20.70	0.260	0.245	-0.032	0.009	0.060	0.150	
20.75	0.258	0.249	-0.030	0.057	0.067	0.113	
20.80	0.257	0.252	-0.024	0.065	0.071	0.083	
20.85	0.256	0.256	-0.022	0.048	0.074	0.061	
20.90	0.254	0.260	-0.019	0.036	0.078	0.015	
20.95	0.254	0.264	-0.019	0.031	0.077	-0.048	
21.00	0.252	0.268	-0.019	0.074	0.072	-0.083	
21.05	0.252	0.271	-0.010	0.090	0.068	-0.102	
21.10	0.252	0.274	-0.007	0.056	0.062	-0.130	
21.15	0.251	0.277	-0.006	0.049	0.054	-0.152	
21.20	0.251	0.280	-0.003	0.055	0.048	-0.184	
21.25	0.251	0.282	-0.001	0.060	0.037	-0.224	
21.30	0.251	0.283	0.003	0.062	0.024	-0.233	
21.35	0.251	0.284	0.007	0.043	0.012	-0.223	
21.40	0.252	0.285	0.007	0.032	0.002	-0.215	
21.45	0.252	0.285	0.008	0.047	-0.009	-0.214	
21.50	0.252	0.284	0.012	0.059	-0.020	-0.210	
21.55	0.253	0.282	0.016	0.045	-0.030	-0.205	
21.60	0.254	0.281	0.017	0.017	-0.041	-0.194	
21.65	0.255	0.278	0.016	0.012	-0.050	-0.162	
21.70	0.255	0.276	0.018	0.016	-0.057	-0.124	
21.75	0.257	0.273	0.019	-0.002	-0.062	-0.093	
21.80	0.257	0.270	0.017	-0.010	-0.066	-0.067	
21.85	0.258	0.266	0.018	-0.012	-0.070	-0.025	
21.90	0.259	0.262	0.016	-0.022	-0.068	0.006	
21.95	0.260	0.259	0.014	-0.013	-0.069	0.032	
22.00	0.261	0.255	0.016	-0.013	-0.066	0.069	
22.05	0.262	0.252	0.014	-0.031	-0.061	0.090	
22.10	0.262	0.249	0.011	-0.029	-0.057	0.112	
22.15	0.263	0.247	0.010	-0.010	-0.050	0.141	
22.20	0.263	0.244	0.011	-0.010	-0.043	0.174	
22.25	0.264	0.242	0.012	-0.052	-0.033	0.212	
22.30	0.264	0.241	0.005	-0.076	-0.020	0.224	
22.35	0.264	0.240	0.001	-0.055	-0.010	0.221	
22.40	0.264	0.240	0.000	-0.034	0.001	0.226	
22.45	0.264	0.240	-0.001	-0.030	0.014	0.217	
22.50	0.264	0.241	-0.003	-0.030	0.023	0.201	
22.55	0.264	0.243	-0.004	-0.024	0.033	0.193	
22.60	0.264	0.245	-0.005	-0.030	0.044	0.164	
22.65	0.264	0.247	-0.007	-0.043	0.049	0.137	
22.70	0.263	0.250	-0.010	-0.045	0.056	0.120	
22.75	0.263	0.253	-0.011	-0.044	0.063	0.076	
22.80	0.262	0.256	-0.015	-0.032	0.065	0.025	
22.85	0.261	0.259	-0.016	0.002	0.064	-0.010	
22.90	0.260	0.263	-0.013	0.010	0.063	-0.024	
22.95	0.260	0.265	-0.013	-0.009	0.062	-0.031	
23.00	0.259	0.269	-0.016	0.008	0.060	-0.055	
23.05	0.258	0.272	-0.012	0.017	0.056	-0.089	
23.10	0.258	0.274	-0.012	-0.020	0.052	-0.128	
23.15	0.257	0.277	-0.016	-0.028	0.044	-0.166	
23.20	0.256	0.279	-0.016	-0.008	0.034	-0.185	
23.25	0.256	0.280	-0.016	0.012	0.024	-0.189	
23.30	0.255	0.281	-0.015	0.040	0.015	-0.191	
23.35	0.254	0.282	-0.011	0.044	0.006	-0.200	
23.40	0.254	0.282	-0.011	0.041	-0.005	-0.206	
23.45	0.253	0.281	-0.008	0.052	-0.015	-0.197	
23.50	0.253	0.280	-0.005	0.050	-0.025	-0.179	
23.55	0.252	0.279	-0.003	0.044	-0.033	-0.154	
23.60	0.252	0.277	-0.000	0.043	-0.040	-0.137	
23.65	0.252	0.275	0.001	0.044	-0.047	-0.119	
23.70	0.253	0.272	0.003	0.056	-0.052	-0.092	
23.75	0.253	0.270	0.007	0.058	-0.056	-0.065	
23.80	0.253	0.267	0.012	0.008	-0.059	-0.034	
23.85	0.254	0.264	0.009	-0.047	-0.060	-0.004	
23.90	0.254	0.261	0.004	-0.046	-0.059	0.025	
23.95	0.255	0.258	-0.001	0.057	-0.057	0.057	
24.00	0.253	0.255	0.012	0.139	-0.054	0.087	
24.05	0.256	0.252	0.017	0.126	-0.048	0.098	
24.10	0.255	0.250	0.023	0.117	-0.044	0.106	
24.15	0.258	0.248	0.034	0.020	-0.038	0.133	
24.20	0.259	0.246	0.025	-0.076	-0.031	0.161	
24.25	0.261	0.245	0.021	-0.081	-0.022	0.181	
24.30	0.261	0.244	0.016	-0.064	-0.012	0.191	
24.35	0.262	0.243	0.015	-0.042	-0.002	0.188	
24.40	0.263	0.244	0.013	-0.030	0.007	0.181	
24.45	0.263	0.244	0.012	-0.017	0.016	0.178	
24.50	0.264	0.245	0.013	-0.033	0.025	0.167	
24.55	0.265	0.247	0.009	-0.059	0.033	0.148	
24.60	0.265	0.249	0.005	-0.056	0.040	0.123	
24.65	0.265	0.251	0.004	-0.055	0.045	0.091	
24.70	0.265	0.253	-0.000	-0.054	0.049	0.070	
24.75	0.265	0.256	-0.002	-0.049	0.052	0.049	
24.80	0.265	0.258	-0.005	-0.052	0.054	0.017	
24.85	0.264	0.261	-0.007	-0.053	0.054	-0.018	
24.90	0.264	0.264	-0.010	-0.053	0.052	-0.049	
24.95	0.263	0.266	-0.014	-0.039	0.048	-0.066	
25.00	0.263	0.269	-0.013	-0.042	0.045	-0.073	
25.05	0.262	0.271	-0.016	-0.077	0.042	-0.095	
25.10	0.261	0.273	-0.021	-0.103	0.037	-0.136	
25.15	0.260	0.275	-0.028	-0.077	0.027	-0.153	
25.20	0.259	0.276	-0.036	0.066	0.019	-0.132	
25.25	0.255	0.276	-0.020	0.165	0.015	-0.131	
25.30	0.257	0.277	-0.007	0.053	0.008	-0.155	
25.35	0.256	0.277	-0.016	-0.040	-0.001	-0.164	
25.40	0.255	0.277	-0.017	-0.044	-0.010	-0.156	
25.45	0.254	0.276	-0.019	-0.040	-0.017	-0.143	
25.50	0.253	0.275	-0.022	0.004	-0.023	-0.138	
25.55	0.252	0.274	-0.025	0.134	-0.031	-0.121	
25.60	0.249	0.272	-0.006	0.196	-0.036	-0.084	
25.65	0.252	0.270	0.005	0.079	-0.039	-0.052	
25.70	0.251	0.268	-0.002	0.026	-0.041	-0.033	
25.75	0.251	0.266	0.003	0.046	-0.042	-0.018	
25.80	0.251	0.264	0.005	0.035	-0.043	-0.006	
25.85	0.251	0.262	0.008	0.012	-0.043	0.003	
25.90	0.252	0.260	0.007	-0.021	-0.043	0.018	
25.95	0.253	0.258	-0.003	0.085	-0.042	0.046	
26.00	0.250	0.255	0.014	0.204	-0.038	0.079	
26.05	0.254	0.254	0.030	0.106	-0.033	0.098	
26.10	0.255	0.252	0.025	-0.014	-0.028	0.103	
26.15	0.256	0.251	0.025	-0.058	-0.023	0.119	
26.20	0.257	0.250	0.019	-0.064	-0.017	0.148	
26.25	0.258	0.249	0.011	0.057	-0.007	0.157	
26.30	0.257	0.249	0.025	0.153	0.001	0.129	
26.35	0.261	0.249	0.039	0.021	0.005	0.104	
26.40	0.263	0.250	0.027	-0.113	0.009	0.115	
26.45	0.263	0.250	0.020	-0.118	0.017	0.126	
26.50	0.264	0.251	0.015	-0.106	0.024	0.106	
26.55	0.265	0.253	0.010	-0.093	0.027	0.087	
26.60	0.266	0.254	0.002	-0.011	0.032	0.076	
26.65	0.264	0.256	0.009	0.063	0.035	0.055	
26.70	0.267	0.257	0.018	-0.032	0.037	0.040	
26.75	0.267	0.259	0.006	-0.142	0.040	0.019	
26.80	0.267	0.262	-0.002	-0.165	0.039	-0.009	
26.85	0.267	0.263	-0.010	-0.164	0.038	-0.027	
26.90	0.266	0.265	-0.019	-0.133	0.037	-0.050	
26.95	0.265	0.267	-0.029	-0.012	0.033	-0.074	
27.00	0.262	0.269	-0.019	0.080	0.028	-0.083	
27.05	0.263	0.270	-0.010	-0.027	0.024	-0.081	
27.10	0.262	0.271	-0.022	-0.137	0.021	-0.095	
27.15	0.261	0.272	-0.030	-0.122	0.016	-0.121	
27.20	0.259	0.273	-0.041	0.015	0.008	-0.131	
27.25	0.255	0.273	-0.028	0.136	0.002	-0.124	
27.30	0.256	0.273	-0.016	0.068	-0.004	-0.118	
27.35	0.255	0.273	-0.022	0.004	-0.010	-0.106	
27.40	0.254	0.272	-0.021	0.021	-0.014	-0.097	
27.45	0.253	0.271	-0.019	0.025	-0.019	-0.098	
27.50	0.252	0.270	-0.018	0.026	-0.025	-0.081	
27.55	0.251	0.269	-0.018	0.053	-0.029	-0.040	
27.60	0.250	0.267	-0.013	0.089	-0.029	0.002	
27.65	0.250	0.265	-0.007	0.092	-0.026	0.001	
27.70	0.249	0.264	-0.002	0.055	-0.028	-0.024	
27.75	0.250	0.263	-0.001	0.019	-0.030	-0.024	
27.80	0.249	0.261	-0.002	0.034	-0.032	0.002	
27.85	0.249	0.259	-0.003	0.138	-0.031	0.044	
27.90	0.248	0.258	0.013	0.200	-0.026	0.069	
27.95	0.251	0.257	0.027	0.085	-0.023	0.069	
28.00	0.252	0.256	0.021	-0.022	-0.019	0.065	
28.05	0.253	0.255	0.013	0.062	-0.017	0.069	
28.10	0.252	0.254	0.028	0.144	-0.013	0.082	
28.15	0.256	0.254	0.039	0.040	-0.008	0.086	
28.20	0.257	0.253	0.029	-0.027	-0.004	0.081	
28.25	0.258	0.253	0.031	-0.012	-0.000	0.090	
28.30	0.260	0.253	0.031	-0.048	0.005	0.101	
28.35	0.262	0.254	0.027	-0.087	0.010	0.098	
28.40	0.263	0.254	0.021	-0.094	0.016	0.079	
28.45	0.264	0.256	0.012	-0.005	0.018	0.054	
28.50	0.263	0.256	0.021	0.068	0.020	0.044	
28.55	0.266	0.257	0.029	-0.041	0.023	0.026	
28.60	0.267	0.259	0.016	-0.130	0.023	0.009	
28.65	0.267	0.260	0.010	-0.120	0.023	0.010	
28.70	0.268	0.261	0.004	-0.110	0.024	0.001	
28.75	0.268	0.262	-0.001	-0.110	0.024	-0.016	
28.80	0.268	0.263	-0.007	-0.116	0.022	-0.026	
28.85	0.267	0.264	-0.011	-0.128	0.021	-0.034	
28.90	0.267	0.265	-0.019	-0.129	0.020	-0.051	
28.95	0.265	0.267	-0.032	-0.012	0.016	-0.076	
29.00	0.262	0.267	-0.020	0.085	0.011	-0.082	
29.05	0.263	0.268	-0.010	-0.047	0.007	-0.072	
29.10	0.263	0.268	-0.026	-0.156	0.004	-0.062	
29.15	0.260	0.268	-0.034	-0.109	0.001	-0.061	
29.20	0.259	0.268	-0.041	0.032	-0.001	-0.071	
29.25	0.255	0.268	-0.030	0.148	-0.007	-0.066	
29.30	0.256	0.267	-0.016	0.078	-0.009	-0.048	
29.35	0.255	0.267	-0.021	-0.012	-0.011	-0.044	
29.40	0.254	0.266	-0.023	-0.005	-0.013	-0.039	
29.45	0.252	0.266	-0.022	0.026	-0.015	-0.033	
29.50	0.251	0.265	-0.020	0.055	-0.017	-0.016	
29.55	0.250	0.264	-0.017	0.083	-0.017	0.008	
29.60	0.250	0.263	-0.011	0.097	-0.015	0.008	
29.65	0.249	0.262	-0.007	0.094	-0.015	-0.003	
29.70	0.249	0.262	-0.002	0.091	-0.016	-0.003	
29.75	0.249	0.261	0.002	0.090	-0.016	0.012	
29.80	0.249	0.260	0.007	0.093	-0.015	0.044	
29.85	0.250	0.259	0.012	0.091	-0.011	0.061	
29.90	0.250	0.259	0.016	0.084	-0.008	0.057	
29.95	0.251	0.258	0.021	0.064	-0.005	0.044	
30.00	0.252	0.258	0.023	0.035	-0.004	0.037	
30.05	0.253	0.258	0.023	0.025	-0.002	0.048	
30.10	0.255	0.258	0.025	0.027	0.002	0.043	
30.15	0.256	0.258	0.027	0.013	0.002	0.032	
30.20	0.258	0.258	0.026	-0.002	0.004	0.035	
30.25	0.258	0.258	0.025	0.007	0.006	0.034	
30.30	0.260	0.259	0.027	0.005	0.007	0.033	
30.35	0.261	0.259	0.026	-0.007	0.009	0.034	
30.40	0.262	0.260	0.028	-0.042	0.012	0.017	
30.45	0.264	0.261	0.024	-0.103	0.011	0.001	
30.50	0.265	0.261	0.014	-0.099	0.011	0.001	
30.55	0.265	0.262	0.012	-0.063	0.011	-0.003	
30.60	0.266	0.262	0.011	-0.076	0.011	-0.006	
30.65	0.267	0.263	0.005	-0.091	0.010	-0.006	
30.70	0.267	0.263	0.000	-0.082	0.010	-0.011	
30.75	0.267	0.264	-0.004	-0.062	0.010	-0.026	
30.80	0.266	0.264	-0.006	-0.045	0.008	-0.045	
30.85	0.266	0.264	-0.007	-0.058	0.005	-0.054	
30.90	0.266	0.265	-0.011	-0.085	0.001	-0.042	
30.95	0.265	0.264	-0.017	-0.094	0.000	-0.023	
31.00	0.264	0.265	-0.021	-0.084	-0.000	-0.018	
31.05	0.263	0.264	-0.024	-0.084	-0.001	-0.023	
31.10	0.262	0.265	-0.029	-0.092	-0.003	-0.024	
31.15	0.260	0.264	-0.033	-0.087	-0.004	-0.012	
31.20	0.259	0.264	-0.043	0.009	-0.003	-0.012	
31.25	0.255	0.264	-0.038	0.190	-0.005	-0.018	
31.30	0.254	0.264	-0.014	0.202	-0.006	-0.010	
31.35	0.255	0.263	-0.009	0.034	-0.006	-0.006	
31.40	0.253	0.263	-0.014	-0.085	-0.006	-0.008	
31.45	0.253	0.263	-0.021	-0.115	-0.007	0.002	
31.50	0.252	0.262	-0.033	0.003	-0.006	0.020	
31.55	0.249	0.262	-0.026	0.209	-0.004	0.021	
31.60	0.248	0.262	-0.000	0.200	-0.004	0.013	
31.65	0.250	0.262	-0.000	0.082	-0.003	0.009	
31.70	0.248	0.262	0.002	0.056	-0.003	0.010	
31.75	0.250	0.261	0.004	0.067	-0.002	0.009	
31.80	0.248	0.261	0.008	0.091	-0.002	0.009	
31.85	0.251	0.261	0.013	0.102	-0.002	0.020	
31.90	0.250	0.261	0.019	0.087	0.000	0.030	
31.95	0.253	0.261	0.027	-0.020	0.002	0.019	
32.00	0.253	0.261	0.017	-0.100	0.002	0.006	
32.05	0.254	0.261	0.008	-0.002	0.002	0.007	
32.10	0.253	0.262	0.011	0.176	0.002	0.013	
32.15	0.254	0.262	0.035	0.167	0.004	0.015	
32.20	0.258	0.262	0.039	-0.041	0.005	-0.002	
32.25	0.259	0.262	0.025	-0.147	0.003	-0.011	
32.30	0.260	0.262	0.013	-0.045	0.003	0.000	
32.35	0.259	0.262	0.021	0.068	0.004	-0.001	
32.40	0.262	0.263	0.031	-0.011	0.003	-0.005	
32.45	0.264	0.263	0.020	-0.113	0.003	-0.009	
32.50	0.264	0.263	0.013	-0.117	0.002	-0.022	
32.55	0.265	0.263	0.008	-0.102	0.000	-0.028	
32.60	0.265	0.263	0.004	-0.089	-0.001	-0.020	
32.65	0.265	0.263	0.001	-0.099	-0.002	-0.015	
32.70	0.265	0.263	-0.006	-0.115	-0.002	-0.023	
32.75	0.265	0.263	-0.017	-0.040	-0.004	-0.022	
32.80	0.262	0.262	-0.009	0.025	-0.005	0.004	
32.85	0.264	0.262	-0.004	-0.075	-0.003	0.019	
32.90	0.264	0.262	-0.023	-0.066	-0.002	0.006	
32.95	0.260	0.262	-0.018	0.055	-0.002	-0.013	
33.00	0.262	0.262	-0.007	0.003	-0.005	-0.003	
33.05	0.261	0.261	-0.016	-0.079	-0.003	0.017	
33.10	0.259	0.261	-0.020	-0.091	-0.001	0.012	
33.15	0.259	0.261	-0.024	-0.094	-0.002	0.005	
33.20	0.257	0.261	-0.034	-0.004	-0.002	0.018	
33.25	0.254	0.261	-0.024	0.079	-0.000	0.036	
33.30	0.256	0.261	-0.020	0.066	0.003	0.025	
33.35	0.253	0.262	-0.024	0.129	0.003	-0.009	
33.40	0.252	0.262	-0.004	0.108	0.000	-0.011	
33.45	0.253	0.261	-0.002	-0.083	0.001	0.013	
33.50	0.253	0.262	-0.022	-0.096	0.003	0.022	
33.55	0.250	0.262	-0.022	0.083	0.004	0.017	
33.60	0.250	0.262	-0.008	0.181	0.005	0.005	
33.65	0.250	0.262	0.001	0.182	0.004	-0.009	
33.70	0.250	0.262	0.009	0.185	0.003	-0.006	
33.75	0.250	0.262	0.022	0.123	0.003	0.010	
33.80	0.253	0.263	0.027	-0.039	0.005	0.003	
33.85	0.253	0.263	0.016	-0.145	0.004	-0.017	
33.90	0.254	0.263	0.007	-0.142	0.002	-0.015	
33.95	0.254	0.263	-0.003	-0.026	0.002	-0.001	
34.00	0.253	0.263	0.001	0.149	0.003	-0.011	
34.05	0.254	0.264	0.017	0.207	0.001	-0.021	
34.10	0.255	0.263	0.031	0.093	0.000	-0.018	
34.15	0.258	0.264	0.030	-0.085	-0.000	-0.020	
34.20	0.259	0.263	0.011	-0.076	-0.002	-0.020	
34.25	0.257	0.263	0.017	0.035	-0.003	-0.011	
34.30	0.260	0.263	0.024	-0.004	-0.004	0.009	
34.35	0.261	0.263	0.017	-0.063	-0.001	0.010	
34.40	0.262	0.263	0.014	-0.064	-0.001	-0.013	
34.45	0.262	0.263	0.011	-0.062	-0.003	-0.027	
34.50	0.263	0.263	0.009	-0.076	-0.005	-0.022	
34.55	0.263	0.262	0.004	-0.101	-0.006	-0.003	
34.60	0.263	0.262	-0.002	-0.096	-0.005	0.013	
34.65	0.263	0.262	-0.011	-0.008	-0.004	0.013	
34.70	0.261	0.262	-0.003	0.058	-0.003	0.005	
34.75	0.263	0.262	0.006	-0.049	-0.003	-0.006	
34.80	0.263	0.261	-0.008	-0.145	-0.005	0.000	
34.85	0.262	0.261	-0.022	-0.032	-0.004	0.018	
34.90	0.259	0.261	-0.012	0.103	-0.002	0.022	
34.95	0.261	0.261	0.002	0.022	-0.002	0.027	
35.00	0.261	0.261	-0.008	-0.110	0.001	0.016	
35.05	0.260	0.261	-0.016	-0.134	0.001	-0.009	
35.10	0.259	0.261	-0.021	-0.131	-0.001	-0.002	
35.15	0.258	0.261	-0.033	-0.041	-0.000	0.019	
35.20	0.255	0.261	-0.031	0.136	0.001	0.026	
35.25	0.254	0.261	-0.013	0.187	0.003	0.027	
35.30	0.254	0.261	-0.000	0.025	0.005	0.011	
35.35	0.256	0.262	-0.013	-0.094	0.004	-0.012	
35.40	0.252	0.262	-0.024	0.033	0.002	-0.006	
35.45	0.252	0.262	-0.009	0.158	0.003	0.011	
35.50	0.252	0.262	-0.000	0.154	0.004	0.011	
35.55	0.252	0.262	0.011	0.053	0.004	0.012	
35.60	0.254	0.262	0.004	-0.031	0.005	0.015	
35.65	0.252	0.263	0.002	-0.013	0.006	0.005	
35.70	0.254	0.263	0.003	-0.003	0.006	-0.013	
35.75	0.252	0.263	0.004	-0.013	0.005	-0.028	
35.80	0.255	0.263	0.002	-0.028	0.003	-0.026	
35.85	0.253	0.263	-0.004	0.036	0.002	-0.015	
35.90	0.253	0.264	0.006	0.089	0.001	-0.011	
35.95	0.254	0.264	0.010	0.048	0.001	-0.007	
36.00	0.254	0.264	0.011	0.006	0.001	-0.009	
36.05	0.255	0.264	0.009	-0.010	0.000	-0.017	
36.10	0.255	0.264	0.008	0.021	-0.001	-0.018	
36.15	0.256	0.264	0.010	0.063	-0.001	-0.024	
36.20	0.256	0.264	0.015	0.074	-0.004	-0.022	
36.25	0.257	0.263	0.024	-0.018	-0.004	-0.007	
36.30	0.260	0.263	0.014	-0.115	-0.004	-0.008	
36.35	0.258	0.263	0.002	-0.038	-0.005	-0.007	
36.40	0.258	0.262	0.014	-0.015	-0.005	0.001	
36.45	0.261	0.262	0.006	-0.079	-0.004	-0.008	
36.50	0.259	0.262	0.002	-0.083	-0.006	-0.004	
36.55	0.261	0.262	-0.002	-0.076	-0.006	0.020	
36.60	0.259	0.262	-0.011	0.026	-0.003	0.016	
36.65	0.259	0.262	-0.001	0.139	-0.004	0.006	
36.70	0.259	0.261	0.012	0.090	-0.003	0.008	
36.75	0.261	0.261	0.013	-0.071	-0.002	-0.002	
36.80	0.261	0.261	0.002	-0.193	-0.004	0.001	
36.85	0.261	0.261	-0.009	-0.229	-0.003	0.025	
36.90	0.260	0.261	-0.027	-0.133	-0.000	0.027	
36.95	0.257	0.261	-0.027	0.050	0.001	0.009	
37.00	0.257	0.261	-0.016	0.140	-0.000	0.010	
37.05	0.256	0.261	-0.010	0.162	0.001	0.021	
37.10	0.256	0.261	-0.001	0.165	0.003	0.012	
37.15	0.256	0.261	0.011	0.071	0.003	-0.006	
37.20	0.257	0.261	0.010	-0.082	0.001	0.006	
37.25	0.257	0.261	-0.001	-0.156	0.003	0.023	
37.30	0.257	0.261	-0.009	-0.156	0.004	0.018	
37.35	0.257	0.262	-0.021	-0.058	0.005	0.007	
37.40	0.254	0.262	-0.018	0.105	0.005	-0.001	
37.45	0.254	0.262	-0.006	0.175	0.004	-0.002	
37.50	0.254	0.262	0.002	0.179	0.005	-0.010	
37.55	0.254	0.263	0.016	0.090	0.004	-0.021	
37.60	0.256	0.263	0.016	-0.073	0.002	-0.014	
37.65	0.256	0.263	0.003	-0.119	0.002	-0.003	
37.70	0.257	0.263	-0.006	0.002	0.002	0.002	
37.75	0.255	0.263	0.004	0.112	0.003	-0.009	
37.80	0.257	0.263	0.017	0.022	0.001	-0.018	
37.85	0.257	0.263	0.007	-0.089	0.000	-0.010	
37.90	0.257	0.263	0.001	-0.078	0.001	-0.012	
37.95	0.258	0.263	-0.006	0.026	-0.001	-0.013	
38.00	0.256	0.263	0.005	0.100	-0.001	-0.015	
38.05	0.258	0.263	0.015	-0.009	-0.002	-0.021	
38.10	0.259	0.263	0.004	-0.122	-0.003	-0.017	
38.15	0.259	0.263	-0.008	-0.049	-0.004	-0.003	
38.20	0.257	0.262	-0.001	0.039	-0.003	0.009	
38.25	0.259	0.263	0.002	0.028	-0.002	0.007	
38.30	0.257	0.262	0.002	0.008	-0.003	0.005	
38.35	0.259	0.262	0.002	-0.003	-0.002	0.008	
38.40	0.257	0.262	0.001	0.005	-0.002	0.013	
38.45	0.259	0.262	0.001	0.025	-0.001	0.011	
38.50	0.257	0.262	0.003	0.050	-0.000	-0.009	
38.55	0.259	0.262	0.012	-0.019	-0.002	-0.013	
38.60	0.259	0.262	0.002	-0.114	-0.003	0.009	
38.65	0.259	0.262	-0.005	-0.127	-0.000	0.015	
38.70	0.259	0.262	-0.009	-0.134	-0.000	0.003	
38.75	0.259	0.262	-0.021	-0.061	-0.001	0.012	
38.80	0.256	0.262	-0.023	0.139	0.001	0.018	
38.85	0.255	0.262	-0.004	0.269	0.001	0.009	
38.90	0.256	0.262	0.016	0.173	0.002	0.000	
38.95	0.258	0.262	0.018	-0.033	0.001	-0.004	
39.00	0.258	0.262	0.006	-0.124	0.000	0.008	
39.05	0.258	0.262	-0.001	-0.081	0.002	0.015	
39.10	0.258	0.262	-0.002	-0.017	0.003	0.002	
39.15	0.258	0.262	-0.000	0.014	0.002	-0.002	
39.20	0.258	0.262	0.001	0.011	0.002	0.001	
39.25	0.258	0.262	0.000	0.007	0.002	0.003	
39.30	0.258	0.263	0.001	0.012	0.003	-0.008	
39.35	0.258	0.263	0.002	0.011	0.001	-0.015	
39.40	0.258	0.263	0.003	-0.016	0.001	-0.006	
39.45	0.258	0.263	0.001	-0.058	0.002	-0.012	
39.50	0.258	0.263	-0.004	-0.074	-0.001	-0.013	
39.55	0.258	0.263	-0.007	-0.069	-0.001	0.001	
39.60	0.258	0.263	-0.015	0.017	0.000	0.003	
39.65	0.256	0.263	-0.010	0.168	-0.000	0.000	
39.70	0.256	0.263	0.012	0.140	0.001	-0.007	
39.75	0.258	0.263	0.014	-0.047	-0.001	-0.022	
39.80	0.258	0.263	-0.004	-0.052	-0.003	-0.019	
39.85	0.256	0.263	0.002	0.058	-0.003	-0.004	
39.90	0.258	0.262	0.012	0.005	-0.003	0.012	
39.95	0.258	0.262	0.003	-0.060	-0.002	0.019	
40.00	0.258	0.262	0.001	-0.045	-0.000	0.013	
40.05	0.258	0.262	-0.001	-0.022	0.000	-0.002	
40.10	0.258	0.262	-0.001	-0.000	-0.002	-0.001	
40.15	0.258	0.262	-0.000	0.000	-0.000	0.007	
40.20	0.258	0.262	-0.001	-0.013	0.000	-0.003	
40.25	0.258	0.262	-0.002	-0.032	-0.001	-0.007	
40.30	0.258	0.262	-0.004	-0.039	-0.001	0.001	
40.35	0.258	0.262	-0.006	-0.028	-0.000	0.005	
40.40	0.258	0.262	-0.011	0.049	-0.000	0.005	
40.45	0.256	0.262	0.000	0.096	-0.001	0.012	
40.50	0.258	0.262	0.008	-0.014	0.001	0.016	
40.55	0.258	0.262	-0.008	-0.018	0.002	0.009	
40.60	0.256	0.262	-0.000	0.081	0.002	0.002	
40.65	0.258	0.262	0.009	0.043	0.002	-0.010	
40.70	0.258	0.262	0.004	-0.005	0.000	-0.013	
40.75	0.258	0.262	0.005	-0.007	-0.000	0.004	
40.80	0.258	0.262	0.005	-0.028	0.001	0.013	
40.85	0.258	0.262	0.003	-0.049	0.002	-0.001	
40.90	0.258	0.263	-0.001	-0.046	0.001	-0.016	
40.95	0.258	0.263	-0.003	-0.016	-0.000	-0.013	
41.00	0.258	0.262	-0.002	0.013	-0.000	-0.004	
41.05	0.258	0.263	0.000	0.004	-0.000	-0.005	
41.10	0.258	0.262	-0.002	-0.003	-0.000	-0.009	
41.15	0.258	0.263	-0.002	0.025	-0.001	-0.007	
41.20	0.258	0.262	0.002	0.033	-0.002	0.008	
41.25	0.258	0.262	0.003	0.008	0.000	0.008	
41.30	0.258	0.262	0.002	-0.012	-0.000	-0.006	
41.35	0.258	0.262	0.001	-0.022	-0.001	-0.008	
41.40	0.258	0.262	-0.001	-0.016	-0.002	0.001	
41.45	0.258	0.262	-0.002	0.005	-0.001	0.012	
41.50	0.258	0.262	0.001	0.003	0.000	0.016	
41.55	0.258	0.262	-0.001	-0.009	0.001	0.007	
41.60	0.258	0.262	-0.001	-0.006	0.001	-0.007	
41.65	0.258	0.262	-0.000	-0.018	-0.001	-0.006	
41.70	0.258	0.262	-0.003	-0.026	-0.000	0.004	
41.75	0.258	0.262	-0.004	-0.020	0.000	0.007	
41.80	0.258	0.262	-0.004	-0.025	0.001	0.002	
41.85	0.258	0.262	-0.011	0.051	0.001	-0.007	
41.90	0.255	0.262	-0.000	0.139	-0.001	0.007	
41.95	0.258	0.262	0.013	0.045	0.001	0.021	
42.00	0.258	0.262	0.005	-0.070	0.003	0.004	
42.05	0.258	0.263	-0.000	-0.074	0.001	-0.007	
42.10	0.258	0.262	-0.004	-0.025	0.002	-0.006	
42.15	0.257	0.263	-0.002	0.028	0.001	-0.010	
42.20	0.257	0.263	0.001	0.028	0.000	-0.010	
42.25	0.258	0.263	0.001	0.005	0.000	-0.008	
42.30	0.258	0.263	0.001	0.001	-0.000	-0.006	
42.35	0.258	0.263	0.001	0.013	-0.001	-0.000	
42.40	0.258	0.262	0.002	0.024	-0.000	0.003	
42.45	0.258	0.263	0.004	0.021	0.000	-0.009	
42.50	0.258	0.263	0.005	-0.005	-0.002	-0.009	
42.55	0.258	0.262	0.004	-0.040	-0.001	-0.003	
42.60	0.258	0.263	-0.000	-0.048	-0.002	-0.001	
42.65	0.258	0.262	-0.002	-0.030	-0.002	0.013	
42.70	0.258	0.262	-0.002	-0.032	0.000	0.012	
42.75	0.258	0.262	-0.004	-0.055	0.000	-0.004	
42.80	0.258	0.262	-0.008	-0.068	-0.001	-0.001	
42.85	0.258	0.262	-0.016	0.010	-0.000	0.010	
42.90	0.256	0.262	-0.012	0.170	0.001	-0.001	
42.95	0.255	0.262	0.011	0.149	-0.001	0.002	
43.00	0.258	0.262	0.013	-0.061	0.000	0.016	
43.05	0.258	0.262	-0.001	-0.174	0.002	-0.002	
43.10	0.258	0.263	-0.015	-0.083	0.000	-0.017	
43.15	0.255	0.262	-0.014	0.106	-0.001	0.001	
43.20	0.256	0.262	0.001	0.200	0.000	0.020	
43.25	0.256	0.262	0.015	0.125	0.003	0.006	
43.30	0.258	0.263	0.017	-0.024	0.001	-0.017	
43.35	0.258	0.263	0.008	-0.103	-0.001	-0.005	
43.40	0.258	0.262	0.003	-0.103	0.001	0.009	
43.45	0.258	0.263	-0.002	-0.087	0.001	0.004	
43.50	0.258	0.263	-0.006	-0.064	0.001	0.002	
43.55	0.258	0.263	-0.013	0.023	0.001	-0.002	
43.60	0.256	0.263	-0.003	0.095	0.001	-0.013	
43.65	0.258	0.263	0.002	0.072	-0.000	-0.020	
43.70	0.256	0.263	0.004	0.047	-0.002	-0.009	
43.75	0.258	0.263	0.010	-0.041	-0.001	-0.001	
43.80	0.258	0.263	-0.006	-0.026	-0.001	-0.001	
43.85	0.256	0.262	0.002	0.075	-0.001	0.003	
43.90	0.258	0.263	0.012	0.014	-0.001	0.001	
43.95	0.258	0.262	0.004	-0.046	-0.002	0.005	
44.00	0.258	0.262	0.003	-0.049	0.000	0.001	
44.05	0.259	0.263	-0.001	-0.053	-0.001	-0.012	
44.10	0.258	0.262	-0.002	-0.057	-0.003	0.004	
44.15	0.258	0.262	-0.004	-0.103	-0.001	0.027	
44.20	0.258	0.262	-0.017	-0.057	0.002	0.018	
44.25	0.256	0.262	-0.017	0.104	0.002	-0.009	
44.30	0.256	0.262	0.004	0.095	-0.001	-0.007	
44.35	0.258	0.262	-0.001	-0.021	0.000	0.010	
44.40	0.256	0.262	-0.010	0.028	0.002	0.003	
44.45	0.255	0.262	0.006	0.014	0.001	-0.008	
44.50	0.258	0.262	-0.002	-0.083	0.000	-0.007	
44.55	0.255	0.262	-0.013	-0.013	-0.000	-0.004	
44.60	0.255	0.262	-0.005	0.081	-0.000	0.000	
44.65	0.255	0.262	0.001	0.092	-0.000	0.010	
44.70	0.256	0.262	0.005	0.074	0.001	0.011	
44.75	0.256	0.263	0.006	0.077	0.002	-0.008	
44.80	0.256	0.263	0.016	0.028	-0.000	-0.014	
44.85	0.258	0.262	0.015	-0.125	-0.000	-0.003	
44.90	0.258	0.263	0.001	-0.234	-0.001	0.012	
44.95	0.258	0.262	-0.013	-0.269	0.000	0.035	
45.00	0.256	0.263	-0.027	-0.279	0.004	0.052	
