Vernier Format 2
run15.txt 10/10/2025 15:11:52
Run 1
Time	Position	Position	Velocity	Acceleration	Velocity	Acceleration	
T	P	P	V	A	V	A	
s	m	m	m/s	m/s^2	m/s	m/s^2	

0.00	0.235	0.278	0.349	-0.098	-0.289	0.049	
0.05	0.252	0.263	0.345	-0.143	-0.287	0.064	
0.10	0.270	0.249	0.337	-0.203	-0.285	0.109	
0.15	0.286	0.235	0.325	-0.267	-0.280	0.222	
0.20	0.302	0.221	0.311	-0.359	-0.264	0.374	
0.25	0.317	0.208	0.294	-0.545	-0.243	0.557	
0.30	0.333	0.196	0.259	-0.772	-0.211	0.802	
0.35	0.344	0.186	0.210	-0.868	-0.167	1.096	
0.40	0.353	0.178	0.166	-0.852	-0.092	1.172	
0.45	0.360	0.178	0.127	-0.868	-0.028	0.813	
0.50	0.366	0.177	0.083	-0.948	-0.007	0.353	
0.55	0.369	0.178	0.031	-1.007	-0.002	0.077	
0.60	0.369	0.178	-0.021	-1.003	-0.011	0.081	
0.65	0.367	0.176	-0.070	-0.970	-0.006	0.366	
0.70	0.362	0.176	-0.117	-0.945	0.018	0.792	
0.75	0.355	0.176	-0.163	-0.930	0.076	1.127	
0.80	0.346	0.183	-0.214	-0.821	0.150	1.091	
0.85	0.333	0.192	-0.252	-0.598	0.197	0.810	
0.90	0.320	0.203	-0.271	-0.421	0.227	0.563	
0.95	0.306	0.215	-0.289	-0.336	0.249	0.382	
1.00	0.291	0.229	-0.304	-0.281	0.264	0.231	
1.05	0.276	0.242	-0.318	-0.210	0.272	0.093	
1.10	0.259	0.256	-0.328	-0.067	0.273	-0.031	
1.15	0.243	0.270	-0.327	0.156	0.268	-0.131	
1.20	0.226	0.283	-0.321	0.532	0.259	-0.210	
1.25	0.209	0.295	-0.277	0.946	0.248	-0.300	
1.30	0.198	0.308	-0.212	1.109	0.231	-0.417	
1.35	0.188	0.319	-0.162	1.155	0.205	-0.508	
1.40	0.181	0.328	-0.097	1.142	0.178	-0.560	
1.45	0.179	0.337	-0.035	0.877	0.149	-0.615	
1.50	0.179	0.344	-0.002	0.470	0.116	-0.667	
1.55	0.179	0.348	0.008	0.124	0.082	-0.715	
1.60	0.180	0.352	0.002	-0.052	0.044	-0.751	
1.65	0.180	0.353	-0.007	-0.011	0.006	-0.758	
1.70	0.179	0.352	-0.003	0.150	-0.032	-0.752	
1.75	0.179	0.350	0.007	0.364	-0.070	-0.728	
1.80	0.179	0.345	0.028	0.673	-0.105	-0.687	
1.85	0.181	0.339	0.078	0.920	-0.138	-0.652	
1.90	0.187	0.332	0.127	1.035	-0.171	-0.596	
1.95	0.193	0.322	0.176	1.174	-0.200	-0.497	
2.00	0.203	0.311	0.254	1.090	-0.221	-0.396	
2.05	0.220	0.300	0.305	0.641	-0.239	-0.308	
2.10	0.236	0.287	0.315	0.238	-0.253	-0.202	
2.15	0.252	0.274	0.317	0.052	-0.260	-0.081	
2.20	0.267	0.261	0.316	-0.047	-0.260	0.036	
2.25	0.283	0.248	0.319	-0.252	-0.256	0.145	
2.30	0.301	0.235	0.296	-0.539	-0.246	0.255	
2.35	0.314	0.223	0.255	-0.650	-0.230	0.369	
2.40	0.325	0.212	0.225	-0.646	-0.208	0.467	
2.45	0.336	0.202	0.195	-0.695	-0.183	0.550	
2.50	0.345	0.193	0.158	-0.783	-0.153	0.625	
2.55	0.352	0.187	0.114	-0.838	-0.120	0.682	
2.60	0.356	0.181	0.073	-0.865	-0.085	0.733	
2.65	0.359	0.178	0.029	-0.909	-0.045	0.759	
2.70	0.360	0.177	-0.020	-0.918	-0.007	0.749	
2.75	0.357	0.177	-0.065	-0.875	0.030	0.725	
2.80	0.353	0.180	-0.107	-0.822	0.065	0.700	
2.85	0.347	0.184	-0.149	-0.744	0.100	0.676	
2.90	0.338	0.190	-0.183	-0.657	0.134	0.630	
2.95	0.328	0.197	-0.210	-0.639	0.164	0.554	
3.00	0.317	0.206	-0.244	-0.645	0.189	0.470	
3.05	0.304	0.216	-0.283	-0.498	0.211	0.381	
3.10	0.288	0.228	-0.300	-0.240	0.228	0.276	
3.15	0.273	0.240	-0.301	-0.076	0.239	0.174	
3.20	0.258	0.252	-0.304	0.019	0.245	0.086	
3.25	0.243	0.264	-0.305	0.216	0.248	-0.013	
3.30	0.226	0.277	-0.284	0.461	0.245	-0.138	
3.35	0.215	0.289	-0.259	0.708	0.234	-0.257	
3.40	0.199	0.300	-0.216	0.981	0.218	-0.353	
3.45	0.191	0.311	-0.146	0.973	0.198	-0.440	
3.50	0.187	0.320	-0.114	0.853	0.173	-0.507	
3.55	0.179	0.328	-0.069	0.835	0.147	-0.562	
3.60	0.180	0.335	-0.020	0.609	0.118	-0.630	
3.65	0.179	0.340	-0.003	0.287	0.084	-0.694	
3.70	0.180	0.344	0.003	0.083	0.047	-0.724	
3.75	0.180	0.345	-0.004	0.088	0.009	-0.708	
3.80	0.179	0.344	0.001	0.316	-0.024	-0.691	
3.85	0.179	0.343	0.026	0.585	-0.059	-0.681	
3.90	0.181	0.338	0.067	0.724	-0.093	-0.649	
3.95	0.186	0.333	0.105	0.753	-0.124	-0.609	
4.00	0.192	0.326	0.139	0.823	-0.155	-0.542	
4.05	0.199	0.317	0.182	0.935	-0.179	-0.464	
4.10	0.209	0.308	0.243	0.840	-0.200	-0.413	
4.15	0.225	0.297	0.281	0.465	-0.221	-0.343	
4.20	0.239	0.286	0.286	0.119	-0.237	-0.221	
4.25	0.253	0.273	0.285	-0.080	-0.244	-0.082	
4.30	0.267	0.261	0.276	-0.200	-0.243	0.023	
4.35	0.281	0.249	0.264	-0.282	-0.240	0.106	
4.40	0.294	0.237	0.248	-0.361	-0.234	0.203	
4.45	0.306	0.225	0.227	-0.417	-0.221	0.312	
4.50	0.317	0.215	0.205	-0.461	-0.202	0.415	
4.55	0.326	0.205	0.185	-0.578	-0.179	0.505	
4.60	0.336	0.197	0.150	-0.752	-0.151	0.581	
4.65	0.342	0.190	0.105	-0.838	-0.120	0.648	
4.70	0.346	0.184	0.063	-0.845	-0.086	0.697	
4.75	0.348	0.181	0.020	-0.827	-0.050	0.736	
4.80	0.348	0.179	-0.021	-0.789	-0.012	0.761	
4.85	0.346	0.180	-0.059	-0.758	0.027	0.753	
4.90	0.342	0.182	-0.097	-0.733	0.065	0.709	
4.95	0.336	0.186	-0.132	-0.703	0.100	0.633	
5.00	0.329	0.192	-0.165	-0.683	0.128	0.573	
5.05	0.320	0.199	-0.204	-0.598	0.156	0.533	
5.10	0.308	0.208	-0.231	-0.413	0.182	0.472	
5.15	0.296	0.217	-0.243	-0.263	0.205	0.377	
5.20	0.283	0.229	-0.254	-0.174	0.220	0.263	
5.25	0.271	0.240	-0.260	-0.106	0.230	0.157	
5.30	0.257	0.252	-0.264	-0.038	0.236	0.057	
5.35	0.244	0.264	-0.264	0.070	0.236	-0.043	
5.40	0.231	0.276	-0.263	0.300	0.231	-0.129	
5.45	0.217	0.287	-0.242	0.644	0.223	-0.214	
5.50	0.205	0.298	-0.191	0.827	0.211	-0.317	
5.55	0.198	0.308	-0.144	0.732	0.191	-0.412	
5.60	0.192	0.317	-0.117	0.600	0.168	-0.478	
5.65	0.186	0.325	-0.089	0.550	0.143	-0.540	
5.70	0.183	0.332	-0.065	0.556	0.114	-0.601	
5.75	0.179	0.336	-0.032	0.538	0.082	-0.642	
5.80	0.180	0.340	-0.004	0.401	0.050	-0.675	
5.85	0.180	0.342	-0.000	0.405	0.014	-0.690	
5.90	0.179	0.341	0.028	0.553	-0.021	-0.675	
5.95	0.182	0.339	0.067	0.512	-0.053	-0.654	
6.00	0.187	0.336	0.083	0.424	-0.086	-0.633	
6.05	0.191	0.331	0.097	0.543	-0.118	-0.587	
6.10	0.196	0.324	0.131	0.771	-0.146	-0.521	
6.15	0.203	0.316	0.181	0.862	-0.169	-0.460	
6.20	0.214	0.307	0.232	0.647	-0.191	-0.398	
6.25	0.228	0.297	0.253	0.283	-0.211	-0.310	
6.30	0.240	0.286	0.252	0.067	-0.223	-0.206	
6.35	0.253	0.274	0.253	-0.018	-0.231	-0.110	
6.40	0.266	0.263	0.249	-0.083	-0.235	-0.002	
6.45	0.277	0.251	0.249	-0.220	-0.231	0.110	
6.50	0.291	0.239	0.234	-0.455	-0.223	0.204	
6.55	0.302	0.228	0.193	-0.505	-0.211	0.303	
6.60	0.309	0.218	0.176	-0.432	-0.193	0.410	
6.65	0.320	0.209	0.161	-0.538	-0.169	0.498	
6.70	0.327	0.201	0.123	-0.663	-0.142	0.565	
6.75	0.332	0.194	0.089	-0.697	-0.112	0.619	
6.80	0.335	0.190	0.054	-0.725	-0.079	0.650	
6.85	0.337	0.186	0.016	-0.738	-0.047	0.676	
6.90	0.337	0.185	-0.022	-0.704	-0.012	0.703	
6.95	0.335	0.185	-0.055	-0.645	0.025	0.700	
7.00	0.331	0.187	-0.085	-0.621	0.060	0.659	
7.05	0.326	0.191	-0.116	-0.620	0.091	0.611	
7.10	0.320	0.196	-0.146	-0.615	0.120	0.570	
7.15	0.312	0.203	-0.182	-0.523	0.149	0.511	
7.20	0.301	0.211	-0.204	-0.330	0.172	0.433	
7.25	0.291	0.221	-0.211	-0.205	0.192	0.345	
7.30	0.280	0.231	-0.221	-0.157	0.208	0.241	
7.35	0.269	0.242	-0.228	-0.095	0.216	0.145	
7.40	0.257	0.252	-0.232	-0.011	0.221	0.061	
7.45	0.245	0.264	-0.229	0.076	0.222	-0.033	
7.50	0.234	0.275	-0.223	0.159	0.218	-0.130	
7.55	0.223	0.286	-0.218	0.335	0.210	-0.231	
7.60	0.211	0.296	-0.196	0.614	0.194	-0.320	
7.65	0.202	0.305	-0.148	0.745	0.176	-0.383	
7.70	0.197	0.314	-0.112	0.695	0.156	-0.444	
7.75	0.191	0.321	-0.080	0.632	0.132	-0.511	
7.80	0.189	0.327	-0.049	0.546	0.105	-0.574	
7.85	0.187	0.332	-0.024	0.439	0.074	-0.623	
7.90	0.187	0.335	-0.003	0.321	0.041	-0.646	
7.95	0.187	0.336	0.002	0.322	0.009	-0.643	
8.00	0.186	0.336	0.022	0.458	-0.023	-0.626	
8.05	0.189	0.334	0.055	0.500	-0.054	-0.599	
8.10	0.193	0.330	0.074	0.515	-0.083	-0.570	
8.15	0.196	0.325	0.096	0.681	-0.111	-0.541	
8.20	0.201	0.319	0.147	0.744	-0.137	-0.506	
8.25	0.211	0.311	0.186	0.529	-0.163	-0.441	
8.30	0.221	0.302	0.198	0.323	-0.183	-0.349	
8.35	0.231	0.293	0.212	0.207	-0.197	-0.267	
8.40	0.242	0.283	0.220	0.086	-0.210	-0.183	
8.45	0.253	0.272	0.221	-0.032	-0.216	-0.086	
8.50	0.264	0.261	0.216	-0.148	-0.218	0.009	
8.55	0.275	0.250	0.205	-0.240	-0.216	0.117	
8.60	0.285	0.239	0.191	-0.300	-0.206	0.219	
8.65	0.294	0.229	0.174	-0.340	-0.193	0.301	
8.70	0.303	0.220	0.157	-0.376	-0.176	0.386	
8.75	0.310	0.211	0.138	-0.440	-0.155	0.476	
8.80	0.316	0.204	0.117	-0.573	-0.128	0.549	
8.85	0.323	0.198	0.078	-0.656	-0.098	0.588	
8.90	0.324	0.194	0.040	-0.553	-0.069	0.619	
8.95	0.325	0.191	0.027	-0.512	-0.037	0.652	
9.00	0.327	0.190	0.000	-0.653	-0.003	0.668	
9.05	0.326	0.191	-0.042	-0.747	0.031	0.652	
9.10	0.323	0.193	-0.081	-0.713	0.064	0.603	
9.15	0.318	0.197	-0.119	-0.553	0.092	0.548	
9.20	0.310	0.203	-0.140	-0.333	0.118	0.494	
9.25	0.303	0.209	-0.141	-0.315	0.141	0.446	
9.30	0.298	0.217	-0.166	-0.389	0.163	0.397	
9.35	0.287	0.226	-0.191	-0.287	0.183	0.312	
9.40	0.277	0.235	-0.196	-0.156	0.194	0.215	
9.45	0.267	0.245	-0.202	-0.084	0.203	0.141	
9.50	0.257	0.256	-0.205	-0.017	0.209	0.051	
9.55	0.246	0.267	-0.204	0.048	0.209	-0.060	
9.60	0.236	0.277	-0.198	0.104	0.203	-0.168	
9.65	0.227	0.287	-0.198	0.258	0.191	-0.256	
9.70	0.216	0.296	-0.181	0.545	0.176	-0.318	
9.75	0.208	0.305	-0.134	0.650	0.159	-0.380	
9.80	0.203	0.312	-0.104	0.534	0.139	-0.447	
9.85	0.198	0.319	-0.085	0.467	0.114	-0.504	
9.90	0.195	0.324	-0.062	0.486	0.087	-0.541	
9.95	0.192	0.328	-0.039	0.552	0.060	-0.574	
10.00	0.190	0.330	-0.002	0.523	0.030	-0.595	
10.05	0.192	0.330	0.023	0.333	-0.000	-0.594	
10.10	0.193	0.330	0.024	0.272	-0.030	-0.579	
10.15	0.194	0.327	0.040	0.406	-0.059	-0.543	
10.20	0.197	0.324	0.064	0.579	-0.084	-0.518	
10.25	0.200	0.319	0.097	0.738	-0.110	-0.501	
10.30	0.206	0.313	0.150	0.657	-0.136	-0.439	
10.35	0.216	0.305	0.174	0.365	-0.155	-0.361	
10.40	0.224	0.297	0.179	0.188	-0.171	-0.308	
10.45	0.234	0.288	0.186	0.145	-0.186	-0.241	
10.50	0.243	0.278	0.195	0.099	-0.197	-0.134	
10.55	0.253	0.268	0.199	-0.002	-0.200	-0.021	
10.60	0.263	0.258	0.193	-0.084	-0.198	0.068	
10.65	0.272	0.248	0.188	-0.121	-0.192	0.130	
10.70	0.282	0.239	0.187	-0.249	-0.185	0.199	
10.75	0.292	0.229	0.163	-0.379	-0.174	0.295	
10.80	0.298	0.221	0.137	-0.329	-0.156	0.392	
10.85	0.305	0.214	0.135	-0.348	-0.133	0.461	
10.90	0.313	0.208	0.113	-0.539	-0.108	0.501	
10.95	0.317	0.203	0.075	-0.630	-0.083	0.538	
11.00	0.320	0.199	0.043	-0.600	-0.055	0.582	
11.05	0.321	0.197	0.016	-0.584	-0.024	0.615	
11.10	0.321	0.197	-0.012	-0.613	0.008	0.608	
11.15	0.320	0.198	-0.044	-0.648	0.038	0.565	
11.20	0.317	0.201	-0.083	-0.569	0.064	0.529	
11.25	0.311	0.205	-0.107	-0.379	0.091	0.489	
11.30	0.306	0.210	-0.116	-0.273	0.114	0.435	
11.35	0.299	0.216	-0.124	-0.351	0.134	0.382	
11.40	0.294	0.223	-0.152	-0.422	0.152	0.326	
11.45	0.284	0.231	-0.178	-0.278	0.167	0.261	
11.50	0.275	0.240	-0.181	-0.098	0.180	0.169	
11.55	0.266	0.250	-0.182	-0.016	0.184	0.077	
11.60	0.257	0.259	-0.181	0.029	0.186	0.010	
11.65	0.248	0.268	-0.180	0.067	0.186	-0.066	
11.70	0.239	0.278	-0.175	0.113	0.180	-0.164	
11.75	0.230	0.287	-0.167	0.161	0.168	-0.244	
11.80	0.223	0.294	-0.165	0.315	0.155	-0.308	
11.85	0.213	0.302	-0.138	0.503	0.139	-0.386	
11.90	0.208	0.309	-0.104	0.502	0.115	-0.445	
11.95	0.203	0.314	-0.086	0.456	0.092	-0.467	
12.00	0.199	0.318	-0.063	0.468	0.069	-0.480	
12.05	0.197	0.321	-0.038	0.457	0.044	-0.490	
12.10	0.196	0.322	-0.016	0.436	0.020	-0.503	
12.15	0.195	0.323	0.006	0.411	-0.006	-0.509	
12.20	0.196	0.322	0.026	0.395	-0.031	-0.507	
12.25	0.198	0.320	0.039	0.487	-0.057	-0.495	
12.30	0.199	0.316	0.068	0.662	-0.082	-0.464	
12.35	0.204	0.311	0.117	0.631	-0.104	-0.425	
12.40	0.212	0.305	0.142	0.401	-0.125	-0.369	
12.45	0.219	0.299	0.151	0.256	-0.141	-0.304	
12.50	0.227	0.291	0.163	0.192	-0.155	-0.239	
12.55	0.236	0.283	0.172	0.109	-0.166	-0.165	
12.60	0.245	0.274	0.174	0.039	-0.172	-0.088	
12.65	0.253	0.266	0.174	-0.001	-0.174	-0.019	
12.70	0.262	0.257	0.175	-0.061	-0.174	0.054	
12.75	0.271	0.248	0.169	-0.139	-0.170	0.149	
12.80	0.279	0.240	0.160	-0.206	-0.159	0.246	
12.85	0.287	0.232	0.148	-0.268	-0.144	0.314	
12.90	0.294	0.225	0.132	-0.308	-0.127	0.359	
12.95	0.300	0.219	0.116	-0.332	-0.108	0.405	
13.00	0.305	0.214	0.104	-0.432	-0.087	0.454	
13.05	0.311	0.211	0.078	-0.606	-0.062	0.495	
13.10	0.314	0.208	0.034	-0.621	-0.036	0.514	
13.15	0.313	0.207	0.011	-0.529	-0.010	0.507	
13.20	0.315	0.207	-0.015	-0.490	0.015	0.495	
13.25	0.312	0.208	-0.042	-0.397	0.040	0.477	
13.30	0.310	0.211	-0.048	-0.420	0.063	0.447	
13.35	0.309	0.215	-0.081	-0.492	0.084	0.416	
13.40	0.301	0.220	-0.104	-0.446	0.106	0.363	
13.45	0.298	0.226	-0.125	-0.412	0.122	0.293	
13.50	0.289	0.232	-0.150	-0.292	0.134	0.238	
13.55	0.282	0.239	-0.154	-0.166	0.145	0.190	
13.60	0.274	0.246	-0.163	-0.104	0.154	0.127	
13.65	0.265	0.255	-0.164	-0.055	0.158	0.053	
13.70	0.258	0.262	-0.167	-0.028	0.159	-0.017	
13.75	0.249	0.270	-0.170	0.060	0.157	-0.095	
13.80	0.240	0.278	-0.162	0.158	0.149	-0.175	
13.85	0.233	0.286	-0.152	0.210	0.138	-0.235	
13.90	0.225	0.292	-0.140	0.235	0.126	-0.287	
13.95	0.218	0.298	-0.125	0.211	0.110	-0.335	
14.00	0.213	0.303	-0.124	0.294	0.092	-0.384	
14.05	0.205	0.308	-0.105	0.534	0.071	-0.430	
14.10	0.201	0.310	-0.066	0.684	0.048	-0.446	
14.15	0.199	0.312	-0.024	0.597	0.026	-0.454	
14.20	0.200	0.313	-0.000	0.392	0.003	-0.466	
14.25	0.199	0.313	0.008	0.308	-0.021	-0.458	
14.30	0.200	0.311	0.019	0.429	-0.044	-0.429	
14.35	0.200	0.308	0.053	0.534	-0.065	-0.393	
14.40	0.206	0.304	0.079	0.517	-0.083	-0.352	
14.45	0.208	0.300	0.104	0.486	-0.100	-0.307	
14.50	0.216	0.294	0.133	0.361	-0.114	-0.263	
14.55	0.223	0.288	0.141	0.222	-0.126	-0.228	
14.60	0.230	0.282	0.151	0.155	-0.137	-0.180	
14.65	0.238	0.274	0.155	0.110	-0.145	-0.105	
14.70	0.245	0.267	0.161	0.076	-0.148	-0.027	
14.75	0.254	0.259	0.164	0.013	-0.147	0.039	
14.80	0.262	0.252	0.163	-0.055	-0.144	0.104	
14.85	0.270	0.245	0.160	-0.137	-0.137	0.175	
14.90	0.278	0.238	0.149	-0.220	-0.126	0.231	
14.95	0.286	0.232	0.136	-0.260	-0.114	0.286	
15.00	0.292	0.227	0.122	-0.271	-0.097	0.344	
15.05	0.298	0.223	0.108	-0.281	-0.079	0.385	
15.10	0.302	0.219	0.098	-0.371	-0.059	0.430	
15.15	0.308	0.216	0.075	-0.544	-0.035	0.459	
15.20	0.311	0.215	0.039	-0.632	-0.012	0.463	
15.25	0.312	0.215	0.008	-0.627	0.011	0.460	
15.30	0.312	0.216	-0.028	-0.531	0.035	0.435	
15.35	0.308	0.219	-0.050	-0.355	0.056	0.381	
15.40	0.306	0.222	-0.052	-0.371	0.073	0.325	
15.45	0.305	0.226	-0.082	-0.462	0.088	0.286	
15.50	0.298	0.231	-0.111	-0.352	0.102	0.250	
15.55	0.292	0.236	-0.118	-0.230	0.113	0.207	
15.60	0.286	0.242	-0.123	-0.270	0.123	0.155	
15.65	0.281	0.249	-0.146	-0.292	0.129	0.086	
15.70	0.271	0.256	-0.162	-0.152	0.131	0.021	
15.75	0.264	0.262	-0.159	-0.047	0.130	-0.017	
15.80	0.255	0.268	-0.163	-0.010	0.130	-0.060	
15.85	0.247	0.275	-0.160	0.025	0.125	-0.124	
15.90	0.240	0.281	-0.165	0.136	0.117	-0.175	
15.95	0.229	0.287	-0.147	0.270	0.107	-0.217	
16.00	0.225	0.292	-0.133	0.320	0.095	-0.261	
16.05	0.216	0.297	-0.116	0.369	0.081	-0.304	
16.10	0.213	0.300	-0.090	0.318	0.064	-0.338	
16.15	0.209	0.303	-0.089	0.350	0.048	-0.372	
16.20	0.203	0.305	-0.065	0.538	0.027	-0.402	
16.25	0.201	0.306	-0.023	0.524	0.005	-0.397	
16.30	0.202	0.305	-0.008	0.422	-0.013	-0.385	
16.35	0.200	0.304	0.013	0.415	-0.033	-0.376	
16.40	0.203	0.302	0.033	0.432	-0.052	-0.345	
16.45	0.203	0.299	0.051	0.535	-0.068	-0.301	
16.50	0.207	0.295	0.094	0.504	-0.082	-0.256	
16.55	0.214	0.291	0.107	0.355	-0.093	-0.215	
16.60	0.217	0.286	0.123	0.303	-0.103	-0.180	
16.65	0.226	0.281	0.142	0.196	-0.111	-0.146	
16.70	0.233	0.275	0.137	0.186	-0.118	-0.098	
16.75	0.239	0.269	0.157	0.215	-0.121	-0.044	
16.80	0.249	0.263	0.169	0.067	-0.122	0.007	
16.85	0.257	0.256	0.163	-0.065	-0.121	0.056	
16.90	0.265	0.250	0.159	-0.139	-0.116	0.095	
16.95	0.273	0.245	0.149	-0.199	-0.112	0.149	
17.00	0.280	0.239	0.139	-0.248	-0.102	0.222	
17.05	0.287	0.234	0.124	-0.292	-0.088	0.261	
17.10	0.292	0.230	0.109	-0.325	-0.076	0.288	
17.15	0.298	0.227	0.092	-0.364	-0.060	0.329	
17.20	0.302	0.224	0.072	-0.390	-0.042	0.354	
17.25	0.305	0.222	0.052	-0.408	-0.024	0.361	
17.30	0.307	0.222	0.036	-0.511	-0.005	0.361	
17.35	0.310	0.222	0.001	-0.609	0.012	0.358	
17.40	0.307	0.223	-0.037	-0.499	0.030	0.351	
17.45	0.304	0.225	-0.050	-0.359	0.048	0.331	
17.50	0.302	0.228	-0.064	-0.357	0.064	0.295	
17.55	0.299	0.232	-0.086	-0.359	0.078	0.242	
17.60	0.293	0.236	-0.103	-0.316	0.088	0.197	
17.65	0.288	0.240	-0.117	-0.272	0.097	0.165	
17.70	0.282	0.246	-0.130	-0.225	0.105	0.120	
17.75	0.275	0.251	-0.140	-0.174	0.110	0.064	
17.80	0.268	0.257	-0.147	-0.124	0.111	0.008	
17.85	0.260	0.262	-0.153	-0.057	0.109	-0.025	
17.90	0.252	0.268	-0.155	0.040	0.109	-0.052	
17.95	0.244	0.273	-0.148	0.121	0.106	-0.105	
18.00	0.237	0.278	-0.140	0.152	0.098	-0.152	
18.05	0.230	0.283	-0.132	0.170	0.090	-0.186	
18.10	0.224	0.287	-0.122	0.174	0.079	-0.214	
18.15	0.218	0.291	-0.119	0.253	0.068	-0.239	
18.20	0.211	0.294	-0.103	0.433	0.056	-0.277	
18.25	0.207	0.297	-0.071	0.531	0.040	-0.304	
18.30	0.205	0.298	-0.043	0.511	0.024	-0.310	
18.35	0.203	0.299	-0.020	0.478	0.009	-0.319	
18.40	0.203	0.299	0.003	0.455	-0.007	-0.325	
18.45	0.204	0.298	0.026	0.430	-0.024	-0.309	
18.50	0.205	0.297	0.046	0.410	-0.039	-0.281	
18.55	0.208	0.294	0.066	0.412	-0.052	-0.261	
18.60	0.212	0.292	0.087	0.411	-0.065	-0.244	
18.65	0.217	0.288	0.107	0.393	-0.077	-0.218	
18.70	0.222	0.284	0.131	0.295	-0.087	-0.181	
18.75	0.231	0.279	0.136	0.201	-0.096	-0.128	
18.80	0.236	0.274	0.146	0.183	-0.100	-0.074	
18.85	0.245	0.269	0.161	0.066	-0.101	-0.050	
18.90	0.253	0.264	0.154	-0.060	-0.105	-0.023	
18.95	0.261	0.258	0.150	-0.103	-0.105	0.035	
19.00	0.268	0.253	0.144	-0.148	-0.101	0.089	
19.05	0.275	0.248	0.136	-0.199	-0.096	0.125	
19.10	0.282	0.244	0.124	-0.244	-0.089	0.157	
19.15	0.287	0.239	0.111	-0.284	-0.080	0.191	
19.20	0.293	0.236	0.096	-0.336	-0.070	0.228	
19.25	0.297	0.232	0.077	-0.389	-0.057	0.265	
19.30	0.301	0.230	0.056	-0.416	-0.043	0.294	
19.35	0.303	0.228	0.035	-0.421	-0.027	0.310	
19.40	0.304	0.227	0.014	-0.432	-0.012	0.322	
19.45	0.304	0.227	-0.008	-0.443	0.005	0.323	
19.50	0.303	0.228	-0.031	-0.442	0.022	0.308	
19.55	0.301	0.229	-0.053	-0.425	0.037	0.279	
19.60	0.298	0.231	-0.074	-0.383	0.049	0.251	
19.65	0.294	0.234	-0.093	-0.311	0.061	0.233	
19.70	0.288	0.237	-0.105	-0.246	0.073	0.202	
19.75	0.283	0.242	-0.115	-0.220	0.082	0.155	
19.80	0.277	0.246	-0.127	-0.196	0.088	0.128	
19.85	0.270	0.250	-0.137	-0.139	0.095	0.100	
19.90	0.263	0.255	-0.141	-0.081	0.100	0.039	
19.95	0.256	0.261	-0.144	-0.032	0.098	-0.015	
20.00	0.249	0.265	-0.144	0.020	0.097	-0.043	
20.05	0.242	0.270	-0.147	0.147	0.095	-0.085	
20.10	0.233	0.275	-0.129	0.266	0.088	-0.125	
20.15	0.229	0.279	-0.109	0.200	0.082	-0.152	
20.20	0.223	0.283	-0.114	0.206	0.073	-0.183	
20.25	0.216	0.286	-0.099	0.387	0.063	-0.210	
20.30	0.213	0.289	-0.070	0.481	0.052	-0.238	
20.35	0.210	0.292	-0.046	0.479	0.039	-0.261	
20.40	0.208	0.293	-0.017	0.390	0.026	-0.274	
20.45	0.209	0.294	-0.007	0.320	0.012	-0.280	
20.50	0.207	0.295	0.004	0.435	-0.003	-0.276	
20.55	0.208	0.294	0.036	0.547	-0.016	-0.264	
20.60	0.210	0.293	0.071	0.442	-0.029	-0.262	
20.65	0.217	0.291	0.086	0.237	-0.042	-0.259	
20.70	0.220	0.289	0.081	0.248	-0.056	-0.235	
20.75	0.223	0.285	0.106	0.344	-0.066	-0.200	
20.80	0.231	0.282	0.128	0.244	-0.076	-0.161	
20.85	0.237	0.278	0.131	0.117	-0.082	-0.125	
20.90	0.244	0.274	0.135	0.067	-0.088	-0.096	
20.95	0.250	0.269	0.138	0.023	-0.093	-0.049	
21.00	0.257	0.264	0.138	-0.041	-0.093	-0.002	
21.05	0.264	0.260	0.134	-0.116	-0.092	0.018	
21.10	0.271	0.255	0.125	-0.150	-0.091	0.045	
21.15	0.277	0.250	0.117	-0.153	-0.088	0.090	
21.20	0.283	0.246	0.111	-0.199	-0.083	0.140	
21.25	0.288	0.242	0.104	-0.349	-0.074	0.180	
21.30	0.294	0.239	0.074	-0.447	-0.064	0.205	
21.35	0.295	0.236	0.048	-0.355	-0.053	0.236	
21.40	0.298	0.233	0.040	-0.285	-0.040	0.270	
21.45	0.299	0.232	0.029	-0.378	-0.026	0.289	
21.50	0.302	0.231	0.001	-0.461	-0.011	0.291	
21.55	0.299	0.230	-0.022	-0.445	0.004	0.283	
21.60	0.300	0.231	-0.044	-0.410	0.018	0.268	
21.65	0.295	0.232	-0.068	-0.299	0.031	0.251	
21.70	0.291	0.234	-0.068	-0.275	0.043	0.242	
21.75	0.289	0.237	-0.090	-0.337	0.054	0.238	
21.80	0.282	0.239	-0.112	-0.244	0.067	0.213	
21.85	0.277	0.244	-0.114	-0.148	0.078	0.153	
21.90	0.271	0.247	-0.122	-0.116	0.082	0.099	
21.95	0.265	0.252	-0.128	-0.054	0.086	0.075	
22.00	0.258	0.256	-0.127	0.005	0.089	0.057	
22.05	0.252	0.261	-0.126	0.049	0.093	0.020	
22.10	0.246	0.265	-0.123	0.101	0.093	-0.036	
22.15	0.240	0.270	-0.116	0.148	0.089	-0.086	
22.20	0.234	0.274	-0.107	0.177	0.083	-0.118	
22.25	0.229	0.278	-0.098	0.204	0.077	-0.151	
22.30	0.224	0.282	-0.088	0.250	0.068	-0.187	
22.35	0.220	0.285	-0.078	0.375	0.057	-0.207	
22.40	0.215	0.288	-0.049	0.476	0.048	-0.233	
22.45	0.215	0.290	-0.020	0.397	0.034	-0.259	
22.50	0.214	0.291	-0.010	0.315	0.021	-0.265	
22.55	0.214	0.292	0.005	0.334	0.007	-0.263	
22.60	0.215	0.292	0.023	0.366	-0.005	-0.262	
22.65	0.216	0.292	0.043	0.375	-0.018	-0.269	
22.70	0.219	0.290	0.063	0.326	-0.033	-0.258	
22.75	0.223	0.288	0.077	0.258	-0.045	-0.224	
22.80	0.227	0.286	0.087	0.231	-0.056	-0.186	
22.85	0.231	0.283	0.099	0.219	-0.063	-0.158	
22.90	0.237	0.279	0.111	0.165	-0.071	-0.142	
22.95	0.243	0.276	0.116	0.108	-0.078	-0.122	
23.00	0.248	0.271	0.121	0.064	-0.083	-0.091	
23.05	0.255	0.267	0.123	0.006	-0.087	-0.056	
23.10	0.261	0.263	0.122	-0.065	-0.089	-0.014	
23.15	0.268	0.258	0.116	-0.136	-0.089	0.027	
23.20	0.273	0.254	0.106	-0.162	-0.086	0.057	
23.25	0.278	0.250	0.100	-0.189	-0.083	0.092	
23.30	0.283	0.245	0.089	-0.250	-0.078	0.139	
23.35	0.287	0.242	0.075	-0.300	-0.069	0.190	
23.40	0.290	0.238	0.058	-0.327	-0.058	0.229	
23.45	0.293	0.236	0.040	-0.321	-0.046	0.256	
23.50	0.294	0.234	0.026	-0.312	-0.032	0.274	
23.55	0.295	0.233	0.010	-0.318	-0.018	0.277	
23.60	0.295	0.232	-0.002	-0.375	-0.004	0.272	
23.65	0.296	0.232	-0.029	-0.411	0.009	0.272	
23.70	0.292	0.233	-0.052	-0.305	0.023	0.273	
23.75	0.289	0.234	-0.053	-0.294	0.038	0.254	
23.80	0.288	0.237	-0.077	-0.356	0.049	0.222	
23.85	0.282	0.239	-0.099	-0.245	0.059	0.201	
23.90	0.277	0.243	-0.101	-0.132	0.069	0.174	
23.95	0.272	0.246	-0.107	-0.098	0.077	0.129	
24.00	0.266	0.251	-0.112	-0.058	0.083	0.081	
24.05	0.260	0.255	-0.113	-0.018	0.085	0.050	
24.10	0.255	0.259	-0.113	0.012	0.087	0.034	
24.15	0.249	0.263	-0.113	0.053	0.089	-0.008	
24.20	0.244	0.268	-0.108	0.094	0.087	-0.063	
24.25	0.238	0.272	-0.104	0.146	0.082	-0.091	
24.30	0.233	0.276	-0.094	0.213	0.077	-0.116	
24.35	0.229	0.280	-0.080	0.238	0.070	-0.147	
24.40	0.225	0.283	-0.068	0.234	0.063	-0.182	
24.45	0.222	0.286	-0.063	0.331	0.053	-0.226	
24.50	0.218	0.289	-0.037	0.445	0.039	-0.258	
24.55	0.218	0.290	-0.008	0.381	0.026	-0.263	
24.60	0.218	0.291	0.002	0.300	0.014	-0.272	
24.65	0.218	0.292	0.017	0.301	-0.001	-0.286	
24.70	0.220	0.291	0.032	0.302	-0.017	-0.262	
24.75	0.222	0.290	0.048	0.281	-0.028	-0.228	
24.80	0.224	0.288	0.062	0.238	-0.038	-0.218	
24.85	0.228	0.286	0.071	0.215	-0.050	-0.210	
24.90	0.232	0.283	0.082	0.214	-0.060	-0.188	
24.95	0.236	0.280	0.093	0.193	-0.069	-0.160	
25.00	0.241	0.277	0.103	0.132	-0.076	-0.137	
25.05	0.247	0.272	0.107	0.062	-0.083	-0.096	
25.10	0.252	0.268	0.108	0.022	-0.086	-0.051	
25.15	0.257	0.264	0.109	-0.017	-0.087	-0.018	
25.20	0.263	0.259	0.107	-0.070	-0.088	0.023	
25.25	0.268	0.255	0.102	-0.116	-0.086	0.074	
25.30	0.273	0.251	0.096	-0.171	-0.080	0.114	
25.35	0.278	0.247	0.085	-0.232	-0.073	0.129	
25.40	0.282	0.243	0.071	-0.253	-0.067	0.142	
25.45	0.285	0.240	0.057	-0.223	-0.061	0.183	
25.50	0.287	0.237	0.048	-0.197	-0.049	0.231	
25.55	0.289	0.235	0.044	-0.285	-0.036	0.246	
25.60	0.292	0.234	0.026	-0.474	-0.024	0.250	
25.65	0.293	0.233	-0.013	-0.488	-0.012	0.271	
25.70	0.290	0.232	-0.034	-0.305	0.003	0.287	
25.75	0.289	0.233	-0.038	-0.197	0.019	0.272	
25.80	0.287	0.234	-0.048	-0.202	0.030	0.256	
25.85	0.284	0.236	-0.059	-0.223	0.044	0.241	
25.90	0.281	0.239	-0.071	-0.219	0.055	0.209	
25.95	0.277	0.242	-0.082	-0.178	0.065	0.177	
26.00	0.272	0.245	-0.090	-0.123	0.073	0.143	
26.05	0.268	0.249	-0.094	-0.078	0.079	0.108	
26.10	0.263	0.253	-0.097	-0.044	0.085	0.058	
26.15	0.258	0.258	-0.098	-0.013	0.085	0.007	
26.20	0.253	0.262	-0.098	0.006	0.084	-0.010	
26.25	0.248	0.266	-0.099	0.039	0.084	-0.022	
26.30	0.243	0.270	-0.095	0.086	0.083	-0.057	
26.35	0.239	0.274	-0.089	0.119	0.079	-0.112	
26.40	0.234	0.278	-0.083	0.162	0.071	-0.166	
26.45	0.231	0.282	-0.078	0.288	0.062	-0.207	
26.50	0.225	0.285	-0.054	0.401	0.049	-0.219	
26.55	0.225	0.286	-0.027	0.330	0.039	-0.207	
26.60	0.224	0.288	-0.020	0.242	0.030	-0.212	
26.65	0.223	0.289	-0.009	0.247	0.018	-0.236	
26.70	0.223	0.290	0.004	0.254	0.006	-0.258	
26.75	0.223	0.290	0.018	0.241	-0.008	-0.264	
26.80	0.225	0.289	0.030	0.209	-0.022	-0.247	
26.85	0.227	0.288	0.033	0.285	-0.033	-0.220	
26.90	0.227	0.286	0.058	0.369	-0.043	-0.198	
26.95	0.233	0.284	0.081	0.252	-0.053	-0.182	
27.00	0.236	0.281	0.082	0.135	-0.062	-0.161	
27.05	0.240	0.277	0.089	0.108	-0.069	-0.131	
27.10	0.245	0.274	0.093	0.092	-0.075	-0.092	
27.15	0.250	0.270	0.097	0.092	-0.077	-0.068	
27.20	0.254	0.266	0.109	-0.022	-0.082	-0.041	
27.25	0.262	0.261	0.098	-0.175	-0.083	0.013	
27.30	0.264	0.257	0.080	-0.132	-0.080	0.050	
27.35	0.269	0.253	0.081	-0.030	-0.077	0.068	
27.40	0.273	0.250	0.082	-0.020	-0.074	0.102	
27.45	0.277	0.246	0.085	-0.134	-0.068	0.147	
27.50	0.282	0.243	0.073	-0.315	-0.059	0.186	
27.55	0.285	0.240	0.048	-0.386	-0.048	0.208	
27.60	0.287	0.238	0.025	-0.300	-0.037	0.212	
27.65	0.286	0.236	0.019	-0.221	-0.028	0.228	
27.70	0.288	0.235	0.014	-0.316	-0.015	0.258	
27.75	0.289	0.235	-0.017	-0.339	-0.000	0.263	
27.80	0.286	0.235	-0.033	-0.166	0.012	0.247	
27.85	0.284	0.236	-0.025	-0.143	0.024	0.241	
27.90	0.285	0.238	-0.034	-0.329	0.037	0.221	
27.95	0.282	0.240	-0.067	-0.357	0.046	0.198	
28.00	0.277	0.242	-0.082	-0.167	0.056	0.182	
28.05	0.273	0.245	-0.078	-0.058	0.065	0.148	
28.10	0.269	0.249	-0.081	-0.069	0.071	0.115	
28.15	0.265	0.252	-0.087	-0.065	0.076	0.086	
28.20	0.261	0.256	-0.090	-0.028	0.080	0.048	
28.25	0.256	0.261	-0.089	0.010	0.081	0.006	
28.30	0.252	0.265	-0.088	0.040	0.080	-0.034	
28.35	0.247	0.269	-0.085	0.064	0.078	-0.073	
28.40	0.243	0.273	-0.082	0.099	0.073	-0.112	
28.45	0.239	0.276	-0.076	0.152	0.066	-0.144	
28.50	0.235	0.279	-0.067	0.199	0.058	-0.167	
28.55	0.232	0.282	-0.056	0.240	0.049	-0.188	
28.60	0.230	0.284	-0.041	0.252	0.040	-0.211	
28.65	0.228	0.286	-0.030	0.242	0.028	-0.225	
28.70	0.227	0.287	-0.018	0.249	0.016	-0.220	
28.75	0.226	0.287	-0.006	0.269	0.006	-0.219	
28.80	0.226	0.288	0.010	0.276	-0.005	-0.223	
28.85	0.227	0.287	0.023	0.258	-0.017	-0.217	
28.90	0.228	0.286	0.036	0.230	-0.027	-0.203	
28.95	0.231	0.284	0.047	0.196	-0.037	-0.187	
29.00	0.233	0.282	0.055	0.169	-0.046	-0.168	
29.05	0.236	0.280	0.063	0.156	-0.054	-0.152	
29.10	0.240	0.277	0.070	0.155	-0.062	-0.124	
29.15	0.243	0.273	0.079	0.141	-0.067	-0.083	
29.20	0.247	0.270	0.086	0.081	-0.069	-0.062	
29.25	0.252	0.267	0.088	-0.003	-0.073	-0.042	
29.30	0.257	0.262	0.084	-0.058	-0.074	-0.006	
29.35	0.261	0.259	0.080	-0.070	-0.074	0.024	
29.40	0.264	0.255	0.078	-0.084	-0.072	0.071	
29.45	0.268	0.252	0.073	-0.110	-0.065	0.102	
29.50	0.272	0.249	0.066	-0.121	-0.061	0.118	
29.55	0.275	0.245	0.059	-0.101	-0.055	0.161	
29.60	0.277	0.243	0.055	-0.075	-0.045	0.197	
29.65	0.280	0.241	0.057	-0.161	-0.034	0.204	
29.70	0.284	0.240	0.043	-0.327	-0.025	0.210	
29.75	0.285	0.238	0.017	-0.367	-0.014	0.230	
29.80	0.285	0.238	0.002	-0.326	-0.000	0.232	
29.85	0.285	0.239	-0.012	-0.321	0.010	0.225	
29.90	0.284	0.239	-0.028	-0.333	0.021	0.226	
29.95	0.283	0.241	-0.050	-0.269	0.034	0.198	
30.00	0.279	0.243	-0.059	-0.133	0.042	0.158	
30.05	0.276	0.245	-0.058	-0.086	0.048	0.139	
30.10	0.273	0.247	-0.065	-0.100	0.055	0.138	
30.15	0.270	0.250	-0.071	-0.077	0.063	0.117	
30.20	0.266	0.254	-0.072	-0.060	0.068	0.065	
30.25	0.263	0.257	-0.075	-0.061	0.069	0.026	
30.30	0.259	0.261	-0.080	-0.034	0.069	0.009	
30.35	0.255	0.264	-0.080	0.017	0.071	-0.017	
30.40	0.251	0.268	-0.077	0.058	0.069	-0.060	
30.45	0.247	0.271	-0.074	0.096	0.064	-0.091	
30.50	0.243	0.274	-0.067	0.122	0.059	-0.108	
30.55	0.240	0.277	-0.061	0.132	0.054	-0.137	
30.60	0.237	0.280	-0.055	0.154	0.046	-0.183	
30.65	0.234	0.282	-0.045	0.179	0.034	-0.213	
30.70	0.233	0.283	-0.037	0.206	0.023	-0.213	
30.75	0.231	0.284	-0.026	0.245	0.013	-0.201	
30.80	0.230	0.284	-0.011	0.260	0.004	-0.201	
30.85	0.230	0.285	0.002	0.245	-0.007	-0.205	
30.90	0.230	0.284	0.014	0.211	-0.018	-0.186	
30.95	0.231	0.282	0.022	0.187	-0.025	-0.172	
31.00	0.232	0.281	0.030	0.208	-0.034	-0.177	
31.05	0.234	0.279	0.044	0.221	-0.045	-0.152	
31.10	0.237	0.276	0.055	0.187	-0.050	-0.114	
31.15	0.240	0.274	0.063	0.135	-0.055	-0.094	
31.20	0.243	0.271	0.068	0.105	-0.059	-0.074	
31.25	0.247	0.268	0.071	0.116	-0.063	-0.050	
31.30	0.250	0.265	0.079	0.112	-0.065	-0.022	
31.35	0.254	0.262	0.090	-0.025	-0.064	-0.000	
31.40	0.260	0.258	0.076	-0.143	-0.065	0.037	
31.45	0.262	0.255	0.065	-0.071	-0.061	0.075	
31.50	0.266	0.252	0.070	-0.013	-0.057	0.092	
31.55	0.269	0.249	0.074	-0.133	-0.052	0.123	
31.60	0.274	0.247	0.057	-0.264	-0.044	0.147	
31.65	0.275	0.245	0.037	-0.207	-0.037	0.162	
31.70	0.277	0.243	0.036	-0.140	-0.029	0.190	
31.75	0.279	0.242	0.029	-0.178	-0.018	0.205	
31.80	0.280	0.241	0.018	-0.208	-0.007	0.194	
31.85	0.281	0.241	0.006	-0.188	0.001	0.190	
31.90	0.280	0.241	-0.002	-0.155	0.011	0.199	
31.95	0.280	0.242	-0.009	-0.141	0.022	0.190	
32.00	0.279	0.244	-0.012	-0.198	0.031	0.169	
32.05	0.280	0.245	-0.029	-0.248	0.038	0.156	
32.10	0.276	0.247	-0.041	-0.224	0.047	0.133	
32.15	0.276	0.250	-0.052	-0.190	0.053	0.094	
32.20	0.270	0.253	-0.058	-0.170	0.055	0.075	
32.25	0.270	0.256	-0.067	-0.182	0.060	0.063	
32.30	0.264	0.259	-0.083	-0.092	0.063	0.023	
32.35	0.261	0.262	-0.077	0.021	0.062	-0.023	
32.40	0.257	0.265	-0.075	0.041	0.059	-0.045	
32.45	0.253	0.268	-0.073	0.044	0.057	-0.050	
32.50	0.250	0.271	-0.072	0.063	0.055	-0.074	
32.55	0.246	0.274	-0.067	0.103	0.050	-0.115	
32.60	0.243	0.276	-0.061	0.127	0.044	-0.152	
32.65	0.240	0.278	-0.054	0.138	0.034	-0.170	
32.70	0.237	0.280	-0.048	0.167	0.025	-0.164	
32.75	0.235	0.280	-0.038	0.210	0.018	-0.157	
32.80	0.233	0.281	-0.026	0.227	0.010	-0.162	
32.85	0.233	0.281	-0.013	0.201	0.002	-0.168	
32.90	0.232	0.282	-0.005	0.172	-0.006	-0.178	
32.95	0.232	0.281	0.002	0.185	-0.016	-0.179	
33.00	0.232	0.280	0.012	0.218	-0.025	-0.163	
33.05	0.233	0.278	0.024	0.244	-0.033	-0.144	
33.10	0.235	0.277	0.038	0.235	-0.039	-0.124	
33.15	0.237	0.274	0.050	0.178	-0.046	-0.091	
33.20	0.240	0.272	0.056	0.125	-0.048	-0.064	
33.25	0.243	0.270	0.061	0.095	-0.051	-0.061	
33.30	0.246	0.267	0.065	0.067	-0.055	-0.046	
33.35	0.249	0.264	0.067	0.055	-0.056	-0.015	
33.40	0.253	0.261	0.071	0.042	-0.057	0.020	
33.45	0.257	0.258	0.073	0.004	-0.054	0.047	
33.50	0.260	0.256	0.071	-0.039	-0.051	0.060	
33.55	0.264	0.253	0.068	-0.072	-0.048	0.085	
33.60	0.267	0.251	0.063	-0.082	-0.043	0.108	
33.65	0.270	0.249	0.058	-0.062	-0.037	0.124	
33.70	0.272	0.247	0.061	-0.116	-0.030	0.133	
33.75	0.277	0.246	0.047	-0.182	-0.024	0.149	
33.80	0.277	0.245	0.038	-0.169	-0.016	0.174	
33.85	0.281	0.244	0.035	-0.231	-0.005	0.172	
33.90	0.281	0.244	0.015	-0.290	0.002	0.160	
33.95	0.281	0.244	0.004	-0.313	0.010	0.163	
34.00	0.282	0.245	-0.014	-0.355	0.018	0.161	
34.05	0.281	0.246	-0.038	-0.268	0.026	0.144	
34.10	0.277	0.248	-0.046	-0.087	0.033	0.126	
34.15	0.275	0.249	-0.042	-0.003	0.039	0.110	
34.20	0.273	0.252	-0.042	-0.025	0.044	0.090	
34.25	0.271	0.254	-0.039	-0.155	0.047	0.074	
34.30	0.270	0.256	-0.058	-0.257	0.052	0.043	
34.35	0.265	0.259	-0.077	-0.132	0.052	-0.000	
34.40	0.261	0.262	-0.072	0.026	0.051	-0.018	
34.45	0.258	0.264	-0.067	0.069	0.050	-0.033	
34.50	0.255	0.267	-0.065	0.081	0.048	-0.055	
34.55	0.251	0.269	-0.055	0.012	0.045	-0.081	
34.60	0.250	0.271	-0.062	-0.078	0.040	-0.108	
34.65	0.245	0.273	-0.074	0.032	0.033	-0.110	
34.70	0.241	0.275	-0.061	0.185	0.029	-0.106	
34.75	0.239	0.276	-0.048	0.212	0.024	-0.129	
34.80	0.237	0.277	-0.039	0.202	0.016	-0.147	
34.85	0.235	0.278	-0.029	0.200	0.008	-0.144	
34.90	0.234	0.278	-0.019	0.204	0.001	-0.138	
34.95	0.233	0.278	-0.008	0.207	-0.006	-0.138	
35.00	0.233	0.277	0.002	0.201	-0.013	-0.131	
35.05	0.234	0.276	0.011	0.199	-0.019	-0.121	
35.10	0.234	0.275	0.022	0.198	-0.024	-0.119	
35.15	0.236	0.274	0.032	0.178	-0.031	-0.111	
35.20	0.238	0.272	0.039	0.164	-0.037	-0.085	
35.25	0.240	0.270	0.049	0.148	-0.040	-0.046	
35.30	0.243	0.268	0.056	0.110	-0.041	-0.019	
35.35	0.245	0.266	0.058	0.103	-0.040	-0.018	
35.40	0.248	0.264	0.064	0.127	-0.042	-0.025	
35.45	0.252	0.262	0.071	0.140	-0.044	-0.007	
35.50	0.255	0.260	0.083	0.052	-0.044	0.028	
35.55	0.261	0.258	0.082	-0.143	-0.040	0.049	
35.60	0.264	0.256	0.065	-0.254	-0.038	0.064	
35.65	0.267	0.254	0.046	-0.158	-0.035	0.088	
35.70	0.268	0.252	0.044	0.035	-0.029	0.098	
35.75	0.271	0.251	0.061	0.023	-0.025	0.106	
35.80	0.275	0.250	0.056	-0.175	-0.019	0.128	
35.85	0.277	0.249	0.037	-0.274	-0.011	0.137	
35.90	0.278	0.249	0.022	-0.255	-0.005	0.133	
35.95	0.279	0.248	0.011	-0.216	0.002	0.129	
36.00	0.279	0.249	0.003	-0.210	0.008	0.119	
36.05	0.279	0.249	-0.008	-0.233	0.014	0.103	
36.10	0.279	0.250	-0.020	-0.254	0.018	0.096	
36.15	0.278	0.251	-0.038	-0.198	0.023	0.100	
36.20	0.274	0.252	-0.040	-0.140	0.029	0.086	
36.25	0.274	0.254	-0.047	-0.160	0.032	0.066	
36.30	0.270	0.256	-0.061	-0.106	0.034	0.064	
36.35	0.267	0.257	-0.059	-0.042	0.039	0.058	
36.40	0.264	0.260	-0.062	-0.029	0.042	0.020	
36.45	0.261	0.262	-0.063	0.009	0.040	-0.012	
36.50	0.258	0.264	-0.061	0.032	0.039	-0.023	
36.55	0.255	0.266	-0.059	0.040	0.038	-0.038	
36.60	0.251	0.268	-0.052	-0.020	0.035	-0.049	
36.65	0.251	0.269	-0.062	-0.052	0.034	-0.068	
36.70	0.245	0.271	-0.067	0.087	0.029	-0.093	
36.75	0.243	0.272	-0.050	0.175	0.023	-0.098	
36.80	0.240	0.273	-0.044	0.159	0.019	-0.108	
36.85	0.238	0.274	-0.037	0.177	0.013	-0.127	
36.90	0.236	0.275	-0.027	0.212	0.006	-0.140	
36.95	0.235	0.275	-0.014	0.221	-0.001	-0.138	
37.00	0.235	0.275	-0.003	0.181	-0.008	-0.118	
37.05	0.235	0.274	0.004	0.134	-0.014	-0.089	
37.10	0.236	0.273	0.007	0.152	-0.016	-0.074	
37.15	0.236	0.272	0.018	0.195	-0.020	-0.082	
37.20	0.238	0.271	0.031	0.170	-0.025	-0.082	
37.25	0.239	0.270	0.035	0.138	-0.029	-0.065	
37.30	0.241	0.268	0.041	0.152	-0.032	-0.037	
37.35	0.243	0.267	0.052	0.139	-0.033	-0.004	
37.40	0.246	0.265	0.058	0.076	-0.031	0.013	
37.45	0.249	0.263	0.058	0.038	-0.031	0.013	
37.50	0.252	0.262	0.060	0.036	-0.030	0.007	
37.55	0.255	0.261	0.063	0.018	-0.030	0.009	
37.60	0.259	0.259	0.063	-0.015	-0.030	0.028	
37.65	0.262	0.257	0.059	-0.018	-0.028	0.050	
37.70	0.264	0.256	0.061	-0.027	-0.025	0.070	
37.75	0.267	0.255	0.064	-0.162	-0.020	0.083	
37.80	0.272	0.254	0.043	-0.263	-0.016	0.081	
37.85	0.271	0.253	0.026	-0.161	-0.012	0.066	
37.90	0.273	0.253	0.028	-0.068	-0.010	0.065	
37.95	0.274	0.252	0.029	-0.143	-0.007	0.089	
38.00	0.277	0.252	0.014	-0.234	-0.000	0.105	
38.05	0.275	0.252	0.001	-0.231	0.005	0.093	
38.10	0.277	0.253	-0.010	-0.212	0.009	0.081	
38.15	0.275	0.253	-0.024	-0.127	0.013	0.080	
38.20	0.274	0.254	-0.017	-0.122	0.017	0.074	
38.25	0.274	0.255	-0.032	-0.192	0.021	0.048	
38.30	0.270	0.256	-0.047	-0.108	0.021	0.028	
38.35	0.268	0.257	-0.038	-0.110	0.022	0.038	
38.40	0.268	0.258	-0.053	-0.180	0.026	0.029	
38.45	0.263	0.260	-0.066	-0.085	0.026	0.008	
38.50	0.260	0.261	-0.061	0.008	0.026	0.003	
38.55	0.257	0.262	-0.061	0.035	0.027	-0.008	
38.60	0.254	0.264	-0.058	0.054	0.026	-0.023	
38.65	0.251	0.265	-0.054	0.053	0.025	-0.040	
38.70	0.249	0.266	-0.053	0.061	0.021	-0.049	
38.75	0.246	0.267	-0.050	0.092	0.019	-0.045	
38.80	0.244	0.268	-0.044	0.123	0.017	-0.048	
38.85	0.242	0.269	-0.035	0.122	0.015	-0.060	
38.90	0.240	0.270	-0.031	0.121	0.011	-0.075	
38.95	0.238	0.270	-0.025	0.156	0.006	-0.074	
39.00	0.238	0.270	-0.015	0.185	0.004	-0.067	
39.05	0.237	0.270	-0.007	0.210	0.001	-0.077	
39.10	0.237	0.270	0.007	0.212	-0.004	-0.087	
39.15	0.238	0.270	0.017	0.166	-0.009	-0.074	
39.20	0.239	0.269	0.022	0.147	-0.013	-0.038	
39.25	0.240	0.268	0.030	0.152	-0.012	-0.027	
39.30	0.242	0.268	0.039	0.122	-0.013	-0.056	
39.35	0.244	0.267	0.043	0.083	-0.019	-0.061	
39.40	0.246	0.266	0.045	0.079	-0.022	-0.026	
39.45	0.248	0.265	0.051	0.068	-0.020	-0.009	
39.50	0.251	0.264	0.053	0.038	-0.021	-0.021	
39.55	0.254	0.263	0.053	0.027	-0.024	-0.013	
39.60	0.256	0.262	0.056	0.016	-0.023	0.015	
39.65	0.259	0.261	0.057	-0.020	-0.021	0.027	
39.70	0.262	0.260	0.053	-0.053	-0.019	0.022	
39.75	0.265	0.259	0.049	-0.054	-0.019	0.016	
39.80	0.267	0.258	0.053	-0.135	-0.019	0.023	
39.85	0.271	0.257	0.037	-0.232	-0.017	0.044	
39.90	0.271	0.256	0.019	-0.150	-0.014	0.059	
39.95	0.272	0.256	0.021	-0.044	-0.010	0.052	
40.00	0.273	0.255	0.024	-0.093	-0.009	0.052	
40.05	0.275	0.255	0.013	-0.183	-0.006	0.070	
40.10	0.274	0.254	0.002	-0.212	-0.002	0.081	
40.15	0.275	0.254	-0.004	-0.279	0.003	0.078	
40.20	0.275	0.255	-0.032	-0.226	0.006	0.066	
40.25	0.271	0.255	-0.039	0.015	0.009	0.061	
40.30	0.269	0.256	-0.019	0.061	0.012	0.059	
40.35	0.270	0.256	-0.019	-0.131	0.016	0.045	
40.40	0.268	0.257	-0.037	-0.256	0.017	0.031	
40.45	0.266	0.258	-0.051	-0.245	0.017	0.040	
40.50	0.263	0.259	-0.068	-0.105	0.021	0.044	
40.55	0.258	0.260	-0.067	0.109	0.023	0.026	
40.60	0.256	0.261	-0.044	0.107	0.023	0.012	
40.65	0.256	0.262	-0.049	-0.017	0.024	-0.003	
40.70	0.251	0.264	-0.057	0.030	0.023	-0.022	
40.75	0.249	0.265	-0.047	0.094	0.021	-0.019	
40.80	0.247	0.266	-0.044	0.111	0.021	-0.019	
40.85	0.244	0.267	-0.037	0.141	0.020	-0.042	
40.90	0.243	0.268	-0.029	0.144	0.017	-0.055	
40.95	0.241	0.269	-0.023	0.150	0.014	-0.055	
41.00	0.240	0.269	-0.014	0.155	0.012	-0.068	
41.05	0.240	0.270	-0.006	0.144	0.007	-0.081	
41.10	0.240	0.270	0.000	0.136	0.003	-0.077	
41.15	0.240	0.270	0.007	0.139	0.000	-0.081	
41.20	0.241	0.270	0.014	0.151	-0.005	-0.088	
41.25	0.241	0.270	0.023	0.147	-0.010	-0.076	
41.30	0.243	0.269	0.030	0.117	-0.013	-0.053	
41.35	0.244	0.268	0.034	0.094	-0.015	-0.030	
41.40	0.246	0.268	0.038	0.096	-0.015	-0.019	
41.45	0.248	0.267	0.043	0.111	-0.016	-0.025	
41.50	0.251	0.266	0.049	0.114	-0.018	-0.036	
41.55	0.253	0.265	0.060	0.018	-0.020	-0.035	
41.60	0.258	0.264	0.051	-0.086	-0.022	-0.018	
41.65	0.258	0.263	0.046	-0.104	-0.023	0.009	
41.70	0.262	0.262	0.041	-0.116	-0.021	0.026	
41.75	0.262	0.261	0.031	-0.064	-0.019	0.016	
41.80	0.264	0.260	0.036	-0.041	-0.019	0.004	
41.85	0.266	0.259	0.031	-0.082	-0.019	0.013	
41.90	0.268	0.258	0.026	-0.089	-0.018	0.028	
41.95	0.269	0.257	0.022	-0.103	-0.016	0.046	
42.00	0.270	0.256	0.016	-0.127	-0.014	0.072	
42.05	0.270	0.256	0.009	-0.136	-0.008	0.078	
42.10	0.271	0.255	0.003	-0.148	-0.005	0.067	
42.15	0.271	0.255	-0.006	-0.159	-0.002	0.058	
42.20	0.270	0.255	-0.015	-0.127	0.001	0.051	
42.25	0.269	0.255	-0.019	-0.088	0.002	0.061	
42.30	0.268	0.255	-0.022	-0.087	0.007	0.073	
42.35	0.267	0.256	-0.027	-0.099	0.011	0.055	
42.40	0.265	0.257	-0.032	-0.107	0.012	0.045	
42.45	0.264	0.257	-0.039	-0.095	0.014	0.055	
42.50	0.262	0.258	-0.043	-0.050	0.018	0.052	
42.55	0.259	0.259	-0.043	-0.016	0.020	0.038	
42.60	0.257	0.260	-0.044	0.014	0.022	0.020	
42.65	0.255	0.261	-0.043	0.068	0.022	0.005	
42.70	0.253	0.262	-0.038	0.112	0.022	-0.001	
42.75	0.251	0.263	-0.025	0.039	0.021	0.002	
42.80	0.251	0.264	-0.032	-0.065	0.022	0.003	
42.85	0.248	0.265	-0.042	0.014	0.023	-0.017	
42.90	0.246	0.267	-0.032	0.131	0.021	-0.049	
42.95	0.245	0.268	-0.023	0.148	0.017	-0.072	
43.00	0.244	0.268	-0.016	0.133	0.013	-0.080	
43.05	0.243	0.269	-0.011	0.134	0.009	-0.078	
43.10	0.243	0.269	-0.003	0.139	0.005	-0.069	
43.15	0.243	0.270	0.004	0.123	0.002	-0.063	
43.20	0.243	0.269	0.009	0.121	-0.001	-0.064	
43.25	0.244	0.270	0.016	0.119	-0.004	-0.071	
43.30	0.245	0.269	0.021	0.109	-0.008	-0.064	
43.35	0.246	0.269	0.026	0.109	-0.010	-0.062	
43.40	0.247	0.268	0.031	0.107	-0.014	-0.066	
43.45	0.249	0.267	0.036	0.107	-0.018	-0.041	
43.50	0.251	0.266	0.048	0.000	-0.019	-0.011	
43.55	0.255	0.265	0.038	-0.125	-0.018	-0.003	
43.60	0.255	0.264	0.025	-0.058	-0.019	-0.003	
43.65	0.256	0.263	0.031	0.041	-0.019	0.000	
43.70	0.258	0.263	0.035	0.048	-0.019	0.004	
43.75	0.260	0.262	0.038	0.008	-0.018	0.005	
43.80	0.262	0.261	0.036	-0.042	-0.018	0.011	
43.85	0.263	0.260	0.032	-0.063	-0.018	0.028	
43.90	0.265	0.259	0.028	-0.069	-0.015	0.034	
43.95	0.266	0.258	0.025	-0.072	-0.014	0.029	
44.00	0.267	0.258	0.026	-0.156	-0.012	0.030	
44.05	0.270	0.257	0.009	-0.220	-0.011	0.039	
44.10	0.268	0.256	-0.007	-0.102	-0.008	0.055	
44.15	0.268	0.256	-0.000	-0.005	-0.005	0.064	
44.20	0.268	0.256	0.005	-0.112	-0.002	0.073	
44.25	0.270	0.256	-0.012	-0.223	0.002	0.070	
44.30	0.267	0.256	-0.029	-0.139	0.006	0.053	
44.35	0.266	0.257	-0.026	-0.036	0.007	0.051	
44.40	0.264	0.257	-0.027	-0.028	0.010	0.055	
44.45	0.263	0.258	-0.028	-0.041	0.014	0.036	
44.50	0.262	0.258	-0.031	-0.052	0.014	0.018	
44.55	0.260	0.259	-0.035	-0.027	0.014	0.020	
44.60	0.258	0.260	-0.034	-0.003	0.016	0.028	
44.65	0.257	0.261	-0.034	0.005	0.017	0.030	
44.70	0.255	0.261	-0.034	0.023	0.020	0.014	
44.75	0.253	0.263	-0.031	0.028	0.020	-0.014	
44.80	0.252	0.263	-0.031	0.029	0.017	-0.031	
44.85	0.250	0.264	-0.030	0.061	0.016	-0.031	
44.90	0.248	0.265	-0.025	0.096	0.014	-0.026	
44.95	0.247	0.266	-0.019	0.100	0.013	-0.026	
45.00	0.247	0.266	-0.014	0.087	0.012	-0.034	
45.05	0.246	0.267	-0.011	0.091	0.010	-0.046	
45.10	0.245	0.267	-0.006	0.110	0.008	-0.063	
45.15	0.245	0.268	0.001	0.115	0.003	-0.070	
45.20	0.246	0.268	0.006	0.107	-0.001	-0.057	
45.25	0.246	0.268	0.013	0.080	-0.003	-0.038	
45.30	0.247	0.267	0.014	0.056	-0.003	-0.040	
45.35	0.247	0.267	0.016	0.073	-0.006	-0.053	
45.40	0.249	0.267	0.022	0.087	-0.010	-0.042	
45.45	0.250	0.266	0.026	0.078	-0.010	-0.025	
45.50	0.251	0.266	0.030	0.046	-0.011	-0.026	
45.55	0.253	0.265	0.031	0.010	-0.013	-0.025	
45.60	0.254	0.264	0.030	-0.000	-0.014	-0.011	
45.65	0.256	0.264	0.030	-0.005	-0.014	-0.002	
45.70	0.257	0.263	0.030	-0.017	-0.014	-0.004	
45.75	0.259	0.262	0.028	-0.025	-0.015	-0.001	
45.80	0.260	0.262	0.028	-0.041	-0.014	0.003	
45.85	0.262	0.261	0.025	-0.065	-0.015	0.011	
45.90	0.263	0.260	0.021	-0.074	-0.014	0.024	
45.95	0.264	0.259	0.016	-0.061	-0.012	0.033	
46.00	0.264	0.259	0.014	-0.037	-0.010	0.040	
46.05	0.265	0.258	0.014	-0.036	-0.008	0.046	
46.10	0.265	0.258	0.011	-0.064	-0.005	0.046	
46.15	0.266	0.258	0.012	-0.169	-0.003	0.035	
46.20	0.268	0.258	-0.007	-0.237	-0.002	0.033	
46.25	0.265	0.258	-0.023	-0.109	-0.000	0.043	
46.30	0.264	0.258	-0.017	0.008	0.002	0.048	
46.35	0.264	0.258	-0.015	0.006	0.005	0.046	
46.40	0.263	0.258	-0.016	-0.015	0.007	0.032	
46.45	0.262	0.259	-0.013	-0.098	0.008	0.024	
46.50	0.263	0.259	-0.026	-0.165	0.010	0.021	
46.55	0.259	0.260	-0.039	-0.059	0.010	0.019	
46.60	0.257	0.260	-0.032	0.055	0.010	0.031	
46.65	0.256	0.261	-0.028	0.073	0.014	0.031	
46.70	0.255	0.262	-0.024	0.067	0.015	0.010	
46.75	0.254	0.262	-0.020	0.031	0.014	-0.003	
46.80	0.253	0.263	-0.021	-0.000	0.014	-0.016	
46.85	0.252	0.264	-0.023	0.018	0.013	-0.024	
46.90	0.250	0.264	-0.021	0.057	0.012	-0.026	
46.95	0.250	0.265	-0.015	0.061	0.010	-0.030	
47.00	0.249	0.265	-0.014	0.049	0.009	-0.030	
47.05	0.248	0.266	-0.012	0.074	0.007	-0.028	
47.10	0.248	0.266	-0.006	0.098	0.006	-0.025	
47.15	0.248	0.266	-0.001	0.093	0.005	-0.035	
47.20	0.248	0.267	0.003	0.089	0.002	-0.048	
47.25	0.248	0.266	0.008	0.080	0.000	-0.050	
47.30	0.249	0.267	0.012	0.054	-0.002	-0.054	
47.35	0.249	0.266	0.013	0.042	-0.006	-0.046	
47.40	0.250	0.266	0.015	0.052	-0.008	-0.029	
47.45	0.251	0.265	0.018	0.054	-0.008	-0.026	
47.50	0.252	0.265	0.021	0.040	-0.010	-0.027	
47.55	0.253	0.264	0.022	0.027	-0.011	-0.017	
47.60	0.254	0.264	0.023	0.036	-0.012	-0.005	
47.65	0.255	0.263	0.025	0.055	-0.012	0.004	
47.70	0.256	0.263	0.028	0.070	-0.011	0.004	
47.75	0.257	0.262	0.037	0.008	-0.011	0.006	
47.80	0.261	0.262	0.035	-0.157	-0.011	0.012	
47.85	0.262	0.261	0.012	-0.177	-0.011	0.024	
47.90	0.261	0.260	0.012	-0.103	-0.008	0.028	
47.95	0.263	0.260	0.008	-0.103	-0.007	0.018	
48.00	0.262	0.260	-0.002	-0.036	-0.007	0.016	
48.05	0.262	0.260	0.004	0.025	-0.006	0.019	
48.10	0.263	0.259	0.004	0.020	-0.005	0.033	
48.15	0.263	0.259	0.004	0.024	-0.002	0.041	
48.20	0.263	0.259	0.011	-0.061	0.000	0.026	
48.25	0.265	0.259	-0.001	-0.152	0.000	0.015	
48.30	0.262	0.259	-0.009	-0.151	0.001	0.022	
48.35	0.264	0.259	-0.016	-0.126	0.002	0.035	
48.40	0.261	0.259	-0.028	0.012	0.005	0.039	
48.45	0.260	0.260	-0.015	0.132	0.007	0.030	
48.50	0.259	0.260	-0.002	0.031	0.008	0.016	
48.55	0.261	0.261	-0.007	-0.157	0.008	0.006	
48.60	0.260	0.261	-0.031	-0.121	0.008	0.010	
48.65	0.256	0.261	-0.029	0.093	0.009	0.017	
48.70	0.256	0.262	-0.008	0.090	0.011	0.006	
48.75	0.257	0.262	-0.009	-0.099	0.010	-0.010	
48.80	0.256	0.263	-0.029	-0.124	0.008	-0.004	
48.85	0.253	0.263	-0.032	0.033	0.009	0.006	
48.90	0.252	0.263	-0.020	0.117	0.010	-0.009	
48.95	0.251	0.264	-0.015	0.104	0.009	-0.038	
49.00	0.250	0.264	-0.010	0.088	0.005	-0.041	
49.05	0.250	0.265	-0.008	0.105	0.004	-0.022	
49.10	0.250	0.265	-0.002	0.147	0.003	-0.012	
49.15	0.250	0.265	0.008	0.165	0.003	-0.016	
49.20	0.250	0.265	0.021	0.072	0.002	-0.032	
49.25	0.252	0.265	0.020	-0.098	-0.000	-0.041	
49.30	0.253	0.265	0.007	-0.180	-0.003	-0.027	
49.35	0.253	0.265	-0.007	-0.097	-0.003	-0.015	
49.40	0.251	0.265	-0.007	0.074	-0.004	-0.023	
49.45	0.252	0.264	0.005	0.172	-0.005	-0.028	
49.50	0.252	0.264	0.014	0.181	-0.006	-0.033	
49.55	0.253	0.264	0.023	0.159	-0.010	-0.015	
49.60	0.254	0.263	0.034	0.047	-0.008	0.012	
49.65	0.257	0.263	0.031	-0.117	-0.007	0.018	
49.70	0.258	0.263	0.018	-0.182	-0.006	0.009	
49.75	0.259	0.263	0.004	-0.088	-0.006	0.003	
49.80	0.257	0.262	0.010	0.013	-0.006	0.007	
49.85	0.260	0.262	0.012	0.016	-0.006	0.009	
49.90	0.259	0.261	0.006	0.084	-0.005	0.009	
49.95	0.259	0.261	0.023	0.084	-0.005	0.012	
50.00	0.262	0.261	0.024	-0.073	-0.004	0.018	
50.05	0.263	0.261	0.012	-0.169	-0.002	0.010	
50.10	0.263	0.261	0.002	-0.183	-0.004	0.008	
50.15	0.263	0.260	-0.006	-0.173	-0.003	0.025	
50.20	0.263	0.261	-0.018	-0.106	-0.000	0.025	
50.25	0.261	0.261	-0.020	0.014	-0.000	0.023	
50.30	0.260	0.260	-0.012	0.068	0.002	0.021	
50.35	0.260	0.261	-0.010	0.067	0.003	0.009	
50.40	0.259	0.261	-0.007	0.078	0.002	0.016	
50.45	0.259	0.261	-0.003	0.073	0.004	0.020	
50.50	0.258	0.261	0.006	-0.033	0.005	0.002	
50.55	0.260	0.262	-0.001	-0.212	0.004	-0.005	
50.60	0.259	0.262	-0.026	-0.197	0.003	0.011	
50.65	0.256	0.262	-0.031	0.010	0.006	0.016	
50.70	0.255	0.262	-0.019	0.116	0.006	0.001	
50.75	0.255	0.262	-0.012	0.075	0.005	-0.011	
50.80	0.255	0.263	-0.011	0.015	0.005	-0.017	
50.85	0.254	0.263	-0.013	-0.001	0.004	-0.016	
50.90	0.253	0.263	-0.013	0.030	0.003	-0.004	
50.95	0.252	0.263	-0.010	0.065	0.003	0.005	
51.00	0.252	0.263	-0.005	0.070	0.004	0.004	
51.05	0.252	0.263	-0.002	0.047	0.004	-0.008	
51.10	0.252	0.264	-0.001	0.020	0.003	-0.024	
51.15	0.252	0.264	-0.001	0.020	0.001	-0.026	
51.20	0.252	0.264	0.000	0.038	0.001	-0.028	
51.25	0.252	0.264	0.003	0.056	-0.002	-0.029	
51.30	0.252	0.264	0.007	0.051	-0.003	-0.013	
51.35	0.253	0.263	0.009	0.024	-0.003	-0.003	
51.40	0.253	0.264	0.009	0.007	-0.003	-0.009	
51.45	0.254	0.263	0.009	0.005	-0.005	0.002	
51.50	0.254	0.263	0.010	0.006	-0.003	0.012	
51.55	0.255	0.263	0.009	0.010	-0.002	0.003	
51.60	0.255	0.263	0.010	0.016	-0.003	-0.005	
51.65	0.256	0.263	0.012	0.011	-0.002	-0.018	
51.70	0.256	0.263	0.012	-0.001	-0.005	-0.016	
51.75	0.257	0.262	0.012	-0.015	-0.005	0.012	
51.80	0.257	0.262	0.010	-0.029	-0.003	0.022	
51.85	0.258	0.262	0.008	-0.037	-0.002	0.015	
51.90	0.258	0.262	0.006	-0.042	-0.002	0.017	
51.95	0.259	0.262	0.004	-0.037	-0.000	0.020	
52.00	0.258	0.262	0.002	-0.020	0.001	0.010	
52.05	0.259	0.262	0.003	-0.025	-0.000	0.010	
52.10	0.259	0.262	0.001	-0.051	0.001	0.014	
52.15	0.259	0.262	-0.004	-0.051	0.002	0.002	
52.20	0.258	0.262	-0.005	-0.033	0.001	-0.004	
52.25	0.258	0.262	-0.007	-0.011	0.001	-0.003	
52.30	0.258	0.262	-0.007	0.030	0.001	-0.007	
52.35	0.257	0.262	-0.004	0.074	0.000	-0.003	
52.40	0.257	0.262	0.001	0.087	0.000	0.009	
52.45	0.257	0.262	0.011	-0.015	0.001	0.022	
52.50	0.259	0.262	0.005	-0.200	0.004	0.013	
52.55	0.259	0.263	-0.019	-0.201	0.004	-0.017	
52.60	0.256	0.263	-0.026	-0.008	0.001	-0.026	
52.65	0.255	0.263	-0.016	0.141	-0.000	-0.008	
52.70	0.255	0.263	-0.005	0.168	0.000	0.008	
52.75	0.255	0.263	0.002	0.121	0.002	0.000	
52.80	0.255	0.263	0.010	-0.002	0.000	-0.011	
52.85	0.257	0.263	0.006	-0.164	-0.001	-0.003	
52.90	0.256	0.263	-0.016	-0.140	0.000	0.001	
52.95	0.254	0.263	-0.017	0.050	-0.000	0.001	
53.00	0.254	0.263	-0.005	0.147	0.001	-0.003	
53.05	0.254	0.263	0.003	0.130	0.000	-0.021	
53.10	0.254	0.263	0.013	0.007	-0.003	-0.013	
53.15	0.256	0.262	0.004	-0.115	-0.002	0.005	
53.20	0.254	0.263	-0.009	-0.055	-0.001	0.005	
53.25	0.254	0.262	-0.003	0.045	-0.001	0.003	
53.30	0.254	0.262	0.000	0.078	-0.001	0.007	
53.35	0.254	0.262	0.006	0.083	-0.000	0.007	
53.40	0.255	0.262	0.009	0.069	0.000	-0.005	
53.45	0.255	0.262	0.011	0.071	-0.002	-0.004	
53.50	0.256	0.262	0.020	-0.001	-0.001	0.007	
53.55	0.258	0.262	0.011	-0.068	-0.000	0.008	
53.60	0.256	0.262	0.008	-0.046	-0.000	0.014	
53.65	0.259	0.262	0.007	-0.032	0.002	0.008	
53.70	0.257	0.262	0.005	-0.010	0.001	-0.008	
53.75	0.259	0.262	0.005	0.020	-0.000	-0.006	
53.80	0.257	0.262	0.007	0.045	0.001	-0.001	
53.85	0.260	0.263	0.015	-0.027	0.000	-0.002	
53.90	0.260	0.262	0.005	-0.116	-0.000	0.008	
53.95	0.260	0.262	-0.001	-0.126	0.002	0.004	
54.00	0.260	0.263	-0.006	-0.136	0.000	-0.005	
54.05	0.260	0.262	-0.018	-0.078	0.000	-0.000	
54.10	0.257	0.263	-0.018	0.037	0.000	0.005	
54.15	0.257	0.262	-0.009	0.071	0.001	0.004	
54.20	0.257	0.263	-0.007	0.043	0.001	-0.007	
54.25	0.257	0.263	-0.006	0.030	0.000	-0.013	
54.30	0.256	0.263	-0.006	0.035	-0.000	-0.013	
54.35	0.256	0.263	-0.003	0.037	-0.001	-0.007	
54.40	0.256	0.263	-0.001	0.030	-0.001	0.004	
54.45	0.256	0.262	-0.001	0.039	-0.000	0.008	
54.50	0.256	0.263	0.001	0.059	-0.000	0.005	
54.55	0.256	0.262	0.010	-0.001	0.000	0.003	
54.60	0.257	0.263	0.007	-0.146	0.000	0.003	
54.65	0.257	0.262	-0.013	-0.150	0.000	0.003	
54.70	0.255	0.263	-0.017	0.001	0.001	-0.003	
54.75	0.255	0.263	-0.008	0.082	0.000	-0.007	
54.80	0.255	0.263	-0.004	0.074	-0.001	0.002	
54.85	0.255	0.262	-0.001	0.057	0.000	0.010	
54.90	0.255	0.263	0.002	0.032	0.002	-0.001	
54.95	0.255	0.263	0.002	0.012	-0.000	-0.005	
55.00	0.255	0.262	0.001	0.027	0.000	0.002	
55.05	0.255	0.263	0.004	0.062	0.001	-0.004	
55.10	0.255	0.263	0.009	0.076	-0.000	-0.009	
55.15	0.256	0.263	0.016	-0.003	-0.001	-0.001	
55.20	0.258	0.262	0.008	-0.083	-0.001	0.013	
55.25	0.256	0.263	0.005	-0.100	0.002	0.006	
55.30	0.258	0.263	-0.001	-0.110	0.001	-0.014	
55.35	0.256	0.263	-0.012	-0.021	-0.001	-0.009	
55.40	0.256	0.262	-0.003	0.060	-0.000	0.001	
55.45	0.256	0.263	0.000	0.045	0.000	-0.007	
55.50	0.256	0.263	0.001	0.019	-0.002	-0.005	
55.55	0.256	0.262	0.001	0.005	-0.001	0.009	
55.60	0.256	0.262	0.001	0.007	0.000	0.005	
55.65	0.257	0.263	0.001	0.021	-0.001	-0.000	
55.70	0.257	0.262	0.002	0.057	-0.000	0.002	
55.75	0.257	0.263	0.006	0.094	-0.000	0.000	
55.80	0.257	0.262	0.017	0.038	-0.001	0.006	
55.85	0.259	0.262	0.014	-0.087	0.001	0.005	
55.90	0.259	0.262	0.002	-0.111	0.000	-0.003	
55.95	0.259	0.262	-0.001	-0.062	0.000	-0.003	
56.00	0.258	0.262	-0.002	-0.037	-0.000	-0.000	
56.05	0.258	0.262	-0.002	-0.057	-0.000	0.009	
56.10	0.258	0.262	-0.006	-0.106	0.001	0.010	
56.15	0.258	0.263	-0.017	-0.077	0.002	-0.008	
56.20	0.256	0.263	-0.019	0.037	-0.000	-0.011	
56.25	0.256	0.262	-0.010	0.096	-0.001	0.006	
56.30	0.256	0.262	-0.005	0.086	0.001	0.011	
56.35	0.255	0.263	-0.002	0.066	0.001	-0.000	
56.40	0.255	0.263	0.002	0.037	0.001	-0.013	
56.45	0.256	0.263	0.002	0.028	-0.001	-0.011	
56.50	0.256	0.262	0.002	0.062	-0.001	0.005	
56.55	0.256	0.263	0.006	0.110	0.001	0.006	
56.60	0.256	0.263	0.018	0.072	0.000	-0.001	
56.65	0.258	0.263	0.018	-0.052	0.000	-0.002	
56.70	0.258	0.263	0.008	-0.104	0.000	-0.004	
56.75	0.258	0.263	0.005	-0.101	-0.000	-0.006	
56.80	0.259	0.263	0.000	-0.118	-0.001	-0.008	
56.85	0.258	0.263	-0.006	-0.129	-0.002	0.003	
56.90	0.258	0.262	-0.017	-0.059	-0.000	0.013	
56.95	0.256	0.263	-0.016	0.074	0.001	0.003	
57.00	0.256	0.262	-0.005	0.126	0.000	-0.007	
57.05	0.256	0.263	-0.000	0.115	-0.001	-0.004	
57.10	0.256	0.262	0.006	0.099	-0.000	0.002	
57.15	0.257	0.263	0.008	0.095	-0.000	0.001	
57.20	0.257	0.262	0.018	0.039	-0.001	0.003	
57.25	0.259	0.262	0.016	-0.088	0.000	-0.002	
57.30	0.259	0.262	0.004	-0.129	-0.000	-0.011	
57.35	0.259	0.262	-0.001	-0.089	-0.002	0.000	
57.40	0.259	0.262	-0.004	-0.053	-0.001	0.020	
57.45	0.258	0.262	-0.004	-0.048	0.002	0.017	
57.50	0.258	0.262	-0.006	-0.074	0.001	0.007	
57.55	0.258	0.262	-0.016	-0.020	0.002	0.004	
57.60	0.256	0.263	-0.014	0.113	0.002	-0.008	
57.65	0.256	0.263	0.006	0.070	0.000	-0.008	
57.70	0.258	0.262	-0.002	-0.052	0.001	-0.004	
57.75	0.256	0.263	-0.011	0.008	0.001	-0.013	
57.80	0.256	0.263	-0.003	0.098	-0.001	-0.003	
57.85	0.256	0.262	0.003	0.117	-0.000	0.013	
57.90	0.256	0.263	0.015	0.025	0.001	0.006	
57.95	0.258	0.263	0.011	-0.154	0.001	-0.009	
58.00	0.258	0.263	-0.011	-0.141	-0.000	-0.018	
58.05	0.256	0.263	-0.013	0.049	-0.002	-0.008	
58.10	0.256	0.262	0.000	0.133	-0.001	0.000	
58.15	0.256	0.263	0.012	0.014	-0.001	-0.006	
58.20	0.258	0.262	0.001	-0.115	-0.002	-0.000	
58.25	0.256	0.262	-0.011	-0.063	-0.001	0.012	
58.30	0.256	0.262	-0.006	0.022	0.000	0.008	
58.35	0.256	0.262	-0.004	0.039	-0.001	0.003	
58.40	0.256	0.262	-0.002	0.038	0.000	0.006	
58.45	0.256	0.262	-0.000	0.032	0.001	-0.002	
58.50	0.256	0.262	0.001	0.035	-0.000	-0.005	
58.55	0.256	0.262	0.003	0.046	0.000	-0.010	
58.60	0.256	0.262	0.005	0.062	-0.001	-0.014	
58.65	0.256	0.262	0.013	0.012	-0.002	0.004	
58.70	0.258	0.262	0.006	-0.035	-0.001	0.022	
58.75	0.256	0.262	0.005	-0.016	0.001	0.023	
58.80	0.258	0.262	0.010	-0.090	0.002	0.007	
58.85	0.258	0.262	-0.002	-0.183	0.001	0.007	
58.90	0.258	0.262	-0.017	-0.121	0.003	0.009	
58.95	0.256	0.263	-0.019	0.035	0.003	-0.013	
59.00	0.256	0.263	-0.008	0.109	0.000	-0.018	
59.05	0.255	0.262	-0.002	0.072	0.000	-0.004	
59.10	0.256	0.263	-0.001	0.017	0.001	-0.003	
59.15	0.256	0.263	-0.004	0.022	-0.000	0.000	
59.20	0.255	0.262	-0.002	0.079	0.001	0.002	
59.25	0.255	0.263	0.006	0.090	0.000	-0.004	
59.30	0.256	0.262	0.014	-0.006	0.000	-0.004	
59.35	0.258	0.263	0.004	-0.066	-0.000	-0.005	
59.40	0.256	0.262	-0.004	0.056	-0.001	0.001	
59.45	0.256	0.263	0.014	0.105	0.000	-0.000	
59.50	0.258	0.263	0.017	-0.021	-0.001	-0.001	
59.55	0.258	0.262	0.008	-0.116	-0.001	0.009	
59.60	0.258	0.262	0.002	-0.150	0.001	-0.001	
59.65	0.258	0.263	-0.006	-0.159	-0.000	-0.016	
59.70	0.258	0.262	-0.018	-0.082	-0.002	0.000	
59.75	0.256	0.262	-0.018	0.055	0.000	0.009	
59.80	0.256	0.263	-0.008	0.106	0.000	-0.007	
59.85	0.256	0.262	-0.003	0.070	-0.002	-0.003	
59.90	0.256	0.262	-0.001	0.037	-0.001	0.017	
59.95	0.256	0.262	-0.001	0.019	0.001	0.027	
60.00	0.256	0.262	-0.000	0.011	0.002	0.031	
