Vernier Format 2
run11.txt 10/10/2025 15:8:24
Run 1
Time	Position	Position	Velocity	Acceleration	Velocity	Acceleration	
T	P	P	V	A	V	A	
s	m	m	m/s	m/s^2	m/s	m/s^2	

0.00	0.333	0.250	-0.038	-0.355	-0.022	0.066	
0.05	0.332	0.249	-0.053	-0.415	-0.019	0.078	
0.10	0.329	0.248	-0.076	-0.485	-0.015	0.095	
0.15	0.325	0.248	-0.103	-0.521	-0.010	0.114	
0.20	0.319	0.247	-0.131	-0.505	-0.003	0.125	
0.25	0.311	0.247	-0.155	-0.455	0.004	0.118	
0.30	0.303	0.248	-0.177	-0.385	0.009	0.111	
0.35	0.294	0.248	-0.195	-0.294	0.014	0.122	
0.40	0.283	0.249	-0.207	-0.191	0.021	0.124	
0.45	0.273	0.250	-0.213	-0.097	0.028	0.101	
0.50	0.262	0.252	-0.216	-0.016	0.031	0.086	
0.55	0.251	0.253	-0.215	0.063	0.035	0.094	
0.60	0.240	0.255	-0.208	0.126	0.041	0.086	
0.65	0.230	0.258	-0.205	0.248	0.045	0.047	
0.70	0.219	0.260	-0.190	0.481	0.045	0.031	
0.75	0.211	0.262	-0.155	0.669	0.046	0.045	
0.80	0.204	0.264	-0.118	0.746	0.051	0.032	
0.85	0.198	0.267	-0.074	0.691	0.051	-0.010	
0.90	0.197	0.270	-0.044	0.544	0.048	-0.033	
0.95	0.195	0.272	-0.025	0.491	0.048	-0.053	
1.00	0.194	0.275	0.000	0.526	0.044	-0.084	
1.05	0.194	0.276	0.029	0.561	0.039	-0.103	
1.10	0.197	0.279	0.059	0.569	0.034	-0.128	
1.15	0.201	0.280	0.082	0.625	0.026	-0.150	
1.20	0.204	0.281	0.121	0.662	0.018	-0.152	
1.25	0.213	0.282	0.159	0.512	0.011	-0.154	
1.30	0.221	0.282	0.173	0.337	0.004	-0.175	
1.35	0.230	0.282	0.187	0.240	-0.006	-0.201	
1.40	0.240	0.282	0.197	0.154	-0.018	-0.193	
1.45	0.250	0.280	0.203	0.074	-0.027	-0.164	
1.50	0.261	0.279	0.205	-0.017	-0.034	-0.148	
1.55	0.271	0.277	0.201	-0.110	-0.041	-0.152	
1.60	0.281	0.275	0.194	-0.199	-0.049	-0.158	
1.65	0.290	0.272	0.182	-0.290	-0.059	-0.124	
1.70	0.299	0.269	0.165	-0.374	-0.062	-0.070	
1.75	0.307	0.266	0.143	-0.440	-0.064	-0.045	
1.80	0.314	0.262	0.120	-0.489	-0.066	-0.040	
1.85	0.319	0.259	0.095	-0.535	-0.068	-0.028	
1.90	0.323	0.256	0.066	-0.575	-0.070	0.011	
1.95	0.326	0.252	0.036	-0.595	-0.068	0.061	
2.00	0.327	0.249	0.006	-0.594	-0.063	0.100	
2.05	0.326	0.246	-0.024	-0.580	-0.057	0.130	
2.10	0.324	0.243	-0.053	-0.559	-0.050	0.155	
2.15	0.321	0.241	-0.080	-0.529	-0.042	0.181	
2.20	0.316	0.239	-0.106	-0.490	-0.032	0.216	
2.25	0.310	0.237	-0.130	-0.429	-0.020	0.236	
2.30	0.303	0.237	-0.149	-0.356	-0.008	0.234	
2.35	0.295	0.236	-0.165	-0.285	0.003	0.241	
2.40	0.286	0.237	-0.178	-0.215	0.016	0.253	
2.45	0.277	0.238	-0.188	-0.131	0.030	0.243	
2.50	0.267	0.240	-0.192	-0.037	0.041	0.216	
2.55	0.258	0.242	-0.190	0.032	0.051	0.189	
2.60	0.248	0.245	-0.187	0.088	0.060	0.155	
2.65	0.239	0.248	-0.181	0.158	0.066	0.131	
2.70	0.230	0.252	-0.176	0.308	0.073	0.113	
2.75	0.221	0.256	-0.155	0.511	0.078	0.086	
2.80	0.214	0.259	-0.113	0.512	0.081	0.064	
2.85	0.211	0.264	-0.098	0.418	0.085	0.036	
2.90	0.204	0.268	-0.084	0.516	0.085	-0.003	
2.95	0.201	0.272	-0.046	0.612	0.085	-0.050	
3.00	0.200	0.277	-0.015	0.597	0.081	-0.104	
3.05	0.200	0.281	0.013	0.580	0.074	-0.149	
3.10	0.201	0.284	0.041	0.574	0.065	-0.180	
3.15	0.204	0.287	0.070	0.571	0.056	-0.216	
3.20	0.208	0.290	0.105	0.453	0.043	-0.241	
3.25	0.216	0.291	0.117	0.318	0.032	-0.256	
3.30	0.220	0.293	0.126	0.364	0.018	-0.288	
3.35	0.227	0.293	0.152	0.418	0.001	-0.290	
3.40	0.235	0.293	0.177	0.304	-0.011	-0.277	
3.45	0.246	0.292	0.188	0.090	-0.026	-0.273	
3.50	0.255	0.290	0.182	-0.054	-0.040	-0.258	
3.55	0.263	0.288	0.178	-0.119	-0.051	-0.251	
3.60	0.273	0.285	0.171	-0.187	-0.064	-0.250	
3.65	0.281	0.282	0.159	-0.242	-0.078	-0.215	
3.70	0.288	0.277	0.146	-0.281	-0.087	-0.161	
3.75	0.295	0.273	0.131	-0.322	-0.093	-0.123	
3.80	0.302	0.268	0.115	-0.379	-0.099	-0.083	
3.85	0.307	0.263	0.093	-0.439	-0.102	-0.028	
3.90	0.311	0.258	0.070	-0.481	-0.102	0.026	
3.95	0.314	0.253	0.044	-0.504	-0.098	0.052	
4.00	0.316	0.248	0.019	-0.511	-0.097	0.079	
4.05	0.316	0.243	-0.007	-0.506	-0.092	0.145	
4.10	0.315	0.238	-0.033	-0.480	-0.081	0.202	
4.15	0.312	0.235	-0.056	-0.443	-0.071	0.231	
4.20	0.309	0.231	-0.076	-0.414	-0.059	0.273	
4.25	0.305	0.229	-0.098	-0.373	-0.043	0.310	
4.30	0.299	0.227	-0.115	-0.310	-0.027	0.331	
4.35	0.293	0.226	-0.128	-0.251	-0.010	0.349	
4.40	0.286	0.226	-0.140	-0.193	0.008	0.363	
4.45	0.279	0.227	-0.148	-0.123	0.027	0.360	
4.50	0.271	0.229	-0.152	-0.054	0.045	0.330	
4.55	0.264	0.231	-0.153	-0.000	0.061	0.288	
4.60	0.256	0.235	-0.153	0.065	0.073	0.252	
4.65	0.248	0.239	-0.147	0.139	0.085	0.230	
4.70	0.241	0.243	-0.138	0.200	0.097	0.196	
4.75	0.235	0.249	-0.130	0.296	0.105	0.147	
4.80	0.227	0.254	-0.107	0.363	0.111	0.112	
4.85	0.224	0.260	-0.085	0.290	0.117	0.059	
4.90	0.220	0.266	-0.082	0.297	0.118	-0.017	
4.95	0.215	0.272	-0.065	0.465	0.115	-0.081	
5.00	0.213	0.277	-0.031	0.567	0.110	-0.136	
5.05	0.212	0.283	-0.002	0.546	0.101	-0.183	
5.10	0.213	0.288	0.024	0.484	0.091	-0.220	
5.15	0.214	0.292	0.051	0.361	0.080	-0.268	
5.20	0.219	0.296	0.058	0.289	0.064	-0.310	
5.25	0.220	0.298	0.067	0.427	0.047	-0.328	
5.30	0.224	0.300	0.106	0.457	0.032	-0.358	
5.35	0.232	0.302	0.126	0.257	0.012	-0.385	
5.40	0.238	0.302	0.128	0.107	-0.009	-0.377	
5.45	0.244	0.301	0.131	0.050	-0.027	-0.352	
5.50	0.251	0.299	0.132	0.027	-0.043	-0.335	
5.55	0.258	0.296	0.134	0.006	-0.060	-0.324	
5.60	0.264	0.293	0.135	-0.052	-0.076	-0.303	
5.65	0.271	0.289	0.130	-0.139	-0.091	-0.274	
5.70	0.277	0.284	0.119	-0.196	-0.104	-0.234	
5.75	0.283	0.278	0.109	-0.217	-0.115	-0.177	
5.80	0.288	0.272	0.098	-0.246	-0.122	-0.109	
5.85	0.293	0.266	0.085	-0.297	-0.126	-0.045	
5.90	0.297	0.259	0.068	-0.345	-0.126	0.008	
5.95	0.300	0.253	0.050	-0.370	-0.124	0.047	
6.00	0.302	0.247	0.031	-0.382	-0.122	0.098	
6.05	0.303	0.241	0.012	-0.388	-0.116	0.173	
6.10	0.303	0.235	-0.008	-0.384	-0.104	0.243	
6.15	0.302	0.230	-0.028	-0.360	-0.090	0.294	
6.20	0.300	0.226	-0.045	-0.328	-0.075	0.339	
6.25	0.298	0.223	-0.061	-0.295	-0.057	0.380	
6.30	0.294	0.220	-0.074	-0.254	-0.035	0.401	
6.35	0.290	0.219	-0.086	-0.217	-0.016	0.407	
6.40	0.286	0.219	-0.096	-0.178	0.004	0.428	
6.45	0.280	0.220	-0.104	-0.133	0.027	0.440	
6.50	0.275	0.222	-0.109	-0.092	0.050	0.408	
6.55	0.269	0.225	-0.113	-0.042	0.069	0.361	
6.60	0.264	0.228	-0.114	0.015	0.086	0.323	
6.65	0.258	0.233	-0.112	0.073	0.102	0.268	
6.70	0.252	0.239	-0.107	0.127	0.113	0.212	
6.75	0.247	0.245	-0.098	0.164	0.122	0.173	
6.80	0.243	0.251	-0.090	0.196	0.130	0.125	
6.85	0.238	0.258	-0.079	0.237	0.135	0.058	
6.90	0.234	0.265	-0.066	0.275	0.136	-0.015	
6.95	0.231	0.272	-0.051	0.299	0.134	-0.091	
7.00	0.229	0.279	-0.035	0.302	0.127	-0.153	
7.05	0.228	0.284	-0.021	0.294	0.117	-0.189	
7.10	0.227	0.290	-0.005	0.278	0.109	-0.242	
7.15	0.228	0.295	0.008	0.252	0.094	-0.312	
7.20	0.228	0.300	0.014	0.325	0.077	-0.365	
7.25	0.228	0.303	0.040	0.407	0.057	-0.391	
7.30	0.232	0.305	0.065	0.304	0.037	-0.400	
7.35	0.235	0.307	0.071	0.177	0.017	-0.415	
7.40	0.239	0.307	0.078	0.131	-0.005	-0.428	
7.45	0.243	0.306	0.084	0.098	-0.027	-0.421	
7.50	0.248	0.305	0.087	0.077	-0.047	-0.410	
7.55	0.252	0.302	0.091	0.068	-0.068	-0.389	
7.60	0.257	0.298	0.095	0.034	-0.087	-0.342	
7.65	0.262	0.293	0.096	-0.031	-0.102	-0.287	
7.70	0.267	0.287	0.092	-0.089	-0.116	-0.234	
7.75	0.271	0.281	0.086	-0.126	-0.126	-0.174	
7.80	0.275	0.275	0.079	-0.152	-0.132	-0.126	
7.85	0.279	0.268	0.071	-0.181	-0.138	-0.085	
7.90	0.282	0.261	0.061	-0.212	-0.142	-0.022	
7.95	0.285	0.253	0.049	-0.225	-0.142	0.058	
8.00	0.287	0.246	0.038	-0.228	-0.136	0.131	
8.05	0.289	0.240	0.027	-0.240	-0.128	0.197	
8.10	0.290	0.233	0.014	-0.251	-0.116	0.269	
8.15	0.290	0.228	0.001	-0.254	-0.100	0.316	
8.20	0.290	0.223	-0.012	-0.240	-0.084	0.354	
8.25	0.289	0.220	-0.023	-0.212	-0.065	0.396	
8.30	0.288	0.217	-0.033	-0.192	-0.045	0.438	
8.35	0.286	0.215	-0.043	-0.165	-0.021	0.479	
8.40	0.283	0.215	-0.050	-0.138	0.004	0.491	
8.45	0.281	0.215	-0.056	-0.122	0.029	0.475	
8.50	0.277	0.217	-0.062	-0.109	0.053	0.438	
8.55	0.274	0.221	-0.067	-0.094	0.073	0.392	
8.60	0.271	0.225	-0.072	-0.058	0.091	0.357	
8.65	0.267	0.230	-0.074	-0.009	0.109	0.307	
8.70	0.263	0.236	-0.072	0.024	0.123	0.235	
8.75	0.260	0.243	-0.070	0.035	0.133	0.165	
8.80	0.256	0.249	-0.070	0.064	0.139	0.099	
8.85	0.253	0.257	-0.065	0.115	0.143	0.037	
8.90	0.250	0.264	-0.057	0.144	0.143	-0.023	
8.95	0.247	0.271	-0.049	0.144	0.140	-0.077	
9.00	0.245	0.278	-0.043	0.145	0.135	-0.138	
9.05	0.243	0.285	-0.036	0.169	0.127	-0.207	
9.10	0.241	0.291	-0.026	0.193	0.114	-0.269	
9.15	0.240	0.296	-0.016	0.197	0.100	-0.324	
9.20	0.240	0.301	-0.006	0.188	0.082	-0.375	
9.25	0.240	0.304	0.003	0.172	0.062	-0.418	
9.30	0.240	0.307	0.012	0.152	0.039	-0.446	
9.35	0.241	0.308	0.018	0.148	0.016	-0.447	
9.40	0.242	0.309	0.025	0.171	-0.006	-0.437	
9.45	0.243	0.308	0.037	0.165	-0.028	-0.417	
9.50	0.246	0.306	0.044	0.122	-0.048	-0.390	
9.55	0.248	0.303	0.048	0.088	-0.067	-0.371	
9.60	0.250	0.299	0.052	0.061	-0.084	-0.354	
9.65	0.253	0.295	0.054	0.047	-0.102	-0.325	
9.70	0.256	0.289	0.056	0.040	-0.119	-0.258	
9.75	0.259	0.282	0.058	0.026	-0.129	-0.176	
9.80	0.262	0.276	0.059	0.001	-0.136	-0.107	
9.85	0.265	0.269	0.059	-0.036	-0.139	-0.056	
9.90	0.268	0.262	0.056	-0.074	-0.141	-0.017	
9.95	0.270	0.255	0.051	-0.099	-0.142	0.041	
10.00	0.273	0.247	0.045	-0.109	-0.137	0.118	
10.05	0.275	0.241	0.040	-0.110	-0.129	0.193	
10.10	0.277	0.234	0.035	-0.122	-0.118	0.266	
10.15	0.278	0.229	0.028	-0.137	-0.103	0.334	
10.20	0.279	0.224	0.021	-0.145	-0.083	0.372	
10.25	0.280	0.221	0.013	-0.152	-0.065	0.395	
10.30	0.281	0.217	0.005	-0.152	-0.045	0.430	
10.35	0.281	0.216	-0.003	-0.139	-0.022	0.461	
10.40	0.280	0.215	-0.009	-0.122	0.003	0.466	
10.45	0.280	0.216	-0.014	-0.122	0.026	0.445	
10.50	0.279	0.218	-0.021	-0.128	0.047	0.420	
10.55	0.278	0.221	-0.028	-0.107	0.069	0.387	
10.60	0.276	0.225	-0.032	-0.086	0.086	0.343	
10.65	0.275	0.230	-0.035	-0.086	0.102	0.306	
10.70	0.273	0.235	-0.041	-0.074	0.118	0.253	
10.75	0.270	0.242	-0.043	-0.055	0.129	0.171	
10.80	0.268	0.248	-0.046	-0.046	0.134	0.100	
10.85	0.266	0.255	-0.048	-0.045	0.138	0.045	
10.90	0.264	0.262	-0.050	-0.049	0.140	-0.024	
10.95	0.261	0.269	-0.053	-0.031	0.135	-0.090	
11.00	0.259	0.276	-0.060	0.096	0.130	-0.150	
11.05	0.254	0.282	-0.042	0.198	0.121	-0.208	
11.10	0.255	0.288	-0.027	0.086	0.108	-0.252	
11.15	0.252	0.293	-0.035	-0.017	0.096	-0.300	
11.20	0.250	0.298	-0.036	-0.001	0.079	-0.353	
11.25	0.249	0.301	-0.035	0.042	0.059	-0.381	
11.30	0.247	0.304	-0.036	0.168	0.040	-0.389	
11.35	0.244	0.305	-0.018	0.262	0.021	-0.405	
11.40	0.245	0.306	0.000	0.171	-0.000	-0.422	
11.45	0.245	0.305	-0.001	0.079	-0.023	-0.412	
11.50	0.245	0.303	0.003	0.080	-0.042	-0.384	
11.55	0.245	0.301	0.007	0.095	-0.061	-0.354	
11.60	0.246	0.297	0.012	0.112	-0.078	-0.320	
11.65	0.246	0.293	0.019	0.117	-0.093	-0.286	
11.70	0.247	0.288	0.024	0.114	-0.107	-0.237	
11.75	0.249	0.282	0.030	0.103	-0.117	-0.177	
11.80	0.251	0.276	0.035	0.082	-0.124	-0.128	
11.85	0.252	0.270	0.038	0.069	-0.131	-0.064	
11.90	0.254	0.263	0.041	0.066	-0.132	0.016	
11.95	0.257	0.256	0.045	0.055	-0.128	0.070	
12.00	0.259	0.250	0.047	0.043	-0.124	0.113	
12.05	0.261	0.244	0.049	0.028	-0.117	0.166	
12.10	0.264	0.238	0.051	-0.008	-0.108	0.227	
12.15	0.267	0.233	0.048	-0.042	-0.094	0.282	
12.20	0.269	0.229	0.046	-0.059	-0.079	0.323	
12.25	0.271	0.225	0.042	-0.073	-0.063	0.371	
12.30	0.273	0.222	0.038	-0.080	-0.041	0.407	
12.35	0.275	0.221	0.035	-0.093	-0.020	0.406	
12.40	0.277	0.220	0.029	-0.110	-0.000	0.395	
12.45	0.278	0.221	0.024	-0.123	0.019	0.389	
12.50	0.279	0.222	0.017	-0.137	0.038	0.386	
12.55	0.280	0.225	0.010	-0.147	0.059	0.365	
12.60	0.280	0.228	0.002	-0.149	0.076	0.321	
12.65	0.280	0.232	-0.006	-0.142	0.091	0.272	
12.70	0.279	0.237	-0.012	-0.145	0.104	0.210	
12.75	0.279	0.243	-0.020	-0.154	0.112	0.143	
12.80	0.277	0.249	-0.029	-0.136	0.117	0.094	
12.85	0.276	0.255	-0.034	-0.109	0.122	0.041	
12.90	0.274	0.261	-0.038	-0.104	0.122	-0.025	
12.95	0.272	0.267	-0.045	-0.093	0.119	-0.085	
13.00	0.269	0.273	-0.048	-0.065	0.113	-0.130	
13.05	0.267	0.278	-0.050	-0.058	0.105	-0.160	
13.10	0.265	0.283	-0.054	-0.063	0.097	-0.202	
13.15	0.262	0.288	-0.057	-0.056	0.085	-0.255	
13.20	0.259	0.292	-0.059	-0.043	0.072	-0.307	
13.25	0.256	0.296	-0.067	0.074	0.054	-0.352	
13.30	0.251	0.298	-0.053	0.210	0.035	-0.367	
13.35	0.251	0.299	-0.035	0.147	0.017	-0.373	
13.40	0.249	0.299	-0.037	0.057	-0.002	-0.365	
13.45	0.247	0.299	-0.034	0.056	-0.020	-0.334	
13.50	0.245	0.297	-0.033	0.089	-0.035	-0.315	
13.55	0.243	0.295	-0.027	0.151	-0.051	-0.310	
13.60	0.242	0.292	-0.016	0.183	-0.068	-0.279	
13.65	0.242	0.288	-0.007	0.184	-0.080	-0.226	
13.70	0.242	0.284	0.003	0.170	-0.089	-0.184	
13.75	0.242	0.279	0.010	0.156	-0.099	-0.137	
13.80	0.243	0.274	0.017	0.157	-0.103	-0.093	
13.85	0.244	0.269	0.025	0.167	-0.107	-0.065	
13.90	0.245	0.263	0.035	0.160	-0.111	-0.017	
13.95	0.247	0.258	0.043	0.127	-0.109	0.047	
14.00	0.250	0.252	0.047	0.107	-0.106	0.111	
14.05	0.252	0.247	0.052	0.106	-0.098	0.169	
14.10	0.255	0.243	0.058	0.096	-0.087	0.195	
14.15	0.258	0.238	0.063	0.062	-0.078	0.216	
14.20	0.261	0.235	0.065	0.019	-0.068	0.269	
14.25	0.264	0.231	0.064	-0.008	-0.052	0.325	
14.30	0.268	0.229	0.064	-0.036	-0.033	0.339	
14.35	0.271	0.228	0.061	-0.072	-0.017	0.330	
14.40	0.274	0.228	0.056	-0.103	-0.000	0.325	
14.45	0.276	0.228	0.050	-0.130	0.016	0.321	
14.50	0.279	0.229	0.043	-0.147	0.032	0.317	
14.55	0.281	0.231	0.035	-0.152	0.049	0.284	
14.60	0.282	0.234	0.028	-0.165	0.061	0.236	
14.65	0.284	0.238	0.019	-0.191	0.071	0.207	
14.70	0.284	0.241	0.009	-0.206	0.082	0.179	
14.75	0.285	0.246	-0.002	-0.198	0.090	0.129	
14.80	0.284	0.251	-0.012	-0.184	0.094	0.079	
14.85	0.283	0.255	-0.020	-0.185	0.097	0.039	
14.90	0.282	0.260	-0.030	-0.193	0.099	-0.016	
14.95	0.280	0.265	-0.040	-0.182	0.096	-0.076	
15.00	0.278	0.270	-0.049	-0.155	0.091	-0.119	
15.05	0.275	0.274	-0.055	-0.131	0.083	-0.140	
15.10	0.273	0.278	-0.062	-0.111	0.077	-0.169	
15.15	0.269	0.282	-0.067	-0.077	0.067	-0.213	
15.20	0.266	0.285	-0.070	-0.037	0.055	-0.244	
15.25	0.262	0.288	-0.070	-0.008	0.042	-0.264	
15.30	0.259	0.289	-0.070	0.014	0.029	-0.280	
15.35	0.255	0.291	-0.069	0.035	0.014	-0.285	
15.40	0.252	0.291	-0.067	0.069	-0.000	-0.280	
15.45	0.248	0.291	-0.062	0.110	-0.014	-0.266	
15.50	0.245	0.289	-0.055	0.137	-0.027	-0.247	
15.55	0.243	0.288	-0.048	0.158	-0.039	-0.234	
15.60	0.241	0.286	-0.041	0.195	-0.051	-0.210	
15.65	0.239	0.283	-0.029	0.234	-0.060	-0.178	
15.70	0.238	0.280	-0.016	0.245	-0.068	-0.152	
15.75	0.237	0.276	-0.003	0.237	-0.076	-0.115	
15.80	0.237	0.272	0.009	0.214	-0.080	-0.073	
15.85	0.238	0.268	0.018	0.198	-0.083	-0.032	
15.90	0.239	0.263	0.027	0.206	-0.083	0.010	
15.95	0.241	0.259	0.039	0.208	-0.082	0.049	
16.00	0.243	0.255	0.049	0.190	-0.079	0.093	
16.05	0.246	0.251	0.057	0.170	-0.072	0.129	
16.10	0.249	0.248	0.067	0.138	-0.065	0.150	
16.15	0.252	0.245	0.072	0.098	-0.057	0.174	
16.20	0.256	0.242	0.076	0.068	-0.048	0.199	
16.25	0.260	0.240	0.079	0.031	-0.037	0.218	
16.30	0.264	0.238	0.079	-0.007	-0.026	0.232	
16.35	0.268	0.237	0.078	-0.043	-0.014	0.238	
16.40	0.272	0.237	0.075	-0.080	-0.002	0.239	
16.45	0.275	0.237	0.070	-0.112	0.010	0.238	
16.50	0.279	0.238	0.063	-0.142	0.022	0.232	
16.55	0.282	0.239	0.056	-0.174	0.034	0.217	
16.60	0.285	0.241	0.046	-0.211	0.044	0.192	
16.65	0.287	0.244	0.034	-0.231	0.054	0.155	
16.70	0.288	0.247	0.022	-0.235	0.060	0.110	
16.75	0.289	0.250	0.011	-0.250	0.064	0.076	
16.80	0.289	0.253	-0.002	-0.261	0.068	0.047	
16.85	0.289	0.257	-0.017	-0.246	0.069	0.009	
16.90	0.287	0.260	-0.028	-0.214	0.068	-0.026	
16.95	0.286	0.264	-0.037	-0.208	0.066	-0.055	
17.00	0.284	0.267	-0.049	-0.203	0.063	-0.083	
17.05	0.281	0.270	-0.058	-0.177	0.058	-0.105	
17.10	0.278	0.273	-0.066	-0.156	0.052	-0.119	
17.15	0.274	0.275	-0.073	-0.143	0.046	-0.136	
17.20	0.270	0.277	-0.082	-0.095	0.039	-0.171	
17.25	0.266	0.279	-0.084	-0.025	0.029	-0.202	
17.30	0.262	0.280	-0.082	0.009	0.018	-0.208	
17.35	0.258	0.281	-0.083	0.029	0.007	-0.197	
17.40	0.253	0.281	-0.080	0.058	-0.002	-0.184	
17.45	0.250	0.281	-0.076	0.078	-0.011	-0.170	
17.50	0.246	0.280	-0.072	0.090	-0.019	-0.156	
17.55	0.242	0.279	-0.066	0.104	-0.026	-0.147	
17.60	0.240	0.277	-0.066	0.208	-0.034	-0.124	
17.65	0.235	0.275	-0.052	0.400	-0.039	-0.096	
17.70	0.233	0.273	-0.017	0.424	-0.043	-0.082	
17.75	0.234	0.271	0.001	0.264	-0.047	-0.073	
17.80	0.234	0.269	0.004	0.176	-0.051	-0.049	
17.85	0.234	0.266	0.013	0.190	-0.052	-0.012	
17.90	0.235	0.263	0.023	0.223	-0.052	0.013	
17.95	0.236	0.261	0.036	0.242	-0.051	0.035	
18.00	0.239	0.258	0.049	0.226	-0.049	0.063	
18.05	0.241	0.256	0.060	0.189	-0.044	0.087	
18.10	0.245	0.254	0.067	0.161	-0.039	0.101	
18.15	0.248	0.252	0.075	0.154	-0.034	0.112	
18.20	0.252	0.250	0.083	0.134	-0.028	0.126	
18.25	0.257	0.249	0.090	0.085	-0.022	0.141	
18.30	0.262	0.248	0.093	0.010	-0.014	0.143	
18.35	0.266	0.248	0.090	-0.053	-0.008	0.151	
18.40	0.270	0.247	0.087	-0.094	0.001	0.158	
18.45	0.275	0.248	0.081	-0.137	0.010	0.134	
18.50	0.279	0.248	0.072	-0.166	0.014	0.114	
18.55	0.282	0.249	0.063	-0.183	0.020	0.112	
18.60	0.285	0.250	0.054	-0.203	0.026	0.098	
18.65	0.288	0.252	0.044	-0.230	0.031	0.067	
18.70	0.289	0.253	0.031	-0.254	0.032	0.052	
18.75	0.291	0.255	0.018	-0.273	0.035	0.054	
18.80	0.291	0.257	0.003	-0.283	0.038	0.038	
18.85	0.291	0.259	-0.011	-0.278	0.040	0.003	
18.90	0.290	0.261	-0.024	-0.271	0.039	-0.029	
18.95	0.289	0.263	-0.038	-0.262	0.036	-0.038	
19.00	0.286	0.264	-0.052	-0.233	0.034	-0.036	
19.05	0.283	0.266	-0.062	-0.189	0.033	-0.052	
19.10	0.280	0.268	-0.070	-0.151	0.029	-0.072	
19.15	0.276	0.269	-0.077	-0.125	0.025	-0.084	
19.20	0.272	0.270	-0.082	-0.105	0.021	-0.090	
19.25	0.268	0.271	-0.087	-0.080	0.016	-0.089	
19.30	0.264	0.272	-0.091	-0.036	0.012	-0.091	
19.35	0.259	0.273	-0.092	0.025	0.007	-0.101	
19.40	0.254	0.273	-0.088	0.060	0.001	-0.103	
19.45	0.250	0.273	-0.084	0.068	-0.003	-0.095	
19.50	0.246	0.273	-0.081	0.085	-0.008	-0.092	
19.55	0.242	0.272	-0.081	0.198	-0.013	-0.076	
19.60	0.237	0.271	-0.061	0.305	-0.016	-0.058	
19.65	0.236	0.270	-0.045	0.304	-0.018	-0.059	
19.70	0.232	0.269	-0.031	0.297	-0.022	-0.053	
19.75	0.233	0.268	-0.011	0.222	-0.024	-0.028	
19.80	0.233	0.267	-0.014	0.247	-0.025	-0.001	
19.85	0.230	0.265	0.008	0.368	-0.023	0.002	
19.90	0.233	0.264	0.033	0.314	-0.024	-0.012	
19.95	0.235	0.263	0.041	0.225	-0.026	-0.005	
20.00	0.237	0.262	0.051	0.193	-0.025	0.020	
20.05	0.240	0.261	0.060	0.165	-0.023	0.035	
20.10	0.243	0.259	0.068	0.149	-0.021	0.047	
20.15	0.247	0.258	0.074	0.152	-0.018	0.058	
20.20	0.250	0.258	0.083	0.151	-0.015	0.054	
20.25	0.255	0.257	0.092	0.093	-0.013	0.045	
20.30	0.260	0.256	0.094	0.003	-0.012	0.056	
20.35	0.264	0.256	0.091	-0.058	-0.007	0.070	
20.40	0.269	0.256	0.086	-0.085	-0.003	0.059	
20.45	0.273	0.256	0.082	-0.103	-0.001	0.050	
20.50	0.277	0.256	0.077	-0.139	0.001	0.057	
20.55	0.281	0.256	0.068	-0.180	0.004	0.065	
20.60	0.284	0.256	0.058	-0.211	0.009	0.047	
20.65	0.287	0.257	0.048	-0.246	0.010	0.011	
20.70	0.289	0.257	0.033	-0.269	0.008	0.004	
20.75	0.290	0.257	0.019	-0.268	0.009	0.033	
20.80	0.291	0.258	0.006	-0.267	0.012	0.052	
20.85	0.291	0.258	-0.007	-0.268	0.016	0.035	
20.90	0.290	0.259	-0.020	-0.264	0.016	0.001	
20.95	0.289	0.260	-0.034	-0.250	0.015	-0.023	
21.00	0.287	0.261	-0.046	-0.226	0.013	-0.025	
21.05	0.284	0.261	-0.057	-0.193	0.012	-0.016	
21.10	0.281	0.262	-0.065	-0.167	0.012	-0.013	
21.15	0.277	0.263	-0.073	-0.158	0.011	-0.009	
21.20	0.274	0.263	-0.081	-0.143	0.011	-0.007	
21.25	0.269	0.264	-0.089	-0.093	0.011	-0.018	
21.30	0.265	0.264	-0.092	-0.012	0.009	-0.035	
21.35	0.260	0.265	-0.089	0.060	0.006	-0.026	
21.40	0.256	0.265	-0.084	0.091	0.006	-0.011	
21.45	0.252	0.265	-0.079	0.097	0.006	-0.017	
21.50	0.248	0.265	-0.075	0.122	0.005	-0.024	
21.55	0.244	0.266	-0.067	0.145	0.003	-0.017	
21.60	0.241	0.266	-0.060	0.165	0.003	-0.001	
21.65	0.238	0.266	-0.051	0.198	0.004	-0.007	
21.70	0.236	0.266	-0.044	0.298	0.003	-0.027	
21.75	0.233	0.266	-0.021	0.385	0.000	-0.031	
21.80	0.234	0.266	0.003	0.309	-0.002	-0.013	
21.85	0.234	0.266	0.010	0.232	-0.001	0.001	
21.90	0.235	0.266	0.022	0.224	-0.001	-0.005	
21.95	0.236	0.266	0.033	0.214	-0.001	-0.010	
22.00	0.238	0.266	0.043	0.215	-0.002	-0.013	
22.05	0.240	0.266	0.055	0.205	-0.002	-0.020	
22.10	0.244	0.266	0.065	0.157	-0.004	-0.027	
22.15	0.247	0.265	0.071	0.107	-0.006	-0.022	
22.20	0.251	0.265	0.073	0.103	-0.006	-0.019	
22.25	0.254	0.265	0.081	0.105	-0.007	-0.025	
22.30	0.259	0.264	0.087	0.052	-0.009	-0.028	
22.35	0.263	0.264	0.087	-0.021	-0.010	-0.027	
22.40	0.268	0.263	0.084	-0.073	-0.011	-0.021	
22.45	0.272	0.263	0.079	-0.111	-0.012	-0.022	
22.50	0.275	0.262	0.073	-0.145	-0.014	-0.014	
22.55	0.279	0.261	0.064	-0.181	-0.014	0.009	
22.60	0.282	0.261	0.054	-0.203	-0.012	0.008	
22.65	0.284	0.260	0.044	-0.219	-0.012	-0.008	
22.70	0.286	0.260	0.032	-0.236	-0.014	-0.012	
22.75	0.288	0.259	0.020	-0.242	-0.014	0.002	
22.80	0.288	0.258	0.008	-0.246	-0.014	0.021	
22.85	0.288	0.258	-0.005	-0.246	-0.012	0.033	
22.90	0.288	0.257	-0.018	-0.231	-0.010	0.038	
22.95	0.287	0.257	-0.028	-0.216	-0.008	0.035	
23.00	0.285	0.256	-0.039	-0.204	-0.007	0.036	
23.05	0.283	0.256	-0.049	-0.184	-0.005	0.049	
23.10	0.280	0.256	-0.057	-0.167	-0.002	0.067	
23.15	0.277	0.256	-0.066	-0.142	0.003	0.070	
23.20	0.273	0.256	-0.072	-0.101	0.006	0.047	
23.25	0.270	0.256	-0.076	-0.065	0.006	0.041	
23.30	0.266	0.257	-0.078	-0.035	0.009	0.061	
23.35	0.262	0.257	-0.080	0.003	0.014	0.061	
23.40	0.258	0.258	-0.078	0.047	0.017	0.030	
23.45	0.254	0.259	-0.075	0.098	0.016	0.020	
23.50	0.250	0.259	-0.068	0.143	0.017	0.032	
23.55	0.247	0.261	-0.060	0.166	0.020	0.033	
23.60	0.244	0.262	-0.051	0.177	0.021	0.030	
23.65	0.242	0.263	-0.042	0.181	0.022	0.028	
23.70	0.240	0.264	-0.033	0.194	0.024	0.018	
23.75	0.238	0.265	-0.023	0.221	0.025	-0.011	
23.80	0.238	0.267	-0.011	0.247	0.023	-0.036	
23.85	0.237	0.267	0.002	0.259	0.021	-0.044	
23.90	0.238	0.269	0.016	0.246	0.018	-0.050	
23.95	0.239	0.269	0.027	0.220	0.016	-0.052	
24.00	0.240	0.270	0.038	0.197	0.013	-0.056	
24.05	0.243	0.271	0.047	0.170	0.010	-0.060	
24.10	0.245	0.271	0.055	0.140	0.008	-0.078	
24.15	0.248	0.272	0.061	0.109	0.003	-0.103	
24.20	0.251	0.271	0.066	0.077	-0.004	-0.091	
24.25	0.255	0.271	0.068	0.054	-0.007	-0.070	
24.30	0.258	0.271	0.070	0.047	-0.010	-0.075	
24.35	0.262	0.270	0.074	0.022	-0.014	-0.087	
24.40	0.266	0.269	0.074	-0.041	-0.019	-0.084	
24.45	0.269	0.268	0.070	-0.100	-0.023	-0.073	
24.50	0.273	0.267	0.063	-0.126	-0.027	-0.063	
24.55	0.276	0.265	0.056	-0.138	-0.029	-0.051	
24.60	0.279	0.264	0.050	-0.164	-0.031	-0.042	
24.65	0.281	0.262	0.040	-0.190	-0.034	-0.016	
24.70	0.282	0.261	0.030	-0.207	-0.034	0.014	
24.75	0.284	0.259	0.019	-0.224	-0.032	0.023	
24.80	0.285	0.257	0.007	-0.219	-0.030	0.017	
24.85	0.284	0.256	-0.003	-0.199	-0.031	0.029	
24.90	0.284	0.254	-0.012	-0.192	-0.028	0.059	
24.95	0.283	0.253	-0.022	-0.187	-0.024	0.078	
25.00	0.282	0.252	-0.031	-0.179	-0.020	0.088	
25.05	0.280	0.251	-0.041	-0.156	-0.015	0.093	
25.10	0.278	0.250	-0.047	-0.132	-0.011	0.097	
25.15	0.275	0.250	-0.053	-0.117	-0.006	0.110	
25.20	0.272	0.250	-0.060	-0.085	-0.000	0.132	
25.25	0.269	0.250	-0.062	-0.051	0.008	0.138	
25.30	0.266	0.250	-0.064	-0.021	0.015	0.121	
25.35	0.263	0.251	-0.064	0.014	0.020	0.102	
25.40	0.260	0.252	-0.063	0.046	0.024	0.093	
25.45	0.256	0.254	-0.060	0.073	0.029	0.097	
25.50	0.254	0.255	-0.055	0.090	0.035	0.087	
25.55	0.251	0.257	-0.050	0.106	0.038	0.057	
25.60	0.249	0.259	-0.044	0.120	0.040	0.034	
25.65	0.247	0.261	-0.039	0.149	0.042	0.016	
25.70	0.244	0.263	-0.030	0.197	0.041	0.006	
25.75	0.243	0.265	-0.018	0.216	0.042	-0.006	
25.80	0.243	0.268	-0.007	0.195	0.042	-0.046	
25.85	0.243	0.270	0.002	0.168	0.037	-0.077	
25.90	0.243	0.271	0.009	0.159	0.033	-0.085	
25.95	0.244	0.273	0.017	0.159	0.029	-0.102	
26.00	0.245	0.274	0.025	0.159	0.023	-0.118	
26.05	0.246	0.275	0.034	0.140	0.016	-0.120	
26.10	0.248	0.276	0.039	0.111	0.012	-0.136	
26.15	0.250	0.276	0.044	0.095	0.003	-0.156	
26.20	0.253	0.276	0.048	0.085	-0.005	-0.150	
26.25	0.255	0.276	0.053	0.073	-0.012	-0.137	
26.30	0.258	0.275	0.057	0.039	-0.018	-0.133	
26.35	0.261	0.274	0.057	-0.005	-0.026	-0.117	
26.40	0.264	0.272	0.056	-0.041	-0.031	-0.087	
26.45	0.266	0.271	0.052	-0.059	-0.034	-0.076	
26.50	0.269	0.269	0.050	-0.076	-0.037	-0.085	
26.55	0.271	0.267	0.045	-0.095	-0.043	-0.075	
26.60	0.273	0.265	0.040	-0.112	-0.046	-0.037	
26.65	0.276	0.262	0.034	-0.130	-0.046	-0.006	
26.70	0.277	0.260	0.027	-0.136	-0.046	0.010	
26.75	0.278	0.258	0.021	-0.149	-0.045	0.021	
26.80	0.279	0.256	0.012	-0.165	-0.045	0.047	
26.85	0.279	0.253	0.004	-0.169	-0.041	0.086	
26.90	0.279	0.251	-0.005	-0.166	-0.035	0.105	
26.95	0.279	0.250	-0.013	-0.155	-0.030	0.105	
27.00	0.278	0.248	-0.021	-0.140	-0.025	0.114	
27.05	0.277	0.247	-0.028	-0.118	-0.019	0.140	
27.10	0.275	0.246	-0.032	-0.096	-0.011	0.164	
27.15	0.274	0.246	-0.037	-0.088	-0.001	0.161	
27.20	0.271	0.246	-0.042	-0.074	0.006	0.141	
27.25	0.269	0.247	-0.044	-0.054	0.012	0.137	
27.30	0.267	0.247	-0.047	-0.038	0.019	0.144	
27.35	0.265	0.249	-0.049	-0.014	0.027	0.136	
27.40	0.262	0.250	-0.049	0.022	0.033	0.117	
27.45	0.260	0.252	-0.046	0.049	0.038	0.101	
27.50	0.257	0.254	-0.043	0.064	0.043	0.091	
27.55	0.255	0.256	-0.040	0.075	0.048	0.068	
27.60	0.253	0.259	-0.036	0.095	0.050	0.043	
27.65	0.252	0.261	-0.030	0.111	0.052	0.025	
27.70	0.251	0.264	-0.024	0.113	0.053	-0.010	
27.75	0.249	0.267	-0.019	0.124	0.052	-0.056	
27.80	0.249	0.269	-0.012	0.130	0.047	-0.087	
27.85	0.248	0.271	-0.006	0.130	0.042	-0.100	
27.90	0.248	0.273	0.001	0.131	0.038	-0.124	
27.95	0.248	0.275	0.008	0.122	0.030	-0.153	
28.00	0.249	0.276	0.013	0.119	0.021	-0.154	
28.05	0.250	0.277	0.020	0.111	0.014	-0.144	
28.10	0.251	0.278	0.025	0.089	0.007	-0.154	
28.15	0.252	0.278	0.029	0.067	-0.001	-0.171	
28.20	0.254	0.278	0.031	0.053	-0.011	-0.164	
28.25	0.255	0.277	0.034	0.043	-0.019	-0.129	
28.30	0.257	0.276	0.036	0.030	-0.024	-0.101	
28.35	0.259	0.274	0.037	0.019	-0.027	-0.102	
28.40	0.261	0.273	0.038	-0.002	-0.033	-0.113	
28.45	0.263	0.271	0.037	-0.029	-0.040	-0.094	
28.50	0.264	0.269	0.034	-0.037	-0.043	-0.067	
28.55	0.266	0.267	0.033	-0.045	-0.046	-0.058	
28.60	0.268	0.264	0.030	-0.063	-0.050	-0.037	
28.65	0.269	0.262	0.026	-0.074	-0.050	-0.001	
28.70	0.270	0.259	0.023	-0.083	-0.049	0.024	
28.75	0.271	0.257	0.018	-0.089	-0.048	0.048	
28.80	0.272	0.254	0.014	-0.091	-0.044	0.076	
28.85	0.273	0.252	0.009	-0.103	-0.040	0.092	
28.90	0.273	0.250	0.003	-0.112	-0.035	0.112	
28.95	0.273	0.249	-0.003	-0.104	-0.029	0.142	
29.00	0.273	0.247	-0.008	-0.086	-0.021	0.161	
29.05	0.272	0.247	-0.011	-0.076	-0.012	0.153	
29.10	0.272	0.246	-0.014	-0.080	-0.005	0.143	
29.15	0.271	0.246	-0.019	-0.074	0.001	0.154	
29.20	0.270	0.246	-0.022	-0.058	0.010	0.173	
29.25	0.269	0.247	-0.025	-0.042	0.020	0.162	
29.30	0.267	0.249	-0.027	-0.026	0.027	0.129	
29.35	0.266	0.250	-0.027	-0.024	0.032	0.104	
29.40	0.265	0.252	-0.029	-0.022	0.037	0.084	
29.45	0.263	0.254	-0.031	0.005	0.041	0.069	
29.50	0.261	0.256	-0.029	0.033	0.044	0.061	
29.55	0.260	0.258	-0.026	0.034	0.047	0.046	
29.60	0.259	0.261	-0.025	0.029	0.049	0.012	
29.65	0.258	0.263	-0.024	0.038	0.048	-0.011	
29.70	0.257	0.265	-0.021	0.047	0.048	-0.025	
29.75	0.256	0.268	-0.019	0.064	0.046	-0.058	
29.80	0.255	0.270	-0.015	0.082	0.042	-0.095	
29.85	0.254	0.272	-0.010	0.076	0.036	-0.114	
29.90	0.254	0.274	-0.007	0.061	0.030	-0.112	
29.95	0.253	0.275	-0.004	0.054	0.024	-0.101	
30.00	0.253	0.276	-0.002	0.049	0.020	-0.091	
