Vernier Format 2
run18.txt 10/10/2025 15:14:3
Run 1
Time	Position	Position	Velocity	Acceleration	Velocity	Acceleration	
T	P	P	V	A	V	A	
s	m	m	m/s	m/s^2	m/s	m/s^2	

0.00	0.258	0.545	0.001	-0.005	0.159	-3.497	
0.05	0.258	0.558	0.001	-0.013	0.001	-3.614	
0.10	0.258	0.557	-0.000	-0.019	-0.227	-3.081	
0.15	0.258	0.533	-0.002	-0.009	-0.412	-0.774	
0.20	0.258	0.502	-0.002	0.011	-0.341	2.294	
0.25	0.258	0.493	-0.001	0.027	-0.114	4.008	
0.30	0.257	0.490	0.002	0.029	0.140	3.883	
0.35	0.258	0.508	0.003	0.005	0.352	1.953	
0.40	0.258	0.535	0.002	-0.016	0.367	-0.738	
0.45	0.258	0.550	0.001	-0.015	0.257	-2.907	
0.50	0.258	0.567	0.000	-0.008	0.017	-3.687	
0.55	0.258	0.551	0.000	-0.001	-0.215	-2.332	
0.60	0.258	0.534	0.000	0.002	-0.234	-0.370	
0.65	0.258	0.529	0.000	0.002	-0.234	1.312	
0.70	0.258	0.505	0.001	-0.006	-0.103	2.712	
0.75	0.258	0.514	-0.000	-0.012	0.114	2.471	
0.80	0.258	0.523	-0.002	-0.001	0.208	0.884	
0.85	0.258	0.538	-0.000	0.007	0.215	-1.046	
0.90	0.258	0.551	0.001	-0.015	0.072	-2.295	
0.95	0.258	0.545	-0.002	-0.025	-0.077	-2.153	
1.00	0.258	0.542	-0.004	-0.002	-0.187	-0.984	
1.05	0.258	0.522	-0.002	0.018	-0.202	0.734	
1.10	0.257	0.515	-0.001	0.025	-0.090	1.925	
1.15	0.257	0.512	0.001	0.018	0.048	2.000	
1.20	0.258	0.523	0.001	0.001	0.142	1.563	
1.25	0.258	0.531	0.000	-0.006	0.151	2.447	
1.30	0.258	0.537	0.000	-0.003	0.267	5.167	
1.35	0.258	0.546	0.000	0.001	0.618	6.996	
1.40	0.258	0.556	0.000	0.003	1.484	-0.821	
1.45	0.258	0.759	0.001	-0.001	1.125	-17.428	
1.50	0.258	0.783	0.000	-0.005	-1.137	-17.958	
1.55	0.258	0.543	-0.000	0.005	-1.679	-0.355	
1.60	0.258	0.527	0.001	0.008	-0.626	9.079	
1.65	0.258	0.528	0.001	-0.002	-0.141	7.054	
1.70	0.258	0.531	0.000	-0.007	0.043	3.510	
1.75	0.258	0.531	0.000	-0.004	0.089	1.380	
1.80	0.258	0.531	0.000	-0.000	0.241	-1.041	
1.85	0.258	0.581	0.000	0.002	-0.036	-2.640	
1.90	0.258	0.524	0.000	0.003	-0.248	-0.352	
1.95	0.258	0.530	0.001	-0.003	-0.018	1.216	
2.00	0.258	0.535	0.000	-0.008	0.014	0.658	
2.05	0.258	0.536	-0.001	0.001	-0.024	1.607	
2.10	0.258	0.532	0.000	0.011	0.038	4.656	
2.15	0.258	0.526	0.001	0.007	0.345	8.346	
2.20	0.258	0.523	0.001	-0.004	1.340	3.149	
2.25	0.258	0.728	0.000	-0.009	1.056	-9.063	
2.30	0.258	0.663	-0.000	-0.005	0.080	-14.454	
2.35	0.258	0.734	-0.001	0.005	-0.875	-10.168	
2.40	0.258	0.548	0.001	0.006	-1.275	0.875	
2.45	0.258	0.541	0.001	-0.005	-0.454	6.173	
2.50	0.258	0.541	-0.000	-0.004	-0.236	3.529	
2.55	0.258	0.530	0.000	0.004	-0.203	1.655	
2.60	0.258	0.516	0.001	-0.002	-0.176	1.426	
2.65	0.258	0.509	0.000	-0.008	-0.083	2.003	
2.70	0.258	0.506	-0.001	-0.003	0.051	2.088	
2.75	0.258	0.515	-0.000	0.005	0.169	1.232	
2.80	0.258	0.527	0.000	0.007	0.205	-0.305	
2.85	0.258	0.540	0.000	0.009	0.142	-1.861	
2.90	0.258	0.545	0.001	0.003	-0.020	-2.526	
2.95	0.258	0.537	0.001	-0.009	-0.173	-1.812	
3.00	0.258	0.524	0.000	-0.016	-0.245	-0.114	
3.05	0.258	0.507	-0.001	-0.009	-0.190	1.699	
3.10	0.258	0.501	-0.001	0.003	-0.034	2.604	
3.15	0.258	0.503	-0.000	0.008	0.129	2.196	
3.20	0.258	0.517	-0.000	0.006	0.231	0.734	
3.25	0.258	0.532	0.000	0.007	0.214	-1.026	
3.30	0.258	0.541	0.000	0.010	0.114	-2.390	
3.35	0.258	0.547	0.001	0.009	-0.070	-2.708	
3.40	0.258	0.533	0.002	0.001	-0.226	-1.560	
3.45	0.258	0.518	0.002	-0.008	-0.252	0.249	
3.50	0.258	0.505	0.001	-0.017	-0.193	1.927	
3.55	0.258	0.495	-0.001	-0.014	-0.033	2.896	
3.60	0.258	0.500	-0.001	0.002	0.159	2.445	
3.65	0.258	0.514	-0.000	0.011	0.270	0.701	
3.70	0.258	0.532	0.000	0.012	0.253	-1.536	
3.75	0.258	0.547	0.001	0.007	0.081	-2.975	
3.80	0.258	0.542	0.001	-0.004	-0.126	-2.688	
3.85	0.258	0.529	0.000	-0.008	-0.241	-1.141	
3.90	0.258	0.513	0.000	-0.005	-0.249	0.746	
3.95	0.258	0.501	0.000	-0.002	-0.157	2.372	
4.00	0.258	0.494	0.000	-0.000	0.023	3.080	
4.05	0.258	0.502	0.000	0.001	0.218	2.270	
4.10	0.258	0.520	0.000	-0.000	0.318	0.047	
4.15	0.258	0.543	0.000	-0.004	0.226	-2.249	
4.20	0.258	0.546	0.000	-0.015	0.037	-3.311	
4.25	0.258	0.548	-0.002	-0.011	-0.180	-2.670	
4.30	0.258	0.524	-0.002	0.011	-0.302	-0.494	
4.35	0.258	0.508	0.000	0.013	-0.227	1.687	
4.40	0.258	0.498	-0.000	0.001	-0.079	2.735	
4.45	0.258	0.499	-0.000	-0.003	0.105	2.434	
4.50	0.258	0.513	-0.001	0.002	0.210	1.074	
4.55	0.258	0.524	0.000	0.009	0.217	-0.508	
4.60	0.258	0.537	0.001	0.001	0.148	-1.847	
4.65	0.258	0.542	0.000	-0.008	0.015	-2.607	
4.70	0.258	0.542	-0.000	-0.011	-0.168	-2.104	
4.75	0.258	0.521	-0.001	-0.006	-0.265	-0.213	
4.80	0.258	0.507	-0.001	0.006	-0.192	1.751	
4.85	0.258	0.498	-0.000	0.013	-0.031	2.528	
4.90	0.258	0.505	0.000	0.012	0.123	1.940	
4.95	0.258	0.515	0.001	0.005	0.186	0.717	
5.00	0.258	0.525	0.001	-0.009	0.188	-0.414	
5.05	0.258	0.537	0.000	-0.016	0.133	-1.309	
5.10	0.258	0.541	-0.001	-0.009	0.022	-1.544	
5.15	0.258	0.533	-0.001	0.004	0.003	-1.896	
5.20	0.258	0.552	-0.000	0.011	-0.188	-1.635	
5.25	0.258	0.510	0.000	0.009	-0.292	0.859	
5.30	0.258	0.504	0.001	0.002	-0.064	2.624	
5.35	0.258	0.509	0.000	-0.005	0.098	2.031	
5.40	0.258	0.519	0.000	-0.004	0.171	0.543	
5.45	0.258	0.530	0.000	-0.004	0.140	-0.850	
5.50	0.258	0.535	-0.000	-0.007	0.057	-1.568	
5.55	0.258	0.537	-0.001	-0.010	-0.052	-1.474	
5.60	0.258	0.528	-0.002	0.000	-0.121	-0.671	
5.65	0.258	0.522	-0.001	0.011	-0.127	0.345	
5.70	0.258	0.513	-0.000	0.009	-0.079	1.173	
5.75	0.258	0.511	0.000	0.006	0.016	1.429	
5.80	0.258	0.516	0.001	-0.003	0.098	0.927	
5.85	0.258	0.524	0.000	-0.009	0.121	0.079	
5.90	0.258	0.529	-0.001	-0.003	0.114	-0.891	
5.95	0.258	0.540	-0.000	0.005	0.016	-1.454	
6.00	0.258	0.530	0.000	0.006	-0.085	-0.948	
6.05	0.258	0.527	0.000	0.004	-0.096	-0.034	
6.10	0.258	0.519	0.001	-0.004	-0.072	0.612	
6.15	0.258	0.518	-0.000	-0.013	-0.013	0.773	
6.20	0.258	0.520	-0.001	-0.008	0.020	0.564	
6.25	0.258	0.521	-0.001	0.005	0.046	0.245	
6.30	0.258	0.525	-0.000	0.011	0.047	-0.111	
6.35	0.258	0.526	0.000	0.008	0.029	-0.324	
6.40	0.258	0.529	0.001	-0.001	0.004	-0.317	
6.45	0.258	0.525	0.000	-0.009	-0.006	-0.213	
6.50	0.258	0.528	-0.001	-0.003	-0.013	-0.155	
6.55	0.258	0.525	-0.000	0.003	-0.028	0.002	
6.60	0.258	0.524	-0.000	0.003	-0.014	0.151	
6.65	0.258	0.523	0.000	0.001	-0.001	0.119	
6.70	0.258	0.525	0.000	0.001	-0.004	0.087	
6.75	0.258	0.522	0.000	0.002	-0.004	0.187	
6.80	0.258	0.522	0.000	0.005	0.042	-0.125	
6.85	0.258	0.533	0.000	0.009	-0.013	-0.434	
6.90	0.258	0.520	0.001	0.008	-0.056	0.150	
6.95	0.258	0.520	0.002	0.000	0.014	0.519	
7.00	0.258	0.524	0.001	-0.006	0.045	0.058	
7.05	0.258	0.528	0.000	-0.006	0.021	-0.490	
7.10	0.258	0.527	0.000	0.002	-0.031	-0.587	
7.15	0.258	0.523	0.001	0.003	-0.051	-0.334	
7.20	0.258	0.522	0.001	0.003	-0.066	0.048	
7.25	0.258	0.516	0.001	0.002	-0.058	0.620	
7.30	0.258	0.513	0.001	-0.007	0.004	0.990	
7.35	0.258	0.516	0.000	-0.010	0.067	0.798	
7.40	0.258	0.521	0.000	-0.008	0.100	0.198	
7.45	0.258	0.527	-0.000	-0.007	0.103	-0.707	
7.50	0.258	0.536	-0.001	-0.002	0.019	-1.368	
7.55	0.258	0.529	-0.000	0.001	-0.075	-1.174	
7.60	0.258	0.526	-0.000	-0.005	-0.118	-0.443	
7.65	0.258	0.517	-0.001	-0.008	-0.135	0.609	
7.70	0.258	0.508	-0.001	-0.010	-0.061	1.598	
7.75	0.258	0.507	-0.003	-0.005	0.081	1.525	
7.80	0.258	0.522	-0.002	0.015	0.129	0.626	
7.85	0.258	0.522	-0.000	0.022	0.124	-0.135	
7.90	0.258	0.531	0.001	0.008	0.144	-1.292	
7.95	0.258	0.547	0.001	-0.012	-0.010	-2.163	
8.00	0.258	0.530	-0.001	-0.015	-0.165	-1.316	
8.05	0.258	0.521	-0.002	0.005	-0.160	0.008	
8.10	0.258	0.514	-0.000	0.019	-0.129	0.836	
8.15	0.258	0.508	0.001	0.011	-0.075	1.496	
8.20	0.258	0.503	0.001	-0.005	0.032	1.726	
8.25	0.258	0.511	0.000	-0.012	0.140	1.073	
8.30	0.258	0.521	-0.001	-0.005	0.172	-0.238	
8.35	0.258	0.532	-0.000	0.003	0.110	-1.415	
8.40	0.258	0.534	-0.000	0.001	-0.010	-1.760	
8.45	0.258	0.530	-0.000	-0.003	-0.106	-1.231	
8.50	0.258	0.521	-0.000	-0.008	-0.144	-0.332	
8.55	0.258	0.514	-0.001	-0.005	-0.142	0.669	
8.60	0.258	0.504	-0.001	0.005	-0.082	1.639	
8.65	0.258	0.502	-0.000	0.008	0.054	1.870	
8.70	0.258	0.511	-0.000	0.005	0.156	1.009	
8.75	0.258	0.521	0.000	0.002	0.181	-0.443	
8.80	0.258	0.534	0.000	0.000	0.109	-1.773	
8.85	0.258	0.536	0.000	0.000	-0.045	-2.041	
8.90	0.258	0.527	0.000	0.000	-0.152	-1.098	
8.95	0.258	0.517	0.000	0.000	-0.173	0.296	
9.00	0.258	0.506	0.000	0.000	-0.109	1.418	
9.05	0.258	0.504	0.000	0.000	0.011	1.643	
9.10	0.258	0.510	0.000	0.002	0.087	1.118	
9.15	0.258	0.514	0.000	0.004	0.128	0.349	
9.20	0.258	0.523	0.000	0.006	0.132	-0.610	
9.25	0.258	0.530	0.001	0.000	0.063	-1.403	
9.30	0.258	0.531	0.001	-0.011	-0.038	-1.527	
9.35	0.258	0.526	-0.001	-0.010	-0.125	-0.870	
9.40	0.258	0.516	-0.001	0.005	-0.147	0.248	
9.45	0.258	0.508	0.001	0.008	-0.090	1.163	
9.50	0.258	0.506	0.000	0.004	0.001	1.420	
9.55	0.258	0.509	0.000	0.008	0.075	1.113	
9.60	0.258	0.514	0.001	0.007	0.128	0.401	
9.65	0.258	0.524	0.002	-0.000	0.128	-0.579	
9.70	0.258	0.529	0.001	-0.008	0.065	-1.386	
9.75	0.258	0.532	0.000	-0.008	-0.038	-1.551	
9.80	0.258	0.525	0.000	-0.000	-0.134	-0.797	
9.85	0.258	0.514	0.000	0.006	-0.139	0.411	
9.90	0.258	0.508	0.001	0.004	-0.076	1.285	
9.95	0.258	0.505	0.001	-0.006	0.021	1.448	
10.00	0.258	0.511	0.000	-0.011	0.104	0.840	
10.05	0.258	0.519	-0.000	-0.010	0.117	-0.053	
10.10	0.258	0.525	-0.001	-0.003	0.084	-0.702	
10.15	0.258	0.528	-0.000	0.001	0.035	-1.057	
10.20	0.258	0.529	-0.000	-0.002	-0.031	-1.091	
10.25	0.258	0.525	-0.001	0.001	-0.101	-0.544	
10.30	0.258	0.516	-0.000	0.005	-0.107	0.386	
10.35	0.258	0.511	-0.000	0.003	-0.051	1.049	
10.40	0.258	0.509	0.000	0.002	0.039	0.925	
10.45	0.258	0.519	0.000	0.002	0.067	0.305	
10.50	0.258	0.519	0.000	0.003	0.043	0.073	
10.55	0.258	0.520	0.000	0.005	0.057	0.119	
10.60	0.258	0.524	0.001	0.001	0.082	-0.278	
10.65	0.258	0.532	0.000	-0.002	0.043	-0.888	
10.70	0.258	0.529	0.000	0.002	-0.029	-1.039	
10.75	0.258	0.529	0.001	-0.001	-0.094	-0.514	
10.80	0.258	0.517	0.000	-0.005	-0.103	0.429	
10.85	0.258	0.514	0.000	-0.003	-0.028	0.920	
10.90	0.258	0.516	0.000	-0.001	0.032	0.598	
10.95	0.258	0.521	0.000	-0.000	0.041	0.024	
11.00	0.258	0.521	0.000	-0.000	0.014	-0.217	
11.05	0.258	0.520	0.000	0.000	0.007	-0.180	
11.10	0.258	0.522	0.000	-0.000	0.000	-0.164	
11.15	0.258	0.521	0.000	-0.001	-0.011	-0.098	
11.20	0.258	0.521	0.000	-0.005	-0.014	0.035	
11.25	0.258	0.519	-0.000	-0.014	-0.006	0.115	
11.30	0.258	0.519	-0.001	-0.022	0.009	-0.007	
11.35	0.258	0.521	-0.004	-0.009	-0.001	-0.200	
11.40	0.258	0.521	-0.003	0.024	-0.033	0.029	
11.45	0.258	0.516	0.000	0.033	-0.022	0.647	
11.50	0.258	0.516	0.001	0.015	0.042	0.967	
11.55	0.258	0.518	0.002	-0.002	0.135	0.192	
11.60	0.258	0.536	0.001	-0.015	0.095	-1.143	
11.65	0.258	0.533	-0.001	-0.010	-0.049	-1.251	
11.70	0.258	0.525	-0.001	0.007	-0.081	-0.382	
11.75	0.258	0.522	0.001	0.010	-0.060	0.123	
11.80	0.258	0.519	0.001	-0.003	-0.041	0.142	
11.85	0.258	0.519	0.000	-0.010	-0.043	0.075	
11.90	0.258	0.516	-0.001	-0.001	-0.057	0.393	
11.95	0.258	0.510	0.000	0.008	-0.014	0.841	
12.00	0.258	0.513	0.001	0.001	0.059	0.697	
12.05	0.258	0.519	0.000	-0.008	0.082	0.045	
12.10	0.258	0.524	-0.000	-0.011	0.055	-0.520	
12.15	0.258	0.525	-0.001	-0.006	0.013	-0.761	
12.20	0.258	0.525	-0.001	0.004	-0.028	-0.777	
12.25	0.258	0.522	-0.000	0.007	-0.072	-0.557	
12.30	0.258	0.517	-0.000	0.002	-0.102	0.044	
12.35	0.258	0.510	-0.000	-0.002	-0.079	0.830	
12.40	0.258	0.507	-0.001	0.002	0.001	1.190	
12.45	0.258	0.510	-0.000	0.005	0.071	0.883	
12.50	0.258	0.515	0.000	-0.003	0.110	0.101	
12.55	0.258	0.524	-0.001	-0.004	0.085	-0.754	
12.60	0.258	0.526	-0.001	0.010	0.013	-1.141	
12.65	0.258	0.525	0.001	0.010	-0.057	-0.925	
12.70	0.258	0.519	0.001	-0.003	-0.099	-0.278	
12.75	0.258	0.512	0.000	-0.009	-0.083	0.395	
12.80	0.258	0.510	-0.001	0.001	-0.046	0.810	
12.85	0.258	0.508	0.000	0.014	0.002	1.038	
12.90	0.258	0.508	0.001	0.015	0.075	0.844	
12.95	0.258	0.517	0.002	0.009	0.115	0.081	
13.00	0.258	0.523	0.003	-0.004	0.086	-0.748	
13.05	0.258	0.527	0.002	-0.017	0.019	-1.151	
13.10	0.258	0.525	0.000	-0.017	-0.053	-1.010	
13.15	0.258	0.520	-0.001	-0.006	-0.099	-0.443	
13.20	0.258	0.514	-0.000	0.001	-0.104	0.295	
13.25	0.258	0.508	0.000	-0.010	-0.069	0.973	
13.30	0.258	0.505	-0.001	-0.016	0.008	1.280	
13.35	0.258	0.508	-0.002	-0.003	0.094	0.850	
13.40	0.258	0.517	-0.002	0.011	0.118	-0.102	
13.45	0.258	0.523	-0.000	0.011	0.076	-0.926	
13.50	0.258	0.526	-0.000	0.003	0.002	-1.247	
13.55	0.258	0.523	-0.000	-0.003	-0.074	-0.959	
13.60	0.258	0.517	-0.001	0.001	-0.118	-0.146	
13.65	0.258	0.509	-0.000	0.007	-0.096	0.804	
13.70	0.258	0.505	0.000	0.008	-0.013	1.253	
13.75	0.258	0.508	0.000	0.011	0.063	0.985	
13.80	0.258	0.513	0.001	0.007	0.099	0.346	
13.85	0.258	0.519	0.001	-0.005	0.099	-0.364	
13.90	0.258	0.524	0.001	-0.016	0.058	-0.931	
13.95	0.258	0.527	-0.001	-0.014	-0.011	-1.100	
14.00	0.258	0.523	-0.001	0.001	-0.076	-0.735	
14.05	0.258	0.517	-0.000	0.009	-0.101	-0.016	
14.10	0.258	0.511	0.000	0.009	-0.074	0.639	
14.15	0.258	0.508	0.001	0.002	-0.018	0.908	
14.20	0.258	0.510	0.000	-0.004	0.031	0.815	
14.25	0.258	0.512	0.000	-0.002	0.073	0.451	
14.30	0.258	0.517	0.000	0.002	0.092	-0.216	
14.35	0.258	0.524	0.000	0.004	0.053	-0.874	
14.40	0.258	0.524	0.001	-0.000	-0.020	-1.021	
14.45	0.258	0.521	0.000	-0.005	-0.076	-0.588	
14.50	0.258	0.515	0.000	-0.003	-0.088	0.097	
14.55	0.258	0.511	0.000	-0.001	-0.064	0.734	
14.60	0.258	0.507	0.000	-0.000	-0.003	1.049	
14.65	0.258	0.509	0.000	-0.000	0.071	0.723	
14.70	0.258	0.517	0.000	0.000	0.091	-0.034	
14.75	0.258	0.521	0.000	-0.000	0.054	-0.570	
14.80	0.258	0.522	0.000	-0.001	0.015	-0.720	
14.85	0.258	0.523	0.000	-0.004	-0.024	-0.645	
14.90	0.258	0.519	-0.000	-0.009	-0.061	-0.283	
14.95	0.258	0.515	-0.001	-0.016	-0.067	0.324	
15.00	0.258	0.510	-0.002	-0.010	-0.022	0.746	
15.05	0.258	0.512	-0.002	0.010	0.042	0.525	
15.10	0.258	0.518	-0.001	0.016	0.045	0.002	
15.15	0.258	0.518	-0.000	0.009	0.019	-0.151	
15.20	0.258	0.517	0.000	0.004	0.022	-0.143	
15.25	0.258	0.521	0.000	0.001	0.015	-0.275	
15.30	0.258	0.520	0.000	0.002	-0.007	-0.354	
15.35	0.258	0.520	0.000	0.005	-0.027	-0.285	
15.40	0.258	0.517	0.000	0.010	-0.047	0.012	
15.45	0.258	0.513	0.001	0.010	-0.029	0.364	
15.50	0.258	0.514	0.002	0.005	0.000	0.482	
15.55	0.258	0.513	0.002	0.001	0.033	0.301	
15.60	0.258	0.518	0.002	-0.002	0.043	-0.123	
15.65	0.258	0.520	0.002	-0.005	0.012	-0.384	
15.70	0.258	0.519	0.001	-0.011	-0.013	-0.294	
15.75	0.258	0.518	0.000	-0.013	-0.022	-0.077	
15.80	0.258	0.516	-0.000	-0.010	-0.019	0.124	
15.85	0.258	0.515	-0.001	-0.003	-0.007	0.241	
15.90	0.258	0.515	-0.000	0.001	0.012	0.199	
15.95	0.258	0.517	-0.000	-0.003	0.023	-0.040	
16.00	0.258	0.519	-0.001	-0.003	0.011	-0.320	
16.05	0.258	0.519	-0.001	-0.001	-0.022	-0.332	
16.10	0.258	0.516	-0.001	0.001	-0.040	-0.002	
16.15	0.258	0.513	-0.001	0.010	-0.019	0.278	
16.20	0.258	0.514	0.000	0.007	0.002	0.295	
16.25	0.258	0.514	0.000	-0.000	0.013	0.221	
16.30	0.258	0.515	-0.000	0.007	0.026	0.085	
16.35	0.258	0.517	0.001	0.009	0.026	-0.115	
16.40	0.258	0.519	0.001	-0.000	0.007	-0.191	
16.45	0.258	0.517	0.000	-0.002	0.001	-0.169	
16.50	0.258	0.518	0.000	0.003	0.003	-0.302	
16.55	0.258	0.520	0.001	0.002	-0.036	-0.271	
16.60	0.258	0.514	0.001	-0.008	-0.054	0.254	
16.65	0.258	0.510	0.000	-0.010	-0.004	0.653	
16.70	0.258	0.513	-0.001	0.001	0.044	0.453	
16.75	0.258	0.517	0.000	0.011	0.052	-0.005	
16.80	0.258	0.519	0.002	-0.000	0.036	-0.371	
16.85	0.258	0.521	0.000	-0.011	0.008	-0.573	
16.90	0.258	0.521	-0.001	-0.001	-0.027	-0.580	
16.95	0.258	0.519	0.000	0.010	-0.063	-0.296	
17.00	0.258	0.513	0.001	0.007	-0.075	0.306	
17.05	0.258	0.508	0.001	-0.003	-0.026	0.776	
17.10	0.258	0.510	0.000	-0.008	0.031	0.699	
17.15	0.258	0.513	0.000	-0.006	0.057	0.289	
17.20	0.258	0.517	-0.000	-0.006	0.062	-0.211	
17.25	0.258	0.520	-0.000	-0.008	0.035	-0.636	
17.30	0.258	0.522	-0.001	-0.005	-0.019	-0.674	
17.35	0.258	0.518	-0.001	0.005	-0.056	-0.266	
17.40	0.258	0.514	-0.000	0.008	-0.046	0.179	
17.45	0.258	0.512	-0.000	0.005	-0.019	0.323	
17.50	0.258	0.513	0.000	0.002	-0.012	0.394	
17.55	0.258	0.510	0.000	0.000	0.008	0.587	
17.60	0.258	0.512	0.000	0.000	0.063	0.436	
17.65	0.258	0.519	0.000	0.001	0.079	-0.201	
17.70	0.258	0.523	0.000	0.003	0.038	-0.747	
17.75	0.258	0.523	0.000	0.005	-0.019	-0.837	
17.80	0.258	0.520	0.001	0.002	-0.062	-0.532	
17.85	0.258	0.516	0.000	-0.001	-0.078	-0.038	
17.90	0.258	0.511	0.000	0.003	-0.071	0.544	
17.95	0.258	0.506	0.001	0.003	-0.021	0.992	
18.00	0.258	0.508	0.001	0.003	0.056	0.854	
18.05	0.258	0.514	0.001	0.001	0.091	0.170	
18.10	0.258	0.519	0.001	-0.008	0.072	-0.543	
18.15	0.258	0.523	0.000	-0.013	0.021	-0.930	
18.20	0.258	0.522	-0.000	-0.013	-0.039	-0.855	
18.25	0.258	0.518	-0.001	-0.007	-0.087	-0.288	
18.30	0.258	0.511	-0.001	0.004	-0.080	0.490	
18.35	0.258	0.508	-0.000	0.006	-0.020	0.913	
18.40	0.258	0.509	-0.000	0.000	0.043	0.715	
18.45	0.258	0.514	-0.000	-0.006	0.062	0.240	
18.50	0.258	0.516	-0.001	-0.005	0.058	-0.132	
18.55	0.258	0.520	-0.001	0.004	0.049	-0.478	
18.60	0.258	0.522	-0.000	0.004	0.009	-0.735	
18.65	0.258	0.521	-0.000	-0.006	-0.041	-0.636	
18.70	0.258	0.517	-0.001	-0.017	-0.071	-0.204	
18.75	0.258	0.512	-0.003	-0.013	-0.063	0.286	
18.80	0.258	0.510	-0.003	0.013	-0.032	0.585	
18.85	0.258	0.509	-0.001	0.027	0.002	0.689	
18.90	0.258	0.510	0.001	0.017	0.044	0.567	
18.95	0.258	0.514	0.001	0.008	0.078	0.065	
19.00	0.258	0.520	0.001	0.003	0.059	-0.573	
19.05	0.258	0.522	0.001	-0.006	0.002	-0.842	
19.10	0.258	0.520	0.000	-0.008	-0.048	-0.616	
19.15	0.258	0.516	0.000	-0.005	-0.071	-0.100	
19.20	0.258	0.512	0.000	-0.002	-0.062	0.494	
19.25	0.258	0.507	0.000	-0.000	-0.011	0.831	
19.30	0.258	0.510	0.000	-0.000	0.047	0.632	
19.35	0.258	0.514	0.000	-0.001	0.066	0.126	
19.40	0.258	0.518	-0.000	-0.003	0.055	-0.334	
19.45	0.258	0.520	-0.000	-0.003	0.023	-0.579	
19.50	0.258	0.521	-0.001	0.003	-0.013	-0.565	
19.55	0.258	0.519	0.000	0.010	-0.044	-0.294	
19.60	0.258	0.515	0.001	0.003	-0.050	0.136	
19.65	0.258	0.512	0.000	-0.003	-0.027	0.458	
19.70	0.258	0.511	0.000	-0.003	0.015	0.392	
19.75	0.258	0.516	0.000	-0.003	0.025	0.072	
19.80	0.258	0.515	-0.000	-0.005	0.009	-0.048	
19.85	0.258	0.515	-0.000	-0.008	0.012	-0.032	
19.90	0.258	0.516	-0.001	-0.004	0.017	-0.173	
19.95	0.258	0.518	-0.001	0.006	-0.003	-0.316	
20.00	0.258	0.516	-0.000	0.011	-0.029	-0.195	
20.05	0.258	0.514	0.000	0.008	-0.031	0.093	
20.10	0.258	0.512	0.001	-0.001	-0.015	0.322	
20.15	0.258	0.513	0.000	-0.009	0.004	0.440	
20.20	0.258	0.512	-0.001	-0.003	0.037	0.340	
20.25	0.258	0.516	-0.000	0.003	0.063	-0.181	
20.30	0.258	0.522	-0.000	0.003	0.017	-0.634	
20.35	0.258	0.518	0.000	0.002	-0.037	-0.433	
20.40	0.258	0.515	0.000	0.002	-0.038	0.014	
20.45	0.258	0.514	0.000	0.003	-0.019	0.218	
20.50	0.258	0.514	0.000	0.005	-0.011	0.286	
20.55	0.258	0.512	0.001	-0.000	0.009	0.301	
20.60	0.258	0.515	0.000	-0.006	0.031	0.084	
20.65	0.258	0.517	0.000	-0.006	0.022	-0.213	
20.70	0.258	0.518	-0.000	-0.004	0.002	-0.340	
20.75	0.258	0.517	-0.001	0.004	-0.026	-0.198	
20.80	0.258	0.514	0.000	0.012	-0.024	0.067	
20.85	0.258	0.514	0.001	0.006	-0.009	0.173	
20.90	0.258	0.513	0.001	-0.008	-0.002	0.181	
20.95	0.258	0.514	0.000	-0.014	0.010	0.135	
21.00	0.258	0.515	-0.001	-0.005	0.015	0.018	
21.05	0.258	0.516	-0.001	0.011	0.008	-0.041	
21.10	0.258	0.515	0.001	0.011	0.009	-0.067	
21.15	0.258	0.517	0.001	-0.005	0.008	-0.188	
21.20	0.258	0.517	0.000	-0.014	-0.014	-0.228	
21.25	0.258	0.515	-0.001	-0.009	-0.025	-0.065	
21.30	0.258	0.514	-0.001	0.003	-0.024	0.186	
21.35	0.258	0.512	-0.000	0.008	-0.005	0.383	
21.40	0.258	0.513	-0.000	0.006	0.025	0.347	
21.45	0.258	0.515	0.000	0.007	0.041	0.069	
21.50	0.258	0.518	0.000	0.010	0.034	-0.267	
21.55	0.258	0.519	0.001	0.010	0.014	-0.554	
21.60	0.258	0.521	0.002	0.003	-0.033	-0.567	
21.65	0.258	0.515	0.002	-0.002	-0.071	-0.050	
21.70	0.258	0.510	0.001	-0.006	-0.042	0.537	
21.75	0.258	0.510	0.001	-0.005	0.011	0.605	
21.80	0.258	0.513	0.001	-0.003	0.039	0.248	
21.85	0.258	0.515	0.000	-0.003	0.035	-0.148	
21.90	0.258	0.517	0.000	0.003	0.013	-0.327	
21.95	0.258	0.516	0.001	0.003	-0.009	-0.254	
22.00	0.258	0.516	0.001	0.003	-0.017	-0.081	
22.05	0.258	0.514	0.001	0.003	-0.014	0.051	
22.10	0.258	0.514	0.001	-0.002	-0.003	0.045	
22.15	0.258	0.515	0.001	-0.002	-0.014	0.096	
22.20	0.258	0.511	0.001	-0.005	-0.005	0.322	
22.25	0.259	0.513	0.001	-0.015	0.031	0.317	
22.30	0.259	0.516	-0.001	-0.014	0.042	0.024	
22.35	0.258	0.518	-0.001	-0.002	0.032	-0.284	
22.40	0.258	0.520	-0.000	-0.000	0.005	-0.440	
22.45	0.258	0.518	-0.001	-0.009	-0.015	-0.478	
22.50	0.258	0.519	-0.002	-0.013	-0.049	-0.341	
22.55	0.258	0.513	-0.003	-0.004	-0.065	0.097	
22.60	0.258	0.511	-0.002	0.005	-0.039	0.525	
22.65	0.258	0.508	-0.002	0.008	0.001	0.665	
22.70	0.258	0.510	-0.001	0.011	0.045	0.416	
22.75	0.258	0.514	-0.000	0.010	0.057	-0.126	
22.80	0.258	0.518	-0.000	0.005	0.026	-0.551	
22.85	0.258	0.517	0.000	0.002	-0.019	-0.543	
22.90	0.258	0.515	0.000	0.000	-0.043	-0.196	
22.95	0.258	0.512	0.000	0.000	-0.043	0.241	
23.00	0.258	0.509	0.000	0.002	-0.011	0.514	
23.05	0.258	0.511	0.000	0.004	0.029	0.390	
23.10	0.258	0.514	0.000	0.006	0.034	0.120	
23.15	0.258	0.514	0.001	0.001	0.028	0.039	
23.20	0.258	0.516	0.001	-0.011	0.042	-0.107	
23.25	0.258	0.520	-0.001	-0.008	0.028	-0.407	
23.30	0.258	0.520	-0.001	0.008	-0.011	-0.482	
23.35	0.258	0.518	0.001	0.011	-0.036	-0.257	
23.40	0.258	0.515	0.001	-0.001	-0.032	-0.059	
23.45	0.258	0.516	0.000	-0.006	-0.037	0.067	
23.50	0.258	0.511	0.000	-0.004	-0.037	0.363	
23.55	0.258	0.510	0.000	-0.002	0.004	0.544	
23.60	0.258	0.512	0.000	-0.000	0.039	0.308	
23.65	0.258	0.515	0.000	-0.000	0.042	-0.111	
23.70	0.258	0.517	0.000	-0.002	0.024	-0.449	
23.75	0.258	0.518	-0.000	-0.005	-0.012	-0.550	
23.80	0.258	0.516	-0.000	-0.008	-0.051	-0.249	
23.85	0.258	0.511	-0.001	-0.003	-0.050	0.313	
23.90	0.258	0.509	-0.001	0.007	-0.006	0.624	
23.95	0.258	0.511	-0.000	0.010	0.032	0.511	
24.00	0.258	0.513	0.001	-0.003	0.057	0.113	
24.05	0.258	0.519	-0.000	-0.016	0.044	-0.312	
24.10	0.258	0.518	-0.002	-0.007	0.012	-0.457	
24.15	0.258	0.519	-0.002	0.010	-0.012	-0.359	
24.20	0.258	0.516	-0.000	0.015	-0.027	-0.150	
24.25	0.258	0.516	0.000	0.013	-0.026	0.049	
24.30	0.258	0.514	0.001	0.004	-0.022	0.211	
24.35	0.258	0.512	0.001	-0.006	0.005	0.184	
24.40	0.258	0.516	-0.000	-0.000	0.005	0.004	
24.45	0.258	0.514	0.000	0.013	-0.009	0.046	
24.50	0.258	0.513	0.002	0.007	0.007	0.128	
24.55	0.258	0.515	0.002	-0.007	0.016	0.011	
24.60	0.258	0.515	0.001	-0.006	0.012	-0.192	
24.65	0.258	0.517	0.000	0.002	-0.008	-0.301	
24.70	0.258	0.514	0.001	0.002	-0.030	-0.156	
24.75	0.258	0.513	0.001	-0.007	-0.033	0.168	
24.80	0.258	0.510	0.000	-0.011	-0.012	0.446	
24.85	0.258	0.511	-0.000	-0.008	0.029	0.385	
24.90	0.258	0.514	-0.001	0.001	0.041	0.043	
24.95	0.258	0.516	0.000	0.007	0.028	-0.228	
25.00	0.258	0.517	0.001	-0.002	0.010	-0.322	
25.05	0.258	0.517	-0.000	-0.011	-0.009	-0.274	
25.10	0.258	0.516	-0.001	-0.008	-0.026	-0.064	
25.15	0.258	0.513	-0.001	0.003	-0.017	0.161	
25.20	0.258	0.514	-0.000	0.008	0.001	0.191	
25.25	0.258	0.514	-0.000	0.005	0.008	0.088	
25.30	0.258	0.515	0.000	0.001	0.011	-0.060	
25.35	0.258	0.516	0.000	-0.001	0.001	-0.167	
25.40	0.258	0.516	-0.000	-0.003	-0.015	-0.102	
25.45	0.258	0.513	-0.000	-0.005	-0.016	0.081	
25.50	0.258	0.513	-0.001	0.001	0.002	0.116	
25.55	0.258	0.514	-0.000	0.008	0.006	-0.031	
25.60	0.258	0.514	0.000	0.009	-0.005	-0.111	
25.65	0.258	0.514	0.001	0.010	-0.016	-0.001	
25.70	0.258	0.512	0.002	-0.001	-0.010	0.204	
25.75	0.258	0.512	0.000	-0.010	0.011	0.272	
25.80	0.258	0.513	-0.000	0.002	0.028	0.112	
25.85	0.258	0.516	0.001	0.007	0.032	-0.217	
25.90	0.258	0.518	0.001	-0.000	-0.003	-0.356	
25.95	0.258	0.515	0.000	-0.002	-0.024	-0.116	
26.00	0.258	0.514	0.000	0.003	-0.016	0.171	
26.05	0.258	0.513	0.001	0.002	0.004	0.268	
26.10	0.258	0.515	0.001	-0.008	0.021	0.133	
26.15	0.258	0.516	0.000	-0.012	0.018	-0.069	
26.20	0.258	0.516	-0.001	-0.003	0.019	-0.332	
26.25	0.258	0.520	0.000	0.002	-0.018	-0.492	
26.30	0.258	0.515	0.001	-0.011	-0.055	-0.172	
26.35	0.258	0.511	-0.001	-0.027	-0.041	0.279	
26.40	0.258	0.510	-0.004	-0.017	-0.013	0.456	
26.45	0.258	0.510	-0.004	0.013	0.018	0.327	
26.50	0.258	0.513	-0.001	0.024	0.030	-0.005	
26.55	0.258	0.515	-0.000	0.014	0.010	-0.193	
26.60	0.258	0.513	0.000	0.005	-0.003	-0.121	
26.65	0.258	0.513	0.000	0.001	-0.003	-0.018	
26.70	0.258	0.513	0.000	0.000	0.001	-0.015	
26.75	0.258	0.514	0.000	0.001	-0.003	-0.035	
26.80	0.258	0.513	0.000	0.003	-0.008	0.048	
26.85	0.258	0.513	0.000	0.003	-0.000	0.170	
26.90	0.258	0.513	0.001	-0.003	0.014	0.195	
26.95	0.258	0.514	0.000	-0.010	0.025	0.102	
27.00	0.258	0.516	-0.001	-0.003	0.026	-0.045	
27.05	0.258	0.517	-0.000	0.005	0.019	-0.183	
27.10	0.258	0.517	0.000	0.008	0.012	-0.372	
27.15	0.258	0.520	0.000	0.010	-0.022	-0.447	
27.20	0.258	0.515	0.001	0.006	-0.050	-0.182	
27.25	0.258	0.513	0.001	-0.001	-0.046	0.206	
27.30	0.258	0.510	0.001	-0.000	-0.022	0.449	
27.35	0.258	0.510	0.001	0.008	0.012	0.401	
27.40	0.258	0.512	0.002	0.004	0.028	0.134	
27.45	0.258	0.514	0.002	-0.009	0.024	-0.118	
27.50	0.258	0.515	0.001	-0.011	0.009	-0.232	
27.55	0.258	0.515	0.001	-0.016	-0.008	-0.152	
27.60	0.258	0.513	-0.001	-0.017	-0.009	0.005	
27.65	0.258	0.514	-0.002	-0.009	-0.005	0.120	
27.70	0.258	0.512	-0.002	-0.003	0.009	0.116	
27.75	0.258	0.516	-0.002	0.001	0.009	0.064	
27.80	0.258	0.513	-0.002	0.006	0.008	0.119	
27.85	0.258	0.515	-0.001	0.013	0.027	0.058	
27.90	0.258	0.517	-0.000	0.015	0.023	-0.159	
27.95	0.258	0.518	0.001	0.007	0.006	-0.302	
28.00	0.258	0.518	0.000	0.000	-0.014	-0.317	
28.05	0.258	0.516	0.000	0.002	-0.029	-0.229	
28.10	0.258	0.515	0.001	0.000	-0.039	-0.059	
28.15	0.258	0.512	0.000	-0.002	-0.042	0.232	
28.20	0.258	0.509	0.000	0.000	-0.016	0.486	
28.25	0.258	0.510	0.001	-0.005	0.023	0.419	
28.30	0.258	0.512	0.000	-0.010	0.038	0.092	
28.35	0.258	0.514	-0.001	-0.002	0.034	-0.284	
28.40	0.258	0.517	-0.000	0.006	0.001	-0.463	
28.45	0.258	0.515	0.000	0.006	-0.031	-0.265	
28.50	0.258	0.513	0.001	-0.002	-0.034	0.118	
28.55	0.258	0.510	0.000	-0.009	-0.012	0.368	
28.60	0.258	0.511	-0.001	-0.003	0.014	0.383	
28.65	0.258	0.512	-0.000	0.003	0.037	0.179	
28.70	0.258	0.516	-0.000	0.003	0.035	-0.095	
28.75	0.258	0.516	0.000	0.003	0.018	-0.208	
28.80	0.258	0.517	0.000	0.005	0.012	-0.251	
28.85	0.258	0.518	0.000	0.008	-0.007	-0.247	
28.90	0.258	0.517	0.001	0.005	-0.020	-0.112	
28.95	0.258	0.515	0.001	-0.005	-0.021	0.062	
29.00	0.258	0.513	0.000	-0.008	-0.005	0.079	
29.05	0.258	0.516	0.000	-0.007	-0.009	0.016	
29.10	0.258	0.512	-0.000	-0.008	-0.012	0.085	
29.15	0.258	0.514	-0.000	-0.013	0.000	0.133	
29.20	0.258	0.513	-0.002	-0.011	0.007	0.075	
29.25	0.258	0.514	-0.002	0.003	0.012	-0.078	
29.30	0.258	0.515	-0.001	0.018	0.002	-0.259	
29.35	0.258	0.516	0.000	0.016	-0.024	-0.222	
29.40	0.258	0.512	0.000	0.010	-0.036	0.105	
29.45	0.258	0.510	0.001	0.014	-0.013	0.429	
29.50	0.258	0.510	0.002	0.008	0.022	0.455	
29.55	0.258	0.513	0.002	-0.002	0.044	0.203	
29.60	0.258	0.515	0.002	-0.008	0.049	-0.174	
29.65	0.258	0.520	0.001	-0.016	0.021	-0.424	
29.70	0.258	0.517	0.000	-0.018	-0.011	-0.340	
29.75	0.258	0.517	-0.001	-0.010	-0.017	-0.143	
29.80	0.258	0.516	-0.001	0.003	-0.022	0.017	
29.85	0.258	0.514	-0.000	0.008	-0.016	0.151	
29.90	0.258	0.513	-0.000	0.005	0.005	0.062	
29.95	0.258	0.516	0.000	0.002	-0.001	-0.182	
30.00	0.258	0.514	0.000	0.001	-0.026	-0.373	
