Vernier Format 2
run14.txt 10/10/2025 15:11:22
Run 1
Time	Position	Position	Velocity	Acceleration	Velocity	Acceleration	
T	P	P	V	A	V	A	
s	m	m	m/s	m/s^2	m/s	m/s^2	

0.00	0.255	0.267	0.182	-0.120	-0.009	-0.056	
0.05	0.264	0.267	0.178	-0.156	-0.011	-0.061	
0.10	0.273	0.266	0.169	-0.203	-0.015	-0.055	
0.15	0.281	0.265	0.158	-0.257	-0.017	-0.041	
0.20	0.289	0.264	0.142	-0.305	-0.018	-0.046	
0.25	0.295	0.263	0.126	-0.333	-0.022	-0.047	
0.30	0.301	0.262	0.110	-0.379	-0.024	-0.034	
0.35	0.306	0.261	0.088	-0.434	-0.026	-0.009	
0.40	0.310	0.259	0.072	-0.568	-0.024	0.007	
0.45	0.315	0.258	0.031	-0.673	-0.024	-0.003	
0.50	0.313	0.257	-0.008	-0.564	-0.025	-0.007	
0.55	0.313	0.256	-0.025	-0.458	-0.025	0.009	
0.60	0.311	0.255	-0.049	-0.425	-0.025	0.037	
0.65	0.307	0.253	-0.068	-0.396	-0.022	0.069	
0.70	0.304	0.252	-0.087	-0.401	-0.017	0.089	
0.75	0.299	0.252	-0.109	-0.384	-0.013	0.101	
0.80	0.293	0.251	-0.127	-0.328	-0.006	0.099	
0.85	0.286	0.251	-0.142	-0.260	-0.002	0.088	
0.90	0.279	0.251	-0.154	-0.172	0.001	0.095	
0.95	0.270	0.251	-0.159	-0.083	0.007	0.106	
1.00	0.262	0.252	-0.160	-0.041	0.013	0.103	
1.05	0.255	0.252	-0.162	-0.019	0.017	0.096	
1.10	0.246	0.253	-0.162	0.020	0.022	0.093	
1.15	0.239	0.255	-0.165	0.147	0.027	0.087	
1.20	0.229	0.256	-0.152	0.346	0.030	0.085	
1.25	0.223	0.258	-0.124	0.434	0.036	0.071	
1.30	0.217	0.260	-0.104	0.434	0.038	0.042	
1.35	0.212	0.262	-0.083	0.452	0.039	0.031	
1.40	0.209	0.264	-0.059	0.477	0.042	0.020	
1.45	0.206	0.266	-0.035	0.505	0.042	0.001	
1.50	0.205	0.268	-0.009	0.518	0.042	-0.025	
1.55	0.205	0.270	0.016	0.528	0.040	-0.062	
1.60	0.206	0.272	0.050	0.441	0.035	-0.087	
1.65	0.212	0.274	0.062	0.328	0.030	-0.100	
1.70	0.212	0.275	0.071	0.402	0.025	-0.115	
1.75	0.217	0.276	0.107	0.409	0.019	-0.127	
1.80	0.225	0.277	0.119	0.309	0.012	-0.136	
1.85	0.229	0.277	0.133	0.273	0.006	-0.148	
1.90	0.238	0.277	0.149	0.175	-0.003	-0.152	
1.95	0.245	0.277	0.151	0.081	-0.011	-0.137	
2.00	0.252	0.276	0.156	0.011	-0.016	-0.128	
2.05	0.261	0.275	0.153	-0.073	-0.023	-0.131	
2.10	0.268	0.274	0.147	-0.128	-0.030	-0.126	
2.15	0.275	0.272	0.141	-0.190	-0.035	-0.120	
2.20	0.282	0.271	0.128	-0.253	-0.042	-0.110	
2.25	0.288	0.268	0.112	-0.270	-0.047	-0.083	
2.30	0.293	0.266	0.102	-0.302	-0.050	-0.059	
2.35	0.299	0.263	0.086	-0.398	-0.053	-0.030	
2.40	0.302	0.260	0.060	-0.451	-0.053	0.001	
2.45	0.304	0.258	0.036	-0.416	-0.053	0.022	
2.50	0.305	0.255	0.020	-0.396	-0.051	0.044	
2.55	0.307	0.253	0.000	-0.438	-0.048	0.061	
2.60	0.306	0.250	-0.025	-0.456	-0.045	0.082	
2.65	0.304	0.248	-0.048	-0.431	-0.040	0.105	
2.70	0.301	0.246	-0.069	-0.384	-0.035	0.131	
2.75	0.297	0.244	-0.086	-0.346	-0.028	0.167	
2.80	0.292	0.243	-0.102	-0.332	-0.017	0.184	
2.85	0.287	0.243	-0.119	-0.298	-0.009	0.192	
2.90	0.281	0.242	-0.139	-0.159	0.002	0.203	
2.95	0.271	0.243	-0.136	-0.009	0.012	0.193	
3.00	0.267	0.244	-0.129	-0.049	0.021	0.179	
3.05	0.260	0.245	-0.141	-0.108	0.030	0.163	
3.10	0.252	0.247	-0.145	-0.069	0.038	0.138	
3.15	0.246	0.249	-0.151	0.053	0.044	0.122	
3.20	0.236	0.251	-0.143	0.256	0.050	0.116	
3.25	0.230	0.254	-0.121	0.372	0.056	0.099	
3.30	0.225	0.257	-0.102	0.402	0.060	0.074	
3.35	0.220	0.260	-0.081	0.410	0.064	0.038	
3.40	0.217	0.263	-0.062	0.426	0.064	-0.002	
3.45	0.214	0.267	-0.033	0.364	0.062	-0.024	
3.50	0.214	0.269	-0.023	0.273	0.061	-0.040	
3.55	0.211	0.273	-0.017	0.371	0.059	-0.069	
3.60	0.211	0.275	0.012	0.499	0.055	-0.107	
3.65	0.213	0.278	0.039	0.517	0.048	-0.137	
3.70	0.215	0.280	0.065	0.489	0.040	-0.151	
3.75	0.219	0.282	0.093	0.360	0.034	-0.177	
3.80	0.226	0.284	0.105	0.166	0.023	-0.209	
3.85	0.231	0.285	0.099	0.168	0.011	-0.212	
3.90	0.234	0.285	0.117	0.262	0.001	-0.196	
3.95	0.242	0.285	0.137	0.151	-0.007	-0.193	
4.00	0.249	0.284	0.133	0.003	-0.017	-0.212	
4.05	0.255	0.283	0.131	-0.046	-0.029	-0.224	
4.10	0.262	0.281	0.129	-0.089	-0.041	-0.202	
4.15	0.268	0.279	0.123	-0.126	-0.050	-0.167	
4.20	0.274	0.276	0.116	-0.163	-0.058	-0.134	
4.25	0.280	0.273	0.108	-0.230	-0.063	-0.097	
4.30	0.286	0.270	0.093	-0.296	-0.066	-0.079	
4.35	0.289	0.267	0.076	-0.323	-0.071	-0.073	
4.40	0.293	0.263	0.061	-0.347	-0.075	-0.043	
4.45	0.296	0.259	0.042	-0.386	-0.075	-0.002	
4.50	0.297	0.255	0.020	-0.386	-0.075	0.035	
4.55	0.298	0.251	0.003	-0.368	-0.072	0.079	
4.60	0.298	0.248	-0.015	-0.372	-0.067	0.121	
4.65	0.296	0.245	-0.035	-0.366	-0.060	0.161	
4.70	0.294	0.242	-0.052	-0.346	-0.051	0.198	
4.75	0.291	0.239	-0.071	-0.303	-0.039	0.211	
4.80	0.287	0.238	-0.083	-0.252	-0.030	0.224	
4.85	0.283	0.236	-0.095	-0.222	-0.018	0.248	
4.90	0.277	0.236	-0.105	-0.196	-0.004	0.253	
4.95	0.272	0.236	-0.112	-0.193	0.008	0.251	
5.00	0.267	0.237	-0.128	-0.116	0.021	0.254	
5.05	0.259	0.238	-0.130	0.057	0.034	0.239	
5.10	0.253	0.240	-0.117	0.147	0.045	0.216	
5.15	0.247	0.243	-0.110	0.153	0.056	0.190	
5.20	0.242	0.246	-0.104	0.174	0.065	0.148	
5.25	0.237	0.249	-0.094	0.205	0.070	0.112	
5.30	0.232	0.253	-0.082	0.226	0.075	0.089	
5.35	0.229	0.257	-0.072	0.264	0.080	0.059	
5.40	0.225	0.261	-0.057	0.316	0.082	0.022	
5.45	0.223	0.265	-0.038	0.330	0.082	-0.024	
5.50	0.221	0.269	-0.024	0.334	0.079	-0.062	
5.55	0.220	0.273	-0.006	0.340	0.075	-0.086	
5.60	0.221	0.277	0.012	0.323	0.071	-0.117	
5.65	0.222	0.280	0.026	0.316	0.064	-0.150	
5.70	0.223	0.283	0.043	0.318	0.056	-0.190	
5.75	0.226	0.286	0.059	0.297	0.045	-0.226	
5.80	0.229	0.288	0.073	0.260	0.033	-0.242	
5.85	0.233	0.289	0.091	0.115	0.020	-0.254	
5.90	0.240	0.290	0.084	-0.006	0.007	-0.260	
5.95	0.241	0.290	0.077	0.099	-0.006	-0.264	
6.00	0.246	0.289	0.094	0.197	-0.020	-0.259	
6.05	0.251	0.288	0.110	0.084	-0.032	-0.242	
6.10	0.258	0.286	0.102	-0.039	-0.044	-0.223	
6.15	0.261	0.283	0.099	-0.060	-0.054	-0.206	
6.20	0.268	0.281	0.101	-0.142	-0.064	-0.195	
6.25	0.272	0.277	0.085	-0.221	-0.075	-0.168	
6.30	0.276	0.273	0.073	-0.213	-0.083	-0.110	
6.35	0.279	0.269	0.065	-0.215	-0.085	-0.055	
6.40	0.282	0.264	0.053	-0.244	-0.087	-0.030	
6.45	0.284	0.260	0.039	-0.261	-0.088	-0.009	
6.50	0.286	0.256	0.027	-0.275	-0.088	0.027	
6.55	0.287	0.251	0.012	-0.286	-0.086	0.078	
6.60	0.287	0.247	-0.003	-0.266	-0.081	0.137	
6.65	0.287	0.243	-0.015	-0.245	-0.072	0.189	
6.70	0.286	0.239	-0.027	-0.232	-0.061	0.217	
6.75	0.284	0.237	-0.038	-0.215	-0.050	0.232	
6.80	0.282	0.234	-0.047	-0.219	-0.039	0.263	
6.85	0.279	0.233	-0.059	-0.233	-0.024	0.291	
6.90	0.276	0.232	-0.071	-0.229	-0.008	0.284	
6.95	0.273	0.232	-0.088	-0.123	0.005	0.278	
7.00	0.267	0.232	-0.090	0.087	0.019	0.295	
7.05	0.263	0.234	-0.069	0.107	0.035	0.297	
7.10	0.261	0.236	-0.069	-0.061	0.050	0.271	
7.15	0.256	0.239	-0.081	-0.135	0.063	0.222	
7.20	0.253	0.243	-0.091	-0.047	0.072	0.163	
7.25	0.247	0.246	-0.089	0.131	0.078	0.129	
7.30	0.243	0.250	-0.074	0.242	0.085	0.106	
7.35	0.240	0.255	-0.060	0.246	0.089	0.078	
7.40	0.237	0.259	-0.048	0.218	0.092	0.046	
7.45	0.235	0.264	-0.039	0.220	0.095	-0.008	
7.50	0.233	0.269	-0.029	0.279	0.091	-0.061	
7.55	0.232	0.273	-0.012	0.338	0.088	-0.103	
7.60	0.231	0.278	0.013	0.257	0.082	-0.153	
7.65	0.234	0.282	0.019	0.080	0.072	-0.183	
7.70	0.234	0.285	0.009	0.095	0.063	-0.204	
7.75	0.233	0.288	0.025	0.186	0.053	-0.247	
7.80	0.237	0.290	0.039	0.108	0.038	-0.291	
7.85	0.239	0.292	0.031	0.104	0.022	-0.301	
7.90	0.239	0.292	0.040	0.233	0.007	-0.287	
7.95	0.242	0.293	0.066	0.176	-0.007	-0.273	
8.00	0.247	0.292	0.062	0.052	-0.020	-0.263	
8.05	0.248	0.291	0.057	0.136	-0.032	-0.263	
8.10	0.251	0.289	0.080	0.146	-0.047	-0.255	
8.15	0.257	0.286	0.083	-0.032	-0.059	-0.226	
8.20	0.261	0.283	0.072	-0.139	-0.069	-0.200	
8.25	0.264	0.279	0.063	-0.124	-0.079	-0.167	
8.30	0.266	0.275	0.060	-0.105	-0.086	-0.123	
8.35	0.270	0.270	0.055	-0.140	-0.091	-0.083	
8.40	0.272	0.265	0.046	-0.175	-0.095	-0.035	
8.45	0.274	0.260	0.037	-0.191	-0.094	0.009	
8.50	0.276	0.256	0.026	-0.191	-0.093	0.036	
8.55	0.277	0.251	0.017	-0.171	-0.092	0.082	
8.60	0.277	0.247	0.009	-0.154	-0.086	0.144	
8.65	0.278	0.242	0.002	-0.160	-0.077	0.194	
8.70	0.278	0.239	-0.006	-0.180	-0.066	0.224	
8.75	0.277	0.236	-0.017	-0.181	-0.055	0.255	
8.80	0.276	0.233	-0.026	-0.151	-0.040	0.282	
8.85	0.275	0.232	-0.032	-0.112	-0.026	0.293	
8.90	0.273	0.231	-0.037	-0.083	-0.011	0.307	
8.95	0.271	0.231	-0.039	-0.077	0.006	0.310	
9.00	0.269	0.231	-0.044	-0.084	0.020	0.308	
9.05	0.267	0.233	-0.049	-0.063	0.037	0.296	
9.10	0.264	0.235	-0.050	-0.030	0.051	0.257	
9.15	0.262	0.238	-0.052	0.003	0.062	0.224	
9.20	0.259	0.241	-0.050	0.039	0.073	0.197	
9.25	0.256	0.245	-0.047	0.055	0.082	0.164	
9.30	0.254	0.250	-0.044	0.055	0.090	0.117	
9.35	0.252	0.255	-0.041	0.047	0.094	0.065	
9.40	0.250	0.259	-0.040	0.047	0.096	0.026	
9.45	0.248	0.264	-0.038	0.078	0.097	-0.025	
9.50	0.246	0.269	-0.031	0.107	0.094	-0.076	
9.55	0.245	0.274	-0.030	0.183	0.089	-0.113	
9.60	0.242	0.278	-0.013	0.251	0.082	-0.142	
9.65	0.244	0.282	0.004	0.165	0.075	-0.176	
9.70	0.244	0.285	0.003	0.074	0.065	-0.222	
9.75	0.244	0.288	0.006	0.061	0.052	-0.264	
9.80	0.244	0.291	0.008	0.074	0.038	-0.286	
9.85	0.244	0.292	0.013	0.102	0.023	-0.291	
9.90	0.245	0.293	0.020	0.097	0.009	-0.297	
9.95	0.247	0.293	0.024	0.073	-0.007	-0.301	
10.00	0.248	0.292	0.027	0.051	-0.022	-0.284	
10.05	0.249	0.291	0.030	0.020	-0.035	-0.267	
10.10	0.251	0.289	0.030	-0.007	-0.048	-0.258	
10.15	0.253	0.286	0.022	0.074	-0.062	-0.229	
10.20	0.252	0.282	0.037	0.144	-0.072	-0.182	
10.25	0.257	0.279	0.048	0.018	-0.079	-0.146	
10.30	0.258	0.275	0.036	-0.072	-0.087	-0.112	
10.35	0.259	0.270	0.035	-0.060	-0.091	-0.069	
10.40	0.262	0.265	0.031	-0.047	-0.093	-0.028	
10.45	0.263	0.261	0.030	-0.022	-0.093	0.003	
10.50	0.264	0.256	0.031	-0.039	-0.093	0.042	
10.55	0.266	0.251	0.027	-0.080	-0.091	0.111	
10.60	0.267	0.247	0.022	-0.105	-0.082	0.173	
10.65	0.268	0.243	0.016	-0.123	-0.071	0.196	
10.70	0.269	0.240	0.010	-0.137	-0.062	0.214	
10.75	0.269	0.236	0.002	-0.139	-0.051	0.242	
10.80	0.269	0.234	-0.009	-0.061	-0.038	0.266	
10.85	0.267	0.233	-0.002	-0.011	-0.024	0.290	
10.90	0.269	0.232	-0.001	-0.111	-0.008	0.299	
10.95	0.269	0.232	-0.020	-0.096	0.006	0.298	
11.00	0.266	0.232	-0.015	-0.004	0.022	0.294	
11.05	0.268	0.234	-0.016	0.002	0.036	0.273	
11.10	0.264	0.236	-0.016	0.008	0.048	0.262	
11.15	0.265	0.239	-0.010	-0.076	0.063	0.237	
11.20	0.264	0.243	-0.023	-0.146	0.074	0.181	
11.25	0.263	0.246	-0.035	-0.033	0.081	0.132	
11.30	0.260	0.251	-0.027	0.090	0.086	0.089	
11.35	0.260	0.255	-0.014	0.005	0.090	0.045	
11.40	0.259	0.260	-0.024	-0.138	0.091	0.005	
11.45	0.258	0.264	-0.034	-0.165	0.090	-0.034	
11.50	0.256	0.269	-0.047	-0.049	0.088	-0.080	
11.55	0.252	0.273	-0.043	0.144	0.082	-0.122	
11.60	0.251	0.277	-0.026	0.202	0.075	-0.154	
11.65	0.250	0.281	-0.012	0.059	0.066	-0.181	
11.70	0.251	0.284	-0.022	-0.063	0.057	-0.205	
11.75	0.248	0.286	-0.031	0.038	0.046	-0.234	
11.80	0.247	0.289	-0.019	0.162	0.033	-0.258	
11.85	0.246	0.290	-0.008	0.168	0.020	-0.265	
11.90	0.246	0.291	0.005	0.049	0.007	-0.278	
11.95	0.248	0.291	-0.004	-0.062	-0.008	-0.286	
12.00	0.246	0.290	-0.013	0.038	-0.023	-0.266	
12.05	0.245	0.288	-0.002	0.169	-0.036	-0.229	
12.10	0.245	0.286	0.010	0.195	-0.045	-0.204	
12.15	0.246	0.284	0.025	0.084	-0.055	-0.195	
12.20	0.249	0.280	0.017	-0.022	-0.066	-0.175	
12.25	0.247	0.277	0.016	-0.004	-0.073	-0.140	
12.30	0.251	0.273	0.018	0.004	-0.080	-0.098	
12.35	0.250	0.269	0.012	0.096	-0.084	-0.046	
12.40	0.250	0.264	0.032	0.122	-0.084	-0.003	
12.45	0.254	0.261	0.030	0.040	-0.083	0.021	
12.50	0.253	0.256	0.030	0.028	-0.082	0.054	
12.55	0.257	0.252	0.037	-0.061	-0.078	0.099	
12.60	0.258	0.248	0.027	-0.166	-0.072	0.144	
12.65	0.260	0.245	0.012	-0.119	-0.063	0.181	
12.70	0.259	0.242	0.010	0.019	-0.054	0.210	
12.75	0.260	0.239	0.019	0.073	-0.042	0.235	
12.80	0.261	0.238	0.022	0.026	-0.030	0.247	
12.85	0.262	0.236	0.021	-0.016	-0.018	0.257	
12.90	0.263	0.236	0.018	-0.024	-0.004	0.262	
12.95	0.264	0.236	0.017	0.005	0.009	0.250	
13.00	0.264	0.237	0.023	-0.032	0.021	0.241	
13.05	0.267	0.238	0.014	-0.084	0.033	0.237	
13.10	0.265	0.240	0.010	-0.074	0.045	0.220	
13.15	0.268	0.243	0.013	-0.159	0.056	0.186	
13.20	0.268	0.246	-0.004	-0.241	0.064	0.145	
13.25	0.268	0.249	-0.021	-0.156	0.070	0.109	
13.30	0.265	0.253	-0.025	0.008	0.075	0.075	
13.35	0.264	0.257	-0.010	-0.000	0.078	0.037	
13.40	0.265	0.261	-0.019	-0.122	0.079	-0.002	
13.45	0.262	0.265	-0.033	-0.064	0.078	-0.041	
13.50	0.261	0.269	-0.028	0.046	0.075	-0.082	
13.55	0.260	0.272	-0.024	0.083	0.069	-0.113	
13.60	0.258	0.275	-0.014	0.006	0.063	-0.146	
13.65	0.259	0.279	-0.018	-0.164	0.054	-0.181	
13.70	0.258	0.281	-0.041	-0.150	0.045	-0.201	
13.75	0.254	0.283	-0.044	0.052	0.034	-0.216	
13.80	0.252	0.284	-0.025	0.093	0.023	-0.232	
13.85	0.253	0.286	-0.028	0.024	0.011	-0.244	
13.90	0.249	0.286	-0.032	0.089	-0.003	-0.230	
13.95	0.248	0.285	-0.012	0.047	-0.012	-0.210	
14.00	0.250	0.284	-0.023	-0.041	-0.022	-0.215	
14.05	0.246	0.283	-0.031	0.100	-0.034	-0.213	
14.10	0.245	0.281	-0.012	0.209	-0.045	-0.183	
14.15	0.245	0.278	0.004	0.087	-0.053	-0.135	
14.20	0.247	0.275	-0.003	-0.042	-0.057	-0.101	
14.25	0.244	0.273	-0.013	0.040	-0.063	-0.079	
14.30	0.244	0.269	-0.000	0.149	-0.066	-0.050	
14.35	0.245	0.266	0.009	0.155	-0.067	-0.025	
14.40	0.245	0.262	0.016	0.139	-0.069	0.007	
14.45	0.246	0.259	0.022	0.121	-0.067	0.041	
14.50	0.247	0.256	0.028	0.110	-0.064	0.069	
14.55	0.249	0.252	0.032	0.110	-0.060	0.095	
14.60	0.251	0.250	0.037	0.124	-0.055	0.119	
14.65	0.252	0.247	0.049	0.058	-0.048	0.153	
14.70	0.256	0.245	0.050	-0.114	-0.040	0.192	
14.75	0.258	0.243	0.028	-0.116	-0.028	0.209	
14.80	0.258	0.242	0.031	0.003	-0.018	0.205	
14.85	0.262	0.241	0.034	0.032	-0.008	0.207	
14.90	0.261	0.241	0.036	0.019	0.002	0.218	
14.95	0.265	0.241	0.042	-0.095	0.014	0.220	
15.00	0.267	0.243	0.022	-0.129	0.026	0.195	
15.05	0.266	0.244	0.023	-0.062	0.034	0.153	
15.10	0.269	0.246	0.025	-0.127	0.040	0.131	
15.15	0.270	0.248	0.005	-0.106	0.046	0.132	
15.20	0.268	0.251	0.009	-0.015	0.054	0.115	
15.25	0.271	0.254	0.014	-0.092	0.059	0.074	
15.30	0.271	0.257	-0.000	-0.163	0.061	0.043	
15.35	0.270	0.260	-0.008	-0.151	0.063	0.008	
15.40	0.270	0.263	-0.015	-0.132	0.062	-0.037	
15.45	0.269	0.266	-0.020	-0.126	0.059	-0.068	
15.50	0.268	0.269	-0.027	-0.134	0.055	-0.093	
15.55	0.266	0.272	-0.033	-0.143	0.050	-0.116	
15.60	0.265	0.274	-0.046	-0.058	0.043	-0.130	
15.65	0.260	0.276	-0.039	0.033	0.037	-0.147	
15.70	0.261	0.278	-0.038	0.032	0.029	-0.165	
15.75	0.257	0.279	-0.037	0.040	0.020	-0.172	
15.80	0.257	0.280	-0.030	-0.025	0.012	-0.179	
15.85	0.255	0.280	-0.040	-0.070	0.002	-0.195	
15.90	0.253	0.280	-0.047	0.048	-0.008	-0.199	
15.95	0.249	0.279	-0.035	0.159	-0.019	-0.175	
16.00	0.250	0.278	-0.021	0.108	-0.027	-0.137	
16.05	0.248	0.276	-0.024	0.039	-0.032	-0.110	
16.10	0.247	0.275	-0.020	0.008	-0.037	-0.100	
16.15	0.246	0.273	-0.022	-0.015	-0.042	-0.098	
16.20	0.245	0.270	-0.028	0.093	-0.048	-0.075	
16.25	0.242	0.268	-0.018	0.272	-0.050	-0.039	
16.30	0.242	0.265	0.010	0.246	-0.051	-0.012	
16.35	0.244	0.263	0.018	0.032	-0.051	0.019	
16.40	0.245	0.260	0.003	-0.006	-0.048	0.031	
16.45	0.244	0.258	0.005	0.176	-0.048	0.035	
16.50	0.245	0.255	0.025	0.287	-0.046	0.066	
16.55	0.246	0.253	0.045	0.185	-0.041	0.100	
16.60	0.250	0.251	0.049	-0.037	-0.036	0.124	
16.65	0.252	0.250	0.031	-0.075	-0.029	0.144	
16.70	0.252	0.248	0.035	0.028	-0.021	0.154	
16.75	0.256	0.248	0.039	0.062	-0.013	0.159	
16.80	0.256	0.247	0.037	0.149	-0.004	0.153	
16.85	0.258	0.247	0.059	0.117	0.003	0.139	
16.90	0.263	0.247	0.058	-0.073	0.008	0.142	
16.95	0.265	0.248	0.045	-0.152	0.017	0.147	
17.00	0.267	0.249	0.038	-0.143	0.024	0.130	
17.05	0.269	0.251	0.031	-0.117	0.030	0.111	
17.10	0.270	0.252	0.027	-0.096	0.035	0.091	
17.15	0.271	0.254	0.024	-0.128	0.040	0.062	
17.20	0.273	0.256	0.015	-0.174	0.041	0.046	
17.25	0.273	0.258	0.003	-0.160	0.044	0.035	
17.30	0.273	0.261	-0.002	-0.125	0.045	0.008	
17.35	0.273	0.263	-0.007	-0.132	0.045	-0.022	
17.40	0.272	0.265	-0.015	-0.154	0.043	-0.054	
17.45	0.271	0.267	-0.022	-0.167	0.039	-0.080	
17.50	0.270	0.269	-0.032	-0.147	0.034	-0.085	
17.55	0.268	0.270	-0.043	-0.034	0.031	-0.097	
17.60	0.264	0.272	-0.034	0.041	0.025	-0.120	
17.65	0.265	0.273	-0.028	-0.075	0.018	-0.127	
17.70	0.263	0.274	-0.043	-0.170	0.012	-0.127	
17.75	0.260	0.274	-0.052	-0.131	0.006	-0.135	
17.80	0.258	0.275	-0.060	-0.020	-0.002	-0.141	
17.85	0.254	0.274	-0.056	0.122	-0.009	-0.129	
17.90	0.251	0.274	-0.038	0.093	-0.014	-0.114	
17.95	0.251	0.273	-0.042	-0.018	-0.021	-0.095	
18.00	0.247	0.271	-0.050	0.056	-0.024	-0.073	
18.05	0.245	0.270	-0.039	0.182	-0.027	-0.062	
18.10	0.243	0.269	-0.027	0.220	-0.030	-0.049	
18.15	0.242	0.267	-0.010	0.121	-0.032	-0.035	
18.20	0.244	0.265	-0.015	0.018	-0.034	-0.018	
18.25	0.240	0.264	-0.020	0.119	-0.035	0.006	
18.30	0.241	0.262	-0.004	0.237	-0.033	0.023	
18.35	0.240	0.261	0.009	0.258	-0.032	0.026	
18.40	0.241	0.259	0.029	0.156	-0.031	0.041	
18.45	0.245	0.257	0.025	0.042	-0.028	0.062	
18.50	0.244	0.256	0.022	0.119	-0.025	0.079	
18.55	0.245	0.255	0.042	0.124	-0.020	0.089	
18.60	0.249	0.254	0.038	0.059	-0.015	0.091	
18.65	0.249	0.253	0.042	0.086	-0.011	0.100	
18.70	0.253	0.253	0.054	-0.001	-0.005	0.101	
18.75	0.256	0.253	0.039	-0.026	-0.001	0.101	
18.80	0.256	0.253	0.045	0.044	0.005	0.110	
18.85	0.260	0.253	0.047	0.040	0.012	0.094	
18.90	0.260	0.254	0.049	0.029	0.015	0.065	
18.95	0.265	0.255	0.055	-0.065	0.017	0.059	
19.00	0.267	0.256	0.042	-0.141	0.020	0.064	
19.05	0.269	0.257	0.036	-0.131	0.023	0.064	
19.10	0.270	0.258	0.030	-0.140	0.028	0.045	
19.15	0.272	0.260	0.022	-0.154	0.029	0.003	
19.20	0.273	0.261	0.014	-0.151	0.027	-0.019	
19.25	0.273	0.262	0.006	-0.135	0.026	-0.020	
19.30	0.273	0.263	0.001	-0.124	0.025	-0.025	
19.35	0.273	0.265	-0.004	-0.153	0.024	-0.038	
19.40	0.273	0.266	-0.015	-0.179	0.022	-0.056	
19.45	0.272	0.267	-0.024	-0.157	0.018	-0.073	
19.50	0.270	0.268	-0.031	-0.118	0.013	-0.074	
19.55	0.269	0.268	-0.035	-0.090	0.011	-0.077	
19.60	0.267	0.269	-0.039	-0.078	0.006	-0.093	
19.65	0.265	0.269	-0.044	-0.063	0.001	-0.100	
19.70	0.262	0.269	-0.044	-0.074	-0.004	-0.091	
19.75	0.261	0.268	-0.049	-0.094	-0.009	-0.064	
19.80	0.258	0.268	-0.060	0.006	-0.010	-0.049	
19.85	0.254	0.268	-0.055	0.195	-0.013	-0.045	
19.90	0.251	0.267	-0.030	0.190	-0.015	-0.034	
19.95	0.252	0.266	-0.025	-0.003	-0.016	-0.028	
20.00	0.250	0.265	-0.038	-0.069	-0.018	-0.018	
20.05	0.248	0.264	-0.045	0.098	-0.018	-0.002	
20.10	0.244	0.263	-0.025	0.222	-0.018	0.005	
20.15	0.245	0.262	-0.009	0.102	-0.017	0.007	
20.20	0.244	0.262	-0.016	0.000	-0.018	0.018	
20.25	0.244	0.261	-0.021	0.100	-0.016	0.032	
20.30	0.241	0.260	-0.010	0.280	-0.014	0.039	
20.35	0.242	0.259	0.018	0.273	-0.012	0.050	
20.40	0.244	0.259	0.026	0.092	-0.008	0.051	
20.45	0.245	0.258	0.021	0.010	-0.007	0.043	
20.50	0.246	0.258	0.017	0.109	-0.005	0.046	
20.55	0.246	0.258	0.033	0.211	-0.002	0.048	
20.60	0.250	0.258	0.049	0.127	0.000	0.050	
20.65	0.252	0.258	0.046	0.013	0.003	0.049	
20.70	0.254	0.258	0.045	-0.014	0.005	0.046	
20.75	0.256	0.258	0.044	-0.028	0.007	0.045	
20.80	0.258	0.259	0.044	-0.060	0.010	0.032	
20.85	0.261	0.260	0.039	-0.087	0.011	0.020	
20.90	0.263	0.260	0.028	-0.010	0.011	0.021	
20.95	0.262	0.261	0.037	0.076	0.014	0.007	
21.00	0.266	0.261	0.046	-0.017	0.013	-0.019	
21.05	0.268	0.262	0.036	-0.137	0.011	-0.026	
21.10	0.270	0.262	0.027	-0.166	0.009	-0.014	
21.15	0.271	0.263	0.019	-0.168	0.009	-0.001	
21.20	0.272	0.263	0.011	-0.167	0.010	-0.012	
21.25	0.272	0.264	0.001	-0.152	0.009	-0.040	
21.30	0.272	0.264	-0.006	-0.120	0.005	-0.047	
21.35	0.271	0.264	-0.010	-0.102	0.004	-0.046	
21.40	0.271	0.265	-0.014	-0.118	0.001	-0.048	
21.45	0.270	0.265	-0.021	-0.150	-0.002	-0.027	
21.50	0.269	0.264	-0.030	-0.151	-0.001	-0.016	
21.55	0.267	0.265	-0.037	-0.120	-0.002	-0.037	
21.60	0.265	0.264	-0.047	-0.009	-0.006	-0.042	
21.65	0.261	0.264	-0.038	0.086	-0.008	-0.023	
21.70	0.261	0.263	-0.028	-0.003	-0.008	-0.005	
21.75	0.259	0.263	-0.038	-0.095	-0.007	-0.007	
21.80	0.257	0.263	-0.043	-0.094	-0.008	-0.010	
21.85	0.255	0.262	-0.052	-0.011	-0.010	0.015	
21.90	0.251	0.262	-0.043	0.057	-0.007	0.036	
21.95	0.251	0.262	-0.040	0.035	-0.004	0.021	
22.00	0.247	0.262	-0.045	0.098	-0.005	0.003	
22.05	0.246	0.261	-0.032	0.172	-0.005	0.008	
22.10	0.245	0.261	-0.022	0.162	-0.004	0.024	
22.15	0.244	0.261	-0.015	0.139	-0.002	0.041	
22.20	0.243	0.261	-0.009	0.121	0.001	0.032	
22.25	0.243	0.261	-0.004	0.119	0.001	0.019	
22.30	0.243	0.261	0.002	0.138	0.002	0.024	
22.35	0.243	0.261	0.010	0.160	0.003	0.024	
22.40	0.244	0.261	0.019	0.156	0.005	0.018	
22.45	0.245	0.262	0.026	0.127	0.006	0.005	
22.50	0.246	0.262	0.036	0.036	0.005	0.005	
22.55	0.250	0.262	0.029	-0.026	0.005	0.018	
22.60	0.249	0.262	0.023	0.085	0.007	0.022	
22.65	0.250	0.263	0.043	0.105	0.008	0.013	
22.70	0.255	0.263	0.040	0.011	0.009	-0.011	
22.75	0.254	0.264	0.039	-0.004	0.007	-0.032	
22.80	0.258	0.264	0.038	0.010	0.005	-0.040	
22.85	0.258	0.264	0.039	0.034	0.003	-0.039	
22.90	0.262	0.264	0.046	-0.039	0.000	-0.021	
22.95	0.263	0.264	0.036	-0.118	0.001	-0.004	
23.00	0.265	0.264	0.030	-0.114	0.002	-0.025	
23.05	0.266	0.264	0.024	-0.102	-0.002	-0.049	
23.10	0.268	0.264	0.020	-0.095	-0.006	-0.028	
23.15	0.268	0.264	0.016	-0.107	-0.004	-0.006	
23.20	0.269	0.264	0.010	-0.135	-0.004	-0.011	
23.25	0.270	0.263	0.002	-0.162	-0.006	-0.016	
23.30	0.269	0.263	-0.008	-0.147	-0.006	-0.022	
23.35	0.269	0.263	-0.014	-0.103	-0.008	-0.029	
23.40	0.268	0.262	-0.017	-0.085	-0.010	-0.011	
23.45	0.267	0.262	-0.021	-0.100	-0.009	0.019	
23.50	0.266	0.261	-0.026	-0.127	-0.007	0.027	
23.55	0.265	0.261	-0.038	-0.080	-0.005	0.010	
23.60	0.261	0.261	-0.034	-0.035	-0.007	-0.001	
23.65	0.262	0.260	-0.036	-0.067	-0.007	0.023	
23.70	0.258	0.260	-0.046	-0.003	-0.004	0.035	
23.75	0.256	0.260	-0.039	0.099	-0.002	0.023	
23.80	0.254	0.260	-0.032	0.125	-0.002	0.023	
23.85	0.253	0.260	-0.026	0.126	-0.000	0.027	
23.90	0.251	0.260	-0.016	0.052	0.001	0.024	
23.95	0.252	0.260	-0.021	-0.025	0.002	0.026	
24.00	0.249	0.260	-0.022	-0.031	0.003	0.039	
24.05	0.250	0.260	-0.024	-0.022	0.006	0.046	
24.10	0.247	0.261	-0.029	0.087	0.008	0.036	
24.15	0.246	0.261	-0.014	0.175	0.010	0.021	
24.20	0.246	0.262	-0.005	0.146	0.011	0.002	
24.25	0.246	0.262	-0.000	0.117	0.009	-0.003	
24.30	0.246	0.262	0.005	0.107	0.010	0.009	
24.35	0.246	0.263	0.011	0.095	0.011	0.008	
24.40	0.247	0.264	0.015	0.082	0.011	-0.009	
24.45	0.248	0.264	0.019	0.061	0.010	-0.024	
24.50	0.249	0.265	0.022	0.025	0.008	-0.024	
24.55	0.250	0.265	0.020	0.017	0.008	-0.024	
24.60	0.251	0.265	0.022	0.048	0.006	-0.033	
24.65	0.252	0.265	0.026	0.075	0.004	-0.029	
24.70	0.253	0.266	0.029	0.096	0.004	-0.031	
24.75	0.255	0.266	0.040	0.041	0.001	-0.047	
24.80	0.258	0.266	0.034	-0.030	-0.002	-0.047	
24.85	0.258	0.266	0.031	-0.014	-0.003	-0.049	
24.90	0.261	0.266	0.036	-0.069	-0.007	-0.049	
24.95	0.262	0.265	0.026	-0.148	-0.010	-0.022	
25.00	0.264	0.264	0.018	-0.159	-0.009	-0.002	
25.05	0.264	0.264	0.004	-0.058	-0.008	-0.013	
25.10	0.263	0.264	0.013	0.029	-0.010	-0.034	
25.15	0.266	0.263	0.019	-0.096	-0.013	-0.033	
25.20	0.266	0.262	0.002	-0.187	-0.014	-0.006	
25.25	0.266	0.262	-0.013	-0.063	-0.013	0.019	
25.30	0.263	0.261	-0.004	0.049	-0.011	0.024	
25.35	0.265	0.261	0.007	-0.075	-0.010	0.018	
25.40	0.266	0.260	-0.011	-0.205	-0.010	0.018	
25.45	0.264	0.260	-0.030	-0.075	-0.009	0.018	
25.50	0.261	0.259	-0.019	0.078	-0.008	0.015	
25.55	0.262	0.259	-0.008	-0.008	-0.008	0.022	
25.60	0.261	0.258	-0.019	-0.130	-0.006	0.042	
25.65	0.260	0.258	-0.027	-0.150	-0.003	0.058	
25.70	0.259	0.258	-0.038	-0.074	0.000	0.063	
25.75	0.256	0.258	-0.038	0.074	0.004	0.050	
25.80	0.255	0.258	-0.025	0.115	0.005	0.034	
25.85	0.254	0.259	-0.022	0.075	0.007	0.025	
25.90	0.252	0.259	-0.021	0.076	0.008	0.014	
25.95	0.251	0.260	-0.016	0.102	0.008	0.007	
26.00	0.251	0.260	-0.009	0.104	0.008	0.017	
26.05	0.251	0.260	-0.005	0.090	0.009	0.037	
26.10	0.250	0.261	0.004	0.008	0.012	0.044	
26.15	0.252	0.262	-0.004	-0.057	0.015	0.021	
26.20	0.250	0.263	-0.012	0.045	0.015	-0.011	
26.25	0.250	0.263	-0.000	0.149	0.013	-0.021	
26.30	0.250	0.264	0.014	0.064	0.012	-0.018	
26.35	0.252	0.264	0.008	-0.049	0.012	-0.022	
26.40	0.250	0.265	-0.001	0.009	0.010	-0.031	
26.45	0.251	0.265	0.008	0.087	0.008	-0.040	
26.50	0.251	0.266	0.014	0.066	0.006	-0.046	
26.55	0.253	0.266	0.016	0.023	0.003	-0.040	
26.60	0.253	0.266	0.013	0.034	0.002	-0.030	
26.65	0.254	0.266	0.017	0.084	0.001	-0.043	
26.70	0.255	0.266	0.023	0.100	-0.002	-0.054	
26.75	0.256	0.266	0.033	0.008	-0.005	-0.047	
26.80	0.259	0.266	0.028	-0.160	-0.007	-0.040	
26.85	0.259	0.265	0.006	-0.157	-0.009	-0.028	
26.90	0.258	0.265	0.008	-0.069	-0.010	-0.022	
26.95	0.261	0.264	0.006	-0.065	-0.011	-0.019	
27.00	0.259	0.264	-0.003	0.012	-0.012	-0.011	
27.05	0.259	0.263	0.007	0.071	-0.012	-0.013	
27.10	0.260	0.263	0.015	-0.052	-0.014	-0.004	
27.15	0.262	0.262	0.001	-0.156	-0.013	0.018	
27.20	0.260	0.261	-0.013	-0.048	-0.010	0.015	
27.25	0.259	0.261	-0.004	0.070	-0.011	0.008	
27.30	0.260	0.260	0.001	0.063	-0.010	0.013	
27.35	0.259	0.260	0.008	-0.043	-0.010	0.022	
27.40	0.262	0.259	-0.005	-0.125	-0.008	0.036	
27.45	0.259	0.259	-0.016	-0.029	-0.006	0.048	
27.50	0.258	0.258	-0.002	-0.020	-0.003	0.052	
27.55	0.260	0.258	-0.012	-0.084	0.000	0.034	
27.60	0.257	0.258	-0.021	0.028	0.000	0.017	
27.65	0.257	0.258	-0.011	0.152	0.001	0.022	
27.70	0.256	0.258	0.004	0.102	0.002	0.036	
27.75	0.258	0.259	0.007	-0.089	0.004	0.048	
27.80	0.258	0.259	-0.010	-0.188	0.008	0.045	
27.85	0.257	0.259	-0.024	-0.067	0.009	0.029	
27.90	0.254	0.260	-0.020	0.127	0.010	0.026	
27.95	0.254	0.260	0.001	0.115	0.012	0.026	
28.00	0.256	0.261	-0.004	-0.004	0.013	0.013	
28.05	0.253	0.262	-0.010	0.046	0.013	-0.003	
28.10	0.253	0.262	0.006	0.030	0.012	-0.011	
28.15	0.256	0.263	-0.002	-0.054	0.012	-0.014	
28.20	0.253	0.264	-0.010	0.027	0.011	-0.016	
28.25	0.253	0.264	0.000	0.109	0.011	-0.026	
28.30	0.254	0.265	0.006	0.114	0.008	-0.038	
28.35	0.254	0.265	0.016	0.039	0.006	-0.032	
28.40	0.256	0.265	0.009	-0.037	0.005	-0.023	
28.45	0.255	0.265	0.007	-0.024	0.004	-0.021	
28.50	0.257	0.266	0.006	0.001	0.004	-0.036	
28.55	0.255	0.266	0.008	0.003	0.001	-0.058	
28.60	0.257	0.266	0.013	-0.099	-0.003	-0.059	
28.65	0.258	0.265	-0.006	-0.117	-0.006	-0.035	
28.70	0.256	0.265	-0.008	0.039	-0.006	-0.020	
28.75	0.256	0.265	0.002	0.128	-0.007	-0.031	
28.80	0.256	0.264	0.009	0.113	-0.010	-0.026	
28.85	0.257	0.264	0.018	-0.005	-0.010	-0.007	
28.90	0.259	0.263	0.012	-0.164	-0.010	0.000	
28.95	0.259	0.263	-0.009	-0.125	-0.010	-0.003	
29.00	0.257	0.263	-0.010	0.072	-0.010	-0.006	
29.05	0.257	0.262	0.010	0.072	-0.011	0.012	
29.10	0.259	0.261	0.004	-0.046	-0.009	0.021	
29.15	0.257	0.261	-0.000	-0.073	-0.008	0.015	
29.20	0.259	0.260	-0.005	-0.052	-0.008	0.019	
29.25	0.257	0.260	-0.012	0.066	-0.006	0.017	
29.30	0.257	0.260	0.008	0.068	-0.006	0.018	
29.35	0.259	0.259	0.007	-0.119	-0.005	0.028	
29.40	0.258	0.259	-0.014	-0.149	-0.003	0.039	
29.45	0.256	0.259	-0.018	-0.001	-0.001	0.049	
29.50	0.256	0.259	-0.009	0.084	0.002	0.049	
29.55	0.256	0.259	-0.004	0.071	0.005	0.028	
29.60	0.256	0.260	-0.002	0.040	0.005	0.006	
29.65	0.256	0.260	-0.001	0.019	0.004	0.015	
29.70	0.256	0.260	-0.002	0.036	0.006	0.026	
29.75	0.255	0.261	0.001	0.079	0.008	0.018	
29.80	0.256	0.261	0.006	0.107	0.008	0.013	
29.85	0.256	0.261	0.016	0.056	0.009	0.014	
29.90	0.258	0.262	0.016	-0.073	0.010	0.006	
29.95	0.258	0.262	0.005	-0.130	0.009	-0.004	
30.00	0.258	0.263	-0.001	-0.091	0.009	-0.016	
30.05	0.258	0.263	-0.008	0.013	0.008	-0.030	
30.10	0.256	0.263	0.003	0.064	0.005	-0.022	
30.15	0.258	0.264	0.009	-0.063	0.005	-0.007	
30.20	0.258	0.264	-0.010	-0.088	0.006	-0.012	
30.25	0.256	0.264	-0.010	0.054	0.004	-0.018	
30.30	0.256	0.264	0.006	0.028	0.003	-0.022	
30.35	0.258	0.265	-0.002	-0.077	0.002	-0.032	
30.40	0.256	0.265	-0.012	-0.017	0.000	-0.037	
30.45	0.256	0.265	-0.005	0.076	-0.002	-0.024	
30.50	0.256	0.264	0.001	0.087	-0.003	-0.008	
30.55	0.256	0.264	0.004	0.056	-0.002	-0.016	
30.60	0.256	0.264	0.010	-0.047	-0.004	-0.031	
30.65	0.258	0.264	-0.001	-0.118	-0.006	-0.024	
30.70	0.256	0.264	-0.013	0.006	-0.007	-0.000	
30.75	0.256	0.263	-0.002	0.146	-0.005	0.010	
30.80	0.256	0.263	0.013	0.102	-0.004	-0.010	
30.85	0.258	0.263	0.014	-0.045	-0.007	-0.017	
30.90	0.258	0.262	0.002	-0.097	-0.008	0.004	
30.95	0.257	0.262	-0.001	-0.049	-0.006	0.020	
31.00	0.257	0.262	-0.000	-0.026	-0.004	0.019	
31.05	0.258	0.262	-0.002	-0.038	-0.004	0.007	
31.10	0.257	0.261	-0.004	-0.051	-0.005	0.014	
31.15	0.257	0.261	-0.006	-0.063	-0.003	0.021	
31.20	0.257	0.261	-0.015	0.003	-0.002	0.017	
31.25	0.255	0.261	-0.011	0.148	-0.001	0.020	
31.30	0.255	0.261	0.004	0.207	-0.001	0.029	
31.35	0.256	0.261	0.018	0.111	0.002	0.027	
31.40	0.258	0.261	0.018	-0.039	0.003	0.011	
31.45	0.258	0.261	0.008	-0.087	0.002	0.009	
31.50	0.258	0.261	0.006	-0.067	0.003	0.012	
31.55	0.258	0.261	0.002	-0.049	0.004	0.013	
31.60	0.258	0.262	0.001	-0.034	0.005	-0.000	
31.65	0.259	0.262	-0.001	-0.033	0.004	-0.014	
31.70	0.258	0.262	-0.002	-0.037	0.003	-0.012	
31.75	0.258	0.262	-0.002	-0.062	0.002	-0.003	
31.80	0.259	0.262	-0.014	0.005	0.003	0.012	
31.85	0.256	0.263	-0.005	0.114	0.004	0.012	
31.90	0.258	0.263	0.008	0.050	0.005	-0.002	
31.95	0.258	0.263	0.001	-0.029	0.004	-0.012	
32.00	0.258	0.263	-0.000	-0.022	0.003	-0.016	
32.05	0.258	0.263	-0.001	-0.017	0.002	-0.016	
32.10	0.258	0.263	-0.001	-0.034	0.001	-0.010	
32.15	0.258	0.263	-0.003	-0.068	0.002	-0.017	
32.20	0.257	0.264	-0.007	-0.105	-0.000	-0.028	
32.25	0.258	0.263	-0.017	-0.070	-0.003	-0.013	
32.30	0.255	0.263	-0.019	0.061	-0.001	-0.003	
32.35	0.255	0.263	-0.008	0.147	-0.002	-0.017	
32.40	0.255	0.263	-0.001	0.167	-0.004	-0.010	
32.45	0.255	0.263	0.008	0.163	-0.003	0.003	
32.50	0.255	0.263	0.020	0.071	-0.003	0.004	
32.55	0.257	0.262	0.019	-0.095	-0.003	0.008	
32.60	0.258	0.263	0.006	-0.188	-0.002	-0.002	
32.65	0.258	0.262	-0.004	-0.180	-0.003	-0.008	
32.70	0.258	0.262	-0.016	-0.082	-0.004	0.008	
32.75	0.256	0.262	-0.015	0.074	-0.002	0.020	
32.80	0.256	0.262	-0.004	0.145	-0.001	0.015	
32.85	0.256	0.262	0.003	0.139	-0.000	0.006	
32.90	0.256	0.262	0.009	0.126	-0.001	0.009	
32.95	0.256	0.262	0.019	0.047	0.000	0.014	
33.00	0.258	0.262	0.017	-0.084	0.002	0.001	
33.05	0.258	0.262	0.005	-0.122	0.000	-0.010	
33.10	0.258	0.262	0.002	-0.101	-0.001	0.002	
33.15	0.258	0.262	-0.003	-0.103	0.000	0.015	
33.20	0.258	0.262	-0.007	-0.112	0.002	0.007	
33.25	0.258	0.262	-0.018	-0.053	0.002	-0.008	
33.30	0.256	0.262	-0.017	0.079	0.000	-0.008	
33.35	0.256	0.262	-0.005	0.122	0.000	0.002	
33.40	0.256	0.262	-0.001	0.088	0.001	0.015	
33.45	0.255	0.262	0.007	-0.010	0.002	0.018	
33.50	0.258	0.262	-0.002	-0.101	0.004	-0.001	
33.55	0.255	0.263	-0.012	-0.029	0.002	-0.024	
33.60	0.255	0.263	-0.005	0.049	-0.001	-0.015	
33.65	0.255	0.262	-0.002	0.051	0.000	0.006	
33.70	0.255	0.263	0.000	0.039	0.002	-0.003	
33.75	0.255	0.263	0.002	0.020	0.000	-0.018	
33.80	0.255	0.263	0.002	-0.002	-0.001	-0.017	
33.85	0.255	0.263	0.001	-0.019	-0.002	-0.010	
33.90	0.256	0.263	-0.001	-0.014	-0.002	-0.004	
33.95	0.255	0.262	-0.001	0.005	-0.002	0.006	
34.00	0.255	0.262	0.001	0.011	-0.001	0.009	
34.05	0.255	0.262	0.001	0.011	-0.001	0.006	
34.10	0.255	0.262	0.002	0.015	-0.000	0.004	
34.15	0.256	0.262	0.002	0.018	-0.000	-0.004	
34.20	0.256	0.262	0.003	0.026	-0.001	-0.002	
34.25	0.256	0.262	0.005	0.023	-0.001	0.009	
34.30	0.256	0.262	0.005	0.015	-0.000	0.014	
34.35	0.256	0.262	0.011	-0.059	0.001	0.007	
34.40	0.258	0.262	-0.001	-0.122	0.001	0.000	
34.45	0.256	0.262	-0.010	-0.035	0.001	-0.007	
34.50	0.256	0.262	-0.003	0.036	-0.000	-0.011	
34.55	0.256	0.262	-0.002	0.024	-0.001	0.001	
34.60	0.256	0.262	-0.001	0.006	-0.000	0.021	
34.65	0.256	0.262	-0.002	-0.010	0.002	0.022	
34.70	0.256	0.262	-0.003	-0.005	0.003	0.005	
34.75	0.256	0.262	-0.002	0.003	0.002	-0.005	
34.80	0.256	0.263	-0.002	0.010	0.002	-0.007	
34.85	0.255	0.263	-0.001	0.010	0.002	-0.008	
34.90	0.256	0.263	-0.001	-0.001	0.001	-0.011	
34.95	0.255	0.263	-0.002	0.004	-0.000	-0.005	
35.00	0.255	0.263	-0.001	0.013	0.001	-0.003	
35.05	0.255	0.263	0.000	0.013	0.000	-0.017	
35.10	0.255	0.263	0.001	0.011	-0.002	-0.013	
35.15	0.255	0.263	0.002	-0.001	-0.002	0.002	
35.20	0.256	0.263	0.000	-0.011	-0.001	0.002	
35.25	0.255	0.263	-0.000	-0.002	-0.001	-0.002	
35.30	0.255	0.262	0.001	0.003	-0.001	-0.006	
35.35	0.256	0.263	0.000	0.004	-0.002	-0.008	
35.40	0.255	0.262	0.000	0.021	-0.003	0.010	
35.45	0.255	0.262	0.003	0.026	-0.000	0.018	
35.50	0.256	0.262	0.004	0.006	-0.000	0.009	
35.55	0.256	0.262	0.003	-0.016	-0.000	0.014	
35.60	0.256	0.262	0.002	-0.027	0.002	0.008	
35.65	0.256	0.262	0.000	-0.026	0.001	-0.008	
35.70	0.256	0.262	-0.001	-0.018	0.000	-0.012	
35.75	0.256	0.262	-0.002	-0.008	-0.001	-0.004	
35.80	0.256	0.262	-0.002	-0.001	0.000	-0.002	
35.85	0.256	0.263	-0.002	0.011	-0.000	-0.007	
35.90	0.256	0.262	-0.000	0.015	-0.001	0.008	
35.95	0.256	0.262	0.000	0.001	0.001	0.017	
36.00	0.256	0.262	-0.001	-0.005	0.001	0.007	
36.05	0.256	0.262	-0.001	0.001	0.001	-0.001	
36.10	0.256	0.263	0.000	-0.006	0.001	0.001	
36.15	0.256	0.262	-0.001	-0.013	0.001	0.012	
36.20	0.255	0.263	-0.002	0.000	0.003	0.009	
36.25	0.255	0.263	-0.002	0.015	0.003	-0.013	
36.30	0.255	0.263	-0.000	0.017	0.001	-0.030	
36.35	0.255	0.263	0.001	0.006	-0.001	-0.028	
36.40	0.255	0.263	0.000	-0.002	-0.003	-0.002	
36.45	0.255	0.262	0.000	-0.002	-0.001	0.013	
36.50	0.255	0.263	0.000	0.003	-0.000	-0.001	
36.55	0.255	0.263	0.000	0.010	-0.002	-0.003	
36.60	0.255	0.262	0.001	0.016	-0.001	0.009	
36.65	0.255	0.262	0.003	0.005	0.000	0.005	
36.70	0.256	0.263	0.002	-0.005	-0.001	-0.001	
36.75	0.256	0.262	-0.000	0.032	-0.000	-0.000	
36.80	0.256	0.263	0.004	0.072	-0.000	-0.006	
36.85	0.256	0.262	0.008	0.068	-0.001	-0.005	
36.90	0.256	0.262	0.016	-0.023	-0.001	-0.003	
36.95	0.258	0.262	0.011	-0.187	-0.002	0.005	
37.00	0.258	0.262	-0.012	-0.178	-0.000	0.015	
37.05	0.256	0.262	-0.016	-0.004	0.001	0.007	
37.10	0.256	0.262	-0.006	0.078	-0.000	0.006	
37.15	0.256	0.262	-0.003	0.069	0.001	0.007	
37.20	0.256	0.262	0.000	0.038	0.001	-0.002	
37.25	0.256	0.262	0.001	0.007	0.000	-0.004	
37.30	0.256	0.262	-0.001	0.016	0.000	-0.001	
37.35	0.256	0.262	0.001	0.052	0.001	-0.004	
37.40	0.256	0.263	0.004	0.085	0.000	-0.008	
37.45	0.256	0.262	0.014	0.033	-0.001	0.003	
37.50	0.258	0.262	0.013	-0.111	0.000	0.013	
37.55	0.258	0.262	-0.000	-0.194	0.001	0.009	
37.60	0.258	0.263	-0.014	-0.136	0.002	-0.008	
37.65	0.256	0.263	-0.019	0.016	-0.000	-0.013	
37.70	0.255	0.262	-0.009	0.109	-0.000	-0.003	
37.75	0.255	0.263	-0.002	0.094	-0.000	0.001	
37.80	0.255	0.262	0.001	0.054	-0.000	0.009	
37.85	0.255	0.262	0.002	0.028	0.002	0.000	
37.90	0.255	0.263	0.003	0.026	0.000	-0.016	
37.95	0.256	0.262	0.004	0.030	-0.001	-0.014	
38.00	0.256	0.263	0.006	0.032	-0.002	-0.006	
38.05	0.256	0.262	0.012	-0.044	-0.002	0.000	
38.10	0.258	0.262	0.002	-0.122	-0.001	-0.000	
38.15	0.256	0.262	-0.009	-0.050	-0.002	0.007	
38.20	0.256	0.262	-0.003	0.021	-0.001	0.021	
38.25	0.256	0.262	-0.003	0.024	0.002	0.010	
38.30	0.256	0.262	-0.000	0.019	0.001	-0.012	
38.35	0.256	0.262	0.000	-0.002	-0.001	-0.006	
38.40	0.256	0.262	-0.002	-0.001	-0.000	0.010	
38.45	0.256	0.262	-0.001	0.012	0.001	0.008	
38.50	0.256	0.262	0.001	0.000	0.001	0.003	
38.55	0.256	0.262	-0.000	-0.018	0.001	-0.003	
38.60	0.256	0.262	-0.003	-0.005	0.001	-0.013	
38.65	0.256	0.262	-0.001	0.010	-0.001	-0.002	
38.70	0.256	0.262	-0.000	0.004	0.000	0.016	
38.75	0.256	0.262	-0.000	-0.006	0.002	0.009	
38.80	0.256	0.262	-0.001	-0.009	0.001	0.001	
38.85	0.255	0.262	-0.002	-0.005	0.001	-0.002	
38.90	0.256	0.263	-0.002	-0.001	0.001	-0.009	
38.95	0.255	0.263	-0.002	0.005	0.000	-0.011	
39.00	0.255	0.263	-0.001	0.015	-0.001	-0.001	
39.05	0.255	0.262	-0.001	0.029	0.001	-0.000	
39.10	0.255	0.263	0.002	0.027	-0.000	-0.008	
39.15	0.255	0.262	0.003	0.008	-0.001	-0.002	
39.20	0.256	0.263	0.003	-0.009	-0.000	0.004	
39.25	0.256	0.262	0.002	-0.019	-0.000	0.009	
39.30	0.256	0.262	0.000	-0.016	0.001	-0.002	
39.35	0.256	0.263	0.000	-0.010	-0.000	-0.022	
39.40	0.256	0.262	-0.000	-0.004	-0.002	-0.016	
39.45	0.256	0.262	-0.001	0.009	-0.002	-0.003	
39.50	0.256	0.262	0.000	0.034	-0.002	0.011	
39.55	0.256	0.262	0.002	0.054	-0.001	0.016	
39.60	0.256	0.262	0.005	0.066	-0.000	0.008	
39.65	0.256	0.262	0.014	-0.009	0.000	0.002	
39.70	0.258	0.262	0.005	-0.098	-0.000	-0.003	
39.75	0.256	0.262	-0.000	-0.108	-0.000	-0.005	
39.80	0.258	0.262	-0.005	-0.106	-0.001	0.003	
39.85	0.256	0.262	-0.015	-0.017	-0.001	0.016	
39.90	0.256	0.262	-0.007	0.073	0.002	0.011	
39.95	0.255	0.262	-0.002	0.062	0.001	-0.005	
40.00	0.256	0.262	-0.001	0.036	-0.000	0.001	
40.05	0.255	0.262	0.001	0.010	0.001	0.014	
40.10	0.256	0.262	0.000	-0.009	0.003	0.001	
40.15	0.255	0.263	-0.002	0.006	0.001	-0.018	
40.20	0.255	0.262	0.000	0.030	-0.001	-0.006	
40.25	0.255	0.262	0.003	0.014	0.001	0.007	
40.30	0.256	0.263	0.003	-0.019	0.001	-0.001	
40.35	0.256	0.262	0.000	-0.032	0.000	-0.007	
40.40	0.256	0.263	-0.002	-0.016	0.000	-0.007	
40.45	0.255	0.262	-0.002	0.014	-0.000	-0.004	
40.50	0.255	0.263	0.000	0.022	-0.001	0.004	
40.55	0.256	0.262	0.001	0.011	0.000	0.008	
40.60	0.256	0.263	0.001	0.009	0.001	-0.009	
40.65	0.256	0.263	0.002	0.011	-0.001	-0.021	
40.70	0.256	0.262	0.003	0.003	-0.002	-0.006	
40.75	0.256	0.262	0.002	-0.007	-0.002	0.011	
40.80	0.256	0.262	0.000	0.012	-0.000	0.013	
40.85	0.256	0.262	0.003	0.037	0.000	0.006	
40.90	0.256	0.262	0.006	0.022	0.001	-0.007	
40.95	0.256	0.262	0.010	-0.070	-0.001	-0.012	
41.00	0.258	0.262	-0.002	-0.131	-0.001	-0.001	
41.05	0.256	0.262	-0.012	-0.039	-0.001	0.011	
41.10	0.256	0.262	-0.005	0.045	0.000	0.017	
41.15	0.256	0.262	-0.003	0.045	0.001	0.009	
41.20	0.256	0.262	-0.001	0.033	0.001	-0.003	
41.25	0.256	0.262	0.001	0.010	0.000	-0.006	
41.30	0.256	0.262	0.001	-0.017	-0.000	0.004	
41.35	0.256	0.262	-0.002	-0.026	0.002	0.003	
41.40	0.256	0.262	-0.004	-0.003	0.000	-0.006	
41.45	0.255	0.262	-0.003	0.035	-0.000	0.002	
41.50	0.255	0.262	0.002	0.041	0.001	-0.004	
41.55	0.256	0.263	0.003	0.018	-0.000	-0.015	
41.60	0.256	0.262	0.002	0.021	-0.002	-0.000	
41.65	0.256	0.262	0.002	0.061	-0.000	0.016	
41.70	0.255	0.262	0.013	0.020	0.001	0.012	
41.75	0.258	0.262	0.006	-0.052	0.001	0.000	
41.80	0.256	0.262	0.002	-0.030	0.001	-0.010	
41.85	0.258	0.263	0.002	0.017	-0.000	-0.006	
41.90	0.256	0.262	0.005	0.049	0.000	0.001	
41.95	0.258	0.263	0.013	-0.030	0.001	-0.017	
42.00	0.258	0.263	0.003	-0.129	-0.002	-0.029	
42.05	0.258	0.262	-0.004	-0.152	-0.004	-0.008	
42.10	0.258	0.262	-0.017	-0.087	-0.003	0.025	
42.15	0.256	0.262	-0.018	0.073	0.001	0.025	
42.20	0.256	0.262	-0.005	0.154	0.001	-0.002	
42.25	0.256	0.262	0.002	0.140	-0.001	-0.001	
42.30	0.256	0.262	0.008	0.125	0.000	0.005	
42.35	0.256	0.262	0.018	0.047	0.000	-0.000	
42.40	0.258	0.262	0.017	-0.103	0.000	-0.001	
42.45	0.258	0.262	0.004	-0.179	0.000	-0.001	
42.50	0.258	0.262	-0.004	-0.178	0.000	-0.002	
42.55	0.258	0.262	-0.018	-0.090	-0.000	-0.003	
42.60	0.256	0.262	-0.017	0.068	-0.000	-0.002	
42.65	0.256	0.262	-0.005	0.107	-0.001	0.006	
42.70	0.256	0.262	-0.002	0.058	0.000	0.013	
42.75	0.256	0.262	-0.001	0.026	0.002	0.002	
42.80	0.256	0.262	-0.000	0.004	0.000	-0.009	
42.85	0.256	0.262	-0.000	-0.021	-0.000	0.001	
42.90	0.256	0.262	-0.003	-0.030	0.001	0.005	
42.95	0.255	0.262	-0.005	-0.005	0.001	-0.004	
43.00	0.255	0.262	-0.004	0.023	-0.000	-0.002	
43.05	0.255	0.262	-0.002	0.034	0.001	0.001	
43.10	0.255	0.262	0.000	0.033	0.000	-0.003	
43.15	0.255	0.262	0.002	0.016	0.000	-0.001	
43.20	0.255	0.262	0.002	-0.010	0.000	0.001	
43.25	0.255	0.262	0.000	-0.018	0.000	0.002	
43.30	0.255	0.262	-0.001	-0.004	0.001	-0.004	
43.35	0.255	0.262	0.000	0.014	-0.001	-0.004	
43.40	0.255	0.262	0.001	0.020	0.000	0.000	
43.45	0.255	0.262	0.002	0.029	0.000	-0.009	
43.50	0.256	0.262	0.004	0.043	-0.001	-0.012	
43.55	0.256	0.262	0.004	0.075	-0.002	0.004	
43.60	0.255	0.262	0.014	0.043	-0.000	0.013	
43.65	0.258	0.262	0.015	-0.093	0.000	0.003	
43.70	0.258	0.262	0.002	-0.164	-0.001	-0.002	
43.75	0.258	0.262	-0.010	-0.081	-0.000	0.003	
43.80	0.256	0.262	-0.005	-0.014	-0.000	0.004	
43.85	0.258	0.262	-0.005	-0.044	0.000	0.006	
43.90	0.256	0.262	-0.014	-0.001	0.000	0.007	
43.95	0.256	0.262	-0.008	0.086	0.001	0.003	
44.00	0.255	0.262	-0.002	0.128	0.001	-0.006	
44.05	0.255	0.262	0.006	0.137	-0.000	-0.002	
44.10	0.255	0.262	0.016	0.054	0.001	0.003	
44.15	0.257	0.262	0.014	-0.087	0.000	0.002	
44.20	0.257	0.262	0.003	-0.145	0.001	0.000	
44.25	0.257	0.263	-0.003	-0.132	0.000	-0.003	
44.30	0.257	0.262	-0.014	-0.052	0.000	0.000	
44.35	0.255	0.263	-0.012	0.091	0.001	-0.010	
44.40	0.255	0.263	0.005	0.065	-0.001	-0.009	
44.45	0.257	0.262	-0.002	-0.029	-0.000	0.003	
44.50	0.255	0.263	-0.008	0.039	0.000	-0.003	
44.55	0.255	0.262	0.002	0.111	-0.001	0.001	
44.60	0.255	0.262	0.012	0.033	0.000	0.002	
44.65	0.258	0.263	0.006	-0.070	0.000	-0.013	
44.70	0.256	0.262	0.000	-0.090	-0.002	-0.005	
44.75	0.258	0.262	-0.004	-0.079	-0.001	0.008	
44.80	0.255	0.262	-0.011	0.005	0.000	-0.004	
44.85	0.256	0.262	-0.002	0.061	-0.002	-0.009	
44.90	0.256	0.262	-0.000	0.030	-0.001	-0.012	
44.95	0.256	0.262	0.000	0.002	-0.002	-0.027	
45.00	0.256	0.262	-0.002	-0.023	-0.004	-0.038	
