Vernier Format 2
run16.txt 10/10/2025 15:12:22
Run 1
Time	Position	Position	Velocity	Acceleration	Velocity	Acceleration	
T	P	P	V	A	V	A	
s	m	m	m/s	m/s^2	m/s	m/s^2	

0.00	0.249	0.257	-0.159	0.109	-0.082	0.105	
0.05	0.241	0.252	-0.155	0.155	-0.077	0.117	
0.10	0.233	0.249	-0.147	0.220	-0.071	0.139	
0.15	0.226	0.245	-0.134	0.293	-0.064	0.176	
0.20	0.220	0.242	-0.116	0.345	-0.053	0.216	
0.25	0.215	0.240	-0.098	0.375	-0.043	0.261	
0.30	0.210	0.238	-0.079	0.404	-0.028	0.307	
0.35	0.207	0.237	-0.061	0.486	-0.010	0.317	
0.40	0.203	0.237	-0.028	0.541	0.005	0.300	
0.45	0.204	0.237	-0.002	0.516	0.020	0.280	
0.50	0.203	0.239	0.017	0.578	0.033	0.258	
0.55	0.205	0.241	0.054	0.651	0.045	0.251	
0.60	0.209	0.243	0.092	0.561	0.059	0.237	
0.65	0.215	0.247	0.115	0.377	0.070	0.191	
0.70	0.221	0.250	0.125	0.255	0.078	0.141	
0.75	0.227	0.255	0.137	0.197	0.085	0.079	
0.80	0.235	0.259	0.146	0.127	0.086	0.009	
0.85	0.242	0.263	0.149	0.068	0.084	-0.041	
0.90	0.250	0.268	0.152	0.021	0.082	-0.091	
0.95	0.257	0.272	0.153	-0.043	0.076	-0.145	
1.00	0.265	0.275	0.149	-0.129	0.067	-0.182	
1.05	0.273	0.278	0.140	-0.225	0.057	-0.202	
1.10	0.279	0.281	0.126	-0.312	0.047	-0.222	
1.15	0.285	0.283	0.108	-0.379	0.034	-0.237	
1.20	0.290	0.284	0.087	-0.420	0.022	-0.236	
1.25	0.294	0.285	0.064	-0.425	0.011	-0.231	
1.30	0.297	0.285	0.043	-0.407	-0.001	-0.224	
1.35	0.298	0.285	0.024	-0.391	-0.011	-0.239	
1.40	0.299	0.285	0.004	-0.377	-0.024	-0.258	
1.45	0.299	0.283	-0.013	-0.378	-0.038	-0.244	
1.50	0.298	0.281	-0.033	-0.387	-0.050	-0.203	
1.55	0.295	0.278	-0.053	-0.377	-0.058	-0.161	
1.60	0.292	0.275	-0.071	-0.350	-0.066	-0.123	
1.65	0.288	0.271	-0.089	-0.305	-0.071	-0.083	
1.70	0.283	0.268	-0.101	-0.268	-0.073	-0.056	
1.75	0.278	0.264	-0.115	-0.226	-0.077	-0.020	
1.80	0.272	0.260	-0.126	-0.142	-0.076	0.031	
1.85	0.265	0.256	-0.129	-0.062	-0.073	0.074	
1.90	0.259	0.252	-0.131	-0.005	-0.068	0.112	
1.95	0.252	0.249	-0.130	0.059	-0.062	0.153	
2.00	0.246	0.246	-0.125	0.117	-0.053	0.200	
2.05	0.239	0.244	-0.118	0.166	-0.042	0.237	
2.10	0.234	0.242	-0.108	0.211	-0.030	0.266	
2.15	0.229	0.241	-0.096	0.247	-0.015	0.287	
2.20	0.224	0.240	-0.088	0.346	0.001	0.281	
2.25	0.219	0.241	-0.061	0.421	0.014	0.258	
2.30	0.218	0.242	-0.035	0.315	0.025	0.245	
2.35	0.217	0.243	-0.033	0.281	0.039	0.234	
2.40	0.214	0.246	-0.017	0.419	0.050	0.202	
2.45	0.214	0.248	0.014	0.471	0.059	0.166	
2.50	0.216	0.252	0.036	0.428	0.067	0.121	
2.55	0.218	0.255	0.055	0.401	0.072	0.065	
2.60	0.221	0.259	0.075	0.380	0.072	0.028	
2.65	0.225	0.262	0.097	0.287	0.073	0.013	
2.70	0.232	0.266	0.107	0.122	0.075	-0.020	
2.75	0.237	0.270	0.104	0.046	0.072	-0.072	
2.80	0.242	0.274	0.107	0.060	0.066	-0.108	
2.85	0.247	0.277	0.111	0.059	0.062	-0.144	
2.90	0.253	0.280	0.116	0.015	0.053	-0.192	
2.95	0.259	0.282	0.114	-0.061	0.041	-0.213	
3.00	0.264	0.284	0.108	-0.108	0.031	-0.216	
3.05	0.270	0.285	0.103	-0.144	0.020	-0.228	
3.10	0.275	0.286	0.094	-0.189	0.008	-0.244	
3.15	0.279	0.286	0.084	-0.240	-0.004	-0.257	
3.20	0.283	0.286	0.070	-0.295	-0.019	-0.246	
3.25	0.286	0.284	0.053	-0.323	-0.030	-0.217	
3.30	0.289	0.282	0.037	-0.323	-0.039	-0.205	
3.35	0.290	0.280	0.021	-0.316	-0.051	-0.186	
3.40	0.291	0.277	0.006	-0.318	-0.059	-0.155	
3.45	0.291	0.274	-0.011	-0.319	-0.066	-0.126	
3.50	0.290	0.270	-0.026	-0.317	-0.072	-0.083	
3.55	0.288	0.267	-0.043	-0.312	-0.074	-0.047	
3.60	0.285	0.263	-0.058	-0.289	-0.076	-0.016	
3.65	0.282	0.259	-0.073	-0.241	-0.076	0.024	
3.70	0.278	0.255	-0.083	-0.188	-0.074	0.067	
3.75	0.274	0.252	-0.090	-0.166	-0.069	0.104	
3.80	0.269	0.249	-0.099	-0.139	-0.064	0.139	
3.85	0.264	0.245	-0.106	-0.075	-0.056	0.180	
3.90	0.258	0.243	-0.107	-0.008	-0.045	0.208	
3.95	0.253	0.241	-0.105	0.033	-0.035	0.231	
4.00	0.248	0.239	-0.102	0.051	-0.022	0.248	
4.05	0.243	0.239	-0.099	0.061	-0.010	0.259	
4.10	0.238	0.238	-0.101	0.155	0.004	0.276	
4.15	0.232	0.239	-0.083	0.245	0.020	0.259	
4.20	0.230	0.240	-0.071	0.244	0.031	0.214	
4.25	0.225	0.242	-0.064	0.319	0.040	0.190	
4.30	0.223	0.244	-0.039	0.379	0.049	0.190	
4.35	0.221	0.247	-0.021	0.351	0.059	0.187	
4.40	0.221	0.250	-0.005	0.339	0.069	0.148	
4.45	0.221	0.254	0.012	0.349	0.075	0.084	
4.50	0.222	0.258	0.029	0.370	0.076	0.040	
4.55	0.224	0.262	0.048	0.395	0.078	0.007	
4.60	0.226	0.266	0.073	0.336	0.078	-0.044	
4.65	0.232	0.270	0.087	0.179	0.074	-0.101	
4.70	0.236	0.273	0.087	0.083	0.067	-0.137	
4.75	0.240	0.276	0.091	0.073	0.060	-0.157	
4.80	0.245	0.279	0.096	0.053	0.052	-0.180	
4.85	0.250	0.282	0.097	0.014	0.042	-0.198	
4.90	0.254	0.283	0.097	-0.028	0.031	-0.207	
4.95	0.259	0.285	0.094	-0.069	0.022	-0.230	
5.00	0.264	0.286	0.090	-0.109	0.008	-0.252	
5.05	0.269	0.286	0.084	-0.154	-0.005	-0.243	
5.10	0.272	0.285	0.073	-0.178	-0.016	-0.228	
5.15	0.276	0.284	0.065	-0.189	-0.027	-0.218	
5.20	0.279	0.282	0.056	-0.217	-0.038	-0.198	
5.25	0.281	0.280	0.044	-0.259	-0.047	-0.175	
5.30	0.283	0.278	0.029	-0.281	-0.055	-0.161	
5.35	0.284	0.275	0.015	-0.276	-0.063	-0.147	
5.40	0.285	0.271	0.002	-0.283	-0.071	-0.116	
5.45	0.285	0.268	-0.013	-0.296	-0.076	-0.067	
5.50	0.283	0.264	-0.028	-0.298	-0.078	-0.014	
5.55	0.282	0.260	-0.044	-0.281	-0.077	0.031	
5.60	0.279	0.256	-0.058	-0.229	-0.074	0.071	
5.65	0.276	0.252	-0.067	-0.170	-0.070	0.106	
5.70	0.272	0.249	-0.074	-0.130	-0.063	0.135	
5.75	0.268	0.246	-0.079	-0.105	-0.056	0.167	
5.80	0.264	0.243	-0.085	-0.067	-0.048	0.214	
5.85	0.260	0.241	-0.087	-0.016	-0.035	0.262	
5.90	0.256	0.240	-0.086	0.025	-0.020	0.280	
5.95	0.251	0.239	-0.085	0.073	-0.006	0.279	
6.00	0.247	0.239	-0.079	0.116	0.008	0.269	
6.05	0.243	0.240	-0.072	0.130	0.021	0.243	
6.10	0.240	0.241	-0.066	0.150	0.033	0.210	
6.15	0.236	0.243	-0.058	0.197	0.042	0.189	
6.20	0.234	0.245	-0.046	0.246	0.051	0.187	
6.25	0.232	0.248	-0.032	0.262	0.061	0.166	
6.30	0.231	0.252	-0.019	0.246	0.068	0.127	
6.35	0.230	0.255	-0.008	0.240	0.074	0.091	
6.40	0.230	0.259	0.004	0.259	0.078	0.044	
6.45	0.230	0.263	0.019	0.262	0.078	0.003	
6.50	0.232	0.267	0.032	0.236	0.077	-0.021	
6.55	0.233	0.271	0.042	0.212	0.077	-0.064	
6.60	0.236	0.275	0.053	0.179	0.071	-0.113	
6.65	0.239	0.278	0.061	0.135	0.065	-0.152	
6.70	0.242	0.281	0.066	0.098	0.056	-0.184	
6.75	0.246	0.284	0.070	0.075	0.046	-0.212	
6.80	0.249	0.286	0.074	0.041	0.035	-0.241	
6.85	0.253	0.287	0.076	-0.020	0.022	-0.263	
6.90	0.257	0.288	0.071	-0.065	0.008	-0.263	
6.95	0.260	0.288	0.067	-0.076	-0.006	-0.245	
7.00	0.263	0.287	0.065	-0.109	-0.016	-0.235	
7.05	0.267	0.286	0.057	-0.160	-0.028	-0.238	
7.10	0.269	0.285	0.047	-0.175	-0.041	-0.225	
7.15	0.271	0.282	0.040	-0.186	-0.051	-0.198	
7.20	0.273	0.279	0.029	-0.210	-0.061	-0.176	
7.25	0.275	0.276	0.017	-0.208	-0.070	-0.139	
7.30	0.275	0.272	0.008	-0.186	-0.075	-0.097	
7.35	0.275	0.269	-0.001	-0.173	-0.078	-0.074	
7.40	0.275	0.264	-0.010	-0.168	-0.083	-0.040	
7.45	0.274	0.260	-0.017	-0.168	-0.084	0.018	
7.50	0.273	0.256	-0.026	-0.178	-0.081	0.076	
7.55	0.272	0.252	-0.036	-0.166	-0.075	0.106	
7.60	0.269	0.249	-0.044	-0.122	-0.069	0.118	
7.65	0.267	0.245	-0.048	-0.087	-0.064	0.152	
7.70	0.265	0.242	-0.052	-0.061	-0.054	0.196	
7.75	0.262	0.240	-0.055	-0.021	-0.043	0.223	
7.80	0.259	0.238	-0.054	0.005	-0.032	0.252	
7.85	0.257	0.236	-0.053	0.010	-0.018	0.278	
7.90	0.254	0.236	-0.054	0.034	-0.003	0.274	
7.95	0.251	0.236	-0.050	0.069	0.010	0.259	
8.00	0.249	0.237	-0.046	0.094	0.022	0.259	
8.05	0.246	0.238	-0.041	0.124	0.035	0.266	
8.10	0.245	0.240	-0.033	0.140	0.050	0.243	
8.15	0.243	0.243	-0.026	0.136	0.061	0.190	
8.20	0.242	0.246	-0.020	0.131	0.068	0.148	
8.25	0.241	0.250	-0.014	0.142	0.075	0.118	
8.30	0.241	0.254	-0.006	0.163	0.081	0.068	
8.35	0.240	0.258	0.004	0.161	0.081	0.025	
8.40	0.241	0.262	0.011	0.142	0.082	-0.004	
8.45	0.241	0.267	0.018	0.117	0.083	-0.060	
8.50	0.243	0.271	0.023	0.082	0.077	-0.120	
8.55	0.244	0.274	0.024	0.077	0.069	-0.156	
8.60	0.245	0.278	0.029	0.099	0.060	-0.172	
8.65	0.247	0.280	0.037	0.082	0.051	-0.170	
8.70	0.249	0.283	0.039	0.030	0.044	-0.187	
8.75	0.251	0.285	0.038	-0.001	0.034	-0.229	
8.80	0.253	0.286	0.038	-0.009	0.020	-0.245	
8.85	0.255	0.287	0.038	-0.016	0.008	-0.233	
8.90	0.257	0.287	0.037	-0.036	-0.003	-0.228	
8.95	0.259	0.287	0.033	-0.044	-0.014	-0.233	
9.00	0.260	0.286	0.032	-0.045	-0.027	-0.228	
9.05	0.262	0.284	0.031	-0.083	-0.038	-0.211	
9.10	0.263	0.282	0.024	-0.110	-0.048	-0.191	
9.15	0.264	0.279	0.018	-0.104	-0.057	-0.162	
9.20	0.265	0.276	0.013	-0.098	-0.064	-0.133	
9.25	0.265	0.273	0.008	-0.097	-0.071	-0.098	
9.30	0.266	0.269	0.004	-0.096	-0.074	-0.053	
9.35	0.266	0.265	-0.001	-0.092	-0.075	-0.019	
9.40	0.266	0.261	-0.006	-0.091	-0.075	0.005	
9.45	0.265	0.258	-0.010	-0.090	-0.075	0.037	
9.50	0.265	0.254	-0.015	-0.081	-0.073	0.096	
9.55	0.264	0.250	-0.019	-0.069	-0.066	0.167	
9.60	0.263	0.247	-0.022	-0.058	-0.055	0.208	
9.65	0.262	0.245	-0.024	-0.056	-0.043	0.206	
9.70	0.261	0.243	-0.028	-0.045	-0.035	0.208	
9.75	0.259	0.241	-0.029	-0.011	-0.024	0.237	
9.80	0.257	0.240	-0.028	0.011	-0.011	0.258	
9.85	0.256	0.240	-0.028	0.025	0.003	0.259	
9.90	0.255	0.240	-0.025	0.030	0.016	0.250	
9.95	0.253	0.241	-0.025	0.035	0.028	0.235	
10.00	0.252	0.243	-0.023	0.056	0.040	0.192	
10.05	0.251	0.246	-0.018	0.064	0.048	0.136	
10.10	0.250	0.248	-0.016	0.067	0.052	0.110	
10.15	0.249	0.251	-0.012	0.073	0.058	0.109	
10.20	0.249	0.254	-0.008	0.068	0.064	0.095	
10.25	0.249	0.257	-0.006	0.074	0.068	0.056	
10.30	0.248	0.261	-0.002	0.095	0.069	0.020	
10.35	0.248	0.264	0.005	0.087	0.070	-0.011	
10.40	0.249	0.268	0.009	0.049	0.069	-0.061	
10.45	0.249	0.271	0.010	0.021	0.064	-0.103	
10.50	0.250	0.274	0.009	0.029	0.057	-0.118	
10.55	0.250	0.277	0.012	0.054	0.052	-0.136	
10.60	0.251	0.280	0.016	0.044	0.044	-0.163	
10.65	0.252	0.282	0.017	0.012	0.036	-0.197	
10.70	0.253	0.283	0.017	-0.008	0.024	-0.222	
10.75	0.254	0.284	0.016	-0.014	0.013	-0.225	
10.80	0.254	0.285	0.015	-0.006	0.002	-0.227	
10.85	0.255	0.284	0.015	-0.003	-0.010	-0.221	
10.90	0.256	0.283	0.016	-0.019	-0.020	-0.205	
10.95	0.257	0.282	0.013	-0.032	-0.030	-0.201	
11.00	0.257	0.280	0.012	-0.039	-0.041	-0.184	
11.05	0.258	0.278	0.010	-0.061	-0.049	-0.153	
11.10	0.258	0.275	0.005	-0.074	-0.056	-0.123	
11.15	0.258	0.272	0.001	-0.059	-0.062	-0.085	
11.20	0.258	0.269	-0.001	-0.037	-0.065	-0.047	
11.25	0.258	0.266	-0.001	-0.034	-0.066	-0.017	
11.30	0.258	0.262	-0.004	-0.041	-0.066	0.008	
11.35	0.258	0.259	-0.006	-0.034	-0.065	0.028	
11.40	0.258	0.256	-0.008	-0.015	-0.063	0.050	
11.45	0.257	0.253	-0.007	0.003	-0.061	0.090	
11.50	0.257	0.250	-0.007	0.018	-0.055	0.136	
11.55	0.256	0.247	-0.006	0.028	-0.047	0.169	
11.60	0.256	0.245	-0.002	0.002	-0.037	0.192	
11.65	0.256	0.244	-0.006	-0.015	-0.027	0.194	
11.70	0.256	0.242	-0.007	0.024	-0.018	0.197	
11.75	0.255	0.242	-0.003	0.060	-0.008	0.210	
11.80	0.255	0.241	0.001	0.050	0.003	0.216	
11.85	0.256	0.242	0.003	0.018	0.015	0.206	
11.90	0.256	0.243	0.002	-0.002	0.024	0.190	
11.95	0.256	0.244	0.002	-0.017	0.034	0.173	
12.00	0.256	0.246	0.000	-0.025	0.041	0.156	
12.05	0.256	0.249	-0.001	-0.017	0.049	0.136	
12.10	0.256	0.251	-0.002	0.009	0.056	0.104	
12.15	0.255	0.254	0.000	0.031	0.060	0.072	
12.20	0.256	0.257	0.003	0.006	0.063	0.040	
12.25	0.256	0.261	0.001	-0.018	0.064	0.009	
12.30	0.256	0.264	-0.001	-0.003	0.064	-0.033	
12.35	0.256	0.267	0.001	-0.001	0.061	-0.089	
12.40	0.256	0.270	0.000	-0.022	0.054	-0.130	
12.45	0.256	0.273	-0.002	-0.021	0.046	-0.134	
12.50	0.256	0.274	-0.002	-0.021	0.041	-0.130	
12.55	0.256	0.277	-0.003	-0.041	0.034	-0.144	
12.60	0.256	0.278	-0.007	-0.036	0.026	-0.152	
12.65	0.255	0.279	-0.008	-0.009	0.019	-0.163	
12.70	0.255	0.280	-0.008	0.016	0.010	-0.189	
12.75	0.254	0.280	-0.006	0.024	-0.001	-0.192	
12.80	0.254	0.280	-0.004	0.008	-0.010	-0.167	
12.85	0.254	0.279	-0.004	-0.016	-0.017	-0.143	
12.90	0.254	0.278	-0.006	-0.024	-0.023	-0.138	
12.95	0.253	0.277	-0.008	-0.011	-0.031	-0.129	
13.00	0.253	0.275	-0.008	0.011	-0.037	-0.109	
13.05	0.252	0.273	-0.007	0.029	-0.042	-0.096	
13.10	0.252	0.271	-0.004	0.031	-0.046	-0.084	
13.15	0.252	0.268	-0.004	0.031	-0.051	-0.053	
13.20	0.252	0.265	-0.001	0.023	-0.052	-0.013	
13.25	0.252	0.263	-0.001	0.016	-0.051	0.005	
13.30	0.252	0.261	-0.001	0.040	-0.052	0.025	
13.35	0.252	0.258	0.004	0.049	-0.050	0.064	
13.40	0.252	0.255	0.006	0.028	-0.045	0.093	
13.45	0.252	0.253	0.006	0.014	-0.040	0.112	
13.50	0.253	0.251	0.007	0.011	-0.034	0.140	
13.55	0.253	0.250	0.007	0.011	-0.026	0.172	
13.60	0.253	0.249	0.007	0.018	-0.016	0.173	
13.65	0.254	0.248	0.009	0.021	-0.008	0.155	
13.70	0.254	0.248	0.010	0.015	-0.001	0.158	
13.75	0.255	0.248	0.011	-0.002	0.008	0.163	
13.80	0.255	0.249	0.009	-0.012	0.016	0.147	
13.85	0.256	0.250	0.009	-0.010	0.022	0.131	
13.90	0.256	0.251	0.009	-0.015	0.029	0.117	
13.95	0.257	0.253	0.007	-0.016	0.034	0.098	
14.00	0.257	0.255	0.006	0.003	0.040	0.064	
14.05	0.257	0.257	0.009	-0.001	0.041	0.021	
14.10	0.258	0.259	0.007	-0.024	0.040	0.005	
14.15	0.258	0.261	0.005	-0.025	0.040	0.014	
14.20	0.258	0.263	0.005	-0.037	0.042	0.011	
14.25	0.258	0.265	0.002	-0.061	0.043	-0.018	
14.30	0.259	0.267	-0.002	-0.061	0.041	-0.055	
14.35	0.258	0.269	-0.005	-0.035	0.037	-0.084	
14.40	0.258	0.271	-0.005	-0.021	0.032	-0.109	
14.45	0.258	0.272	-0.007	-0.016	0.026	-0.124	
14.50	0.257	0.274	-0.006	-0.018	0.020	-0.139	
14.55	0.257	0.274	-0.008	-0.038	0.012	-0.148	
14.60	0.257	0.275	-0.011	-0.042	0.004	-0.142	
14.65	0.256	0.275	-0.012	-0.035	-0.003	-0.128	
14.70	0.255	0.274	-0.015	-0.020	-0.008	-0.123	
14.75	0.255	0.274	-0.015	0.006	-0.015	-0.118	
14.80	0.254	0.273	-0.014	0.031	-0.021	-0.096	
14.85	0.253	0.272	-0.011	0.039	-0.024	-0.079	
14.90	0.253	0.270	-0.009	0.024	-0.028	-0.074	
14.95	0.252	0.269	-0.009	0.007	-0.032	-0.066	
15.00	0.252	0.267	-0.008	-0.005	-0.035	-0.046	
15.05	0.251	0.265	-0.011	0.016	-0.036	-0.027	
15.10	0.251	0.264	-0.008	0.056	-0.038	-0.002	
15.15	0.251	0.262	-0.004	0.072	-0.037	0.028	
15.20	0.250	0.260	-0.000	0.069	-0.035	0.045	
15.25	0.251	0.258	0.004	0.052	-0.032	0.055	
15.30	0.251	0.257	0.005	0.043	-0.029	0.063	
15.35	0.251	0.255	0.008	0.042	-0.026	0.072	
15.40	0.252	0.254	0.009	0.039	-0.022	0.088	
15.45	0.252	0.253	0.011	0.042	-0.017	0.097	
15.50	0.253	0.252	0.014	0.026	-0.012	0.098	
15.55	0.253	0.252	0.013	0.013	-0.008	0.120	
15.60	0.254	0.251	0.015	0.020	-0.000	0.138	
15.65	0.255	0.252	0.017	0.007	0.007	0.125	
15.70	0.256	0.252	0.016	-0.011	0.013	0.097	
15.75	0.256	0.253	0.015	-0.014	0.017	0.078	
15.80	0.257	0.254	0.014	-0.020	0.020	0.079	
15.85	0.258	0.255	0.013	-0.032	0.024	0.094	
15.90	0.258	0.256	0.010	-0.031	0.030	0.080	
15.95	0.259	0.258	0.010	-0.036	0.033	0.039	
16.00	0.260	0.260	0.008	-0.055	0.034	0.008	
16.05	0.260	0.262	0.004	-0.054	0.033	-0.007	
16.10	0.260	0.263	0.002	-0.053	0.033	-0.014	
16.15	0.260	0.265	-0.001	-0.060	0.033	-0.037	
16.20	0.260	0.266	-0.005	-0.046	0.029	-0.062	
16.25	0.259	0.268	-0.006	-0.023	0.026	-0.076	
16.30	0.259	0.269	-0.006	-0.026	0.022	-0.091	
16.35	0.259	0.270	-0.007	-0.056	0.017	-0.103	
16.40	0.259	0.271	-0.012	-0.075	0.011	-0.103	
16.45	0.258	0.271	-0.017	-0.052	0.006	-0.093	
16.50	0.257	0.271	-0.018	-0.011	0.002	-0.088	
16.55	0.256	0.271	-0.017	0.017	-0.002	-0.098	
16.60	0.255	0.271	-0.016	0.027	-0.009	-0.094	
16.65	0.254	0.270	-0.014	0.029	-0.013	-0.059	
16.70	0.253	0.270	-0.011	0.012	-0.014	-0.047	
16.75	0.253	0.269	-0.013	-0.002	-0.016	-0.062	
16.80	0.252	0.268	-0.014	0.022	-0.020	-0.065	
16.85	0.252	0.267	-0.010	0.032	-0.024	-0.044	
16.90	0.251	0.265	-0.010	0.028	-0.025	-0.016	
16.95	0.251	0.264	-0.009	0.052	-0.025	-0.003	
17.00	0.250	0.263	-0.004	0.061	-0.025	0.006	
17.05	0.250	0.262	-0.001	0.045	-0.025	0.023	
17.10	0.250	0.261	-0.001	0.053	-0.023	0.034	
17.15	0.250	0.259	0.004	0.067	-0.021	0.037	
17.20	0.251	0.258	0.008	0.047	-0.019	0.048	
17.25	0.251	0.257	0.008	0.024	-0.016	0.060	
17.30	0.251	0.257	0.009	0.027	-0.013	0.067	
17.35	0.252	0.256	0.011	0.032	-0.010	0.077	
17.40	0.253	0.256	0.013	0.021	-0.005	0.075	
17.45	0.253	0.256	0.013	0.012	-0.002	0.075	
17.50	0.254	0.256	0.014	-0.000	0.002	0.080	
17.55	0.255	0.256	0.013	-0.014	0.007	0.068	
17.60	0.255	0.256	0.012	-0.005	0.009	0.056	
17.65	0.256	0.257	0.012	0.010	0.011	0.062	
17.70	0.256	0.257	0.014	0.010	0.015	0.063	
17.75	0.257	0.258	0.014	-0.010	0.019	0.043	
17.80	0.258	0.259	0.013	-0.035	0.020	0.019	
17.85	0.258	0.260	0.010	-0.041	0.019	0.019	
17.90	0.259	0.261	0.008	-0.034	0.022	0.017	
17.95	0.259	0.263	0.008	-0.047	0.023	-0.016	
18.00	0.260	0.264	0.003	-0.059	0.020	-0.040	
18.05	0.259	0.264	-0.001	-0.029	0.017	-0.030	
18.10	0.259	0.265	0.001	-0.016	0.017	-0.021	
18.15	0.260	0.266	0.001	-0.055	0.016	-0.034	
18.20	0.260	0.267	-0.005	-0.078	0.014	-0.053	
18.25	0.259	0.268	-0.009	-0.068	0.010	-0.064	
18.30	0.259	0.268	-0.013	-0.041	0.007	-0.068	
18.35	0.258	0.268	-0.014	-0.006	0.003	-0.068	
18.40	0.257	0.268	-0.012	-0.003	0.000	-0.067	
18.45	0.257	0.268	-0.012	-0.031	-0.003	-0.063	
18.50	0.256	0.268	-0.016	-0.042	-0.006	-0.057	
18.55	0.255	0.268	-0.019	-0.005	-0.009	-0.051	
18.60	0.254	0.267	-0.016	0.042	-0.012	-0.042	
18.65	0.253	0.266	-0.012	0.045	-0.014	-0.022	
18.70	0.253	0.266	-0.011	0.034	-0.013	-0.016	
18.75	0.252	0.265	-0.009	0.028	-0.014	-0.026	
18.80	0.252	0.264	-0.009	0.032	-0.017	-0.023	
18.85	0.251	0.263	-0.007	0.044	-0.018	0.001	
18.90	0.251	0.262	-0.004	0.036	-0.017	0.027	
18.95	0.251	0.262	-0.003	0.035	-0.014	0.037	
19.00	0.251	0.261	-0.001	0.041	-0.012	0.034	
19.05	0.251	0.261	0.001	0.040	-0.011	0.028	
19.10	0.251	0.260	0.003	0.046	-0.010	0.031	
19.15	0.251	0.259	0.006	0.048	-0.008	0.041	
19.20	0.252	0.259	0.008	0.041	-0.005	0.043	
19.25	0.252	0.259	0.010	0.042	-0.003	0.033	
19.30	0.253	0.259	0.013	0.038	-0.003	0.033	
19.35	0.253	0.259	0.014	0.025	-0.001	0.050	
19.40	0.254	0.259	0.015	0.010	0.003	0.057	
19.45	0.255	0.259	0.016	-0.015	0.006	0.048	
19.50	0.256	0.259	0.013	-0.025	0.008	0.038	
19.55	0.256	0.260	0.012	-0.017	0.010	0.029	
19.60	0.257	0.261	0.011	-0.005	0.011	0.014	
19.65	0.257	0.261	0.012	-0.001	0.010	0.015	
19.70	0.258	0.261	0.012	-0.023	0.012	0.021	
19.75	0.259	0.262	0.010	-0.051	0.014	0.005	
19.80	0.259	0.263	0.007	-0.066	0.012	-0.009	
19.85	0.259	0.263	0.002	-0.064	0.012	-0.006	
19.90	0.259	0.264	-0.000	-0.052	0.012	-0.012	
19.95	0.259	0.265	-0.003	-0.038	0.011	-0.031	
20.00	0.259	0.265	-0.004	-0.022	0.008	-0.034	
20.05	0.259	0.265	-0.004	-0.024	0.008	-0.033	
20.10	0.259	0.266	-0.005	-0.046	0.005	-0.041	
20.15	0.258	0.266	-0.010	-0.046	0.003	-0.047	
20.20	0.257	0.266	-0.011	-0.025	0.001	-0.062	
20.25	0.257	0.266	-0.011	-0.017	-0.004	-0.052	
20.30	0.256	0.266	-0.013	-0.009	-0.005	-0.025	
20.35	0.256	0.266	-0.013	0.009	-0.005	-0.024	
20.40	0.255	0.265	-0.012	0.023	-0.007	-0.023	
20.45	0.255	0.265	-0.010	0.027	-0.008	-0.019	
20.50	0.254	0.265	-0.009	0.023	-0.009	-0.014	
20.55	0.254	0.264	-0.008	0.009	-0.009	-0.009	
20.60	0.253	0.264	-0.008	0.001	-0.010	-0.011	
20.65	0.253	0.263	-0.008	0.000	-0.011	0.006	
20.70	0.253	0.262	-0.009	0.017	-0.009	0.024	
20.75	0.252	0.262	-0.007	0.050	-0.008	0.018	
20.80	0.252	0.262	-0.003	0.065	-0.007	0.012	
20.85	0.252	0.261	0.000	0.063	-0.007	0.018	
20.90	0.252	0.261	0.003	0.056	-0.005	0.027	
20.95	0.252	0.261	0.006	0.038	-0.004	0.025	
21.00	0.252	0.261	0.008	0.012	-0.003	0.025	
21.05	0.253	0.261	0.007	-0.011	-0.002	0.029	
21.10	0.253	0.260	0.005	-0.008	-0.000	0.032	
21.15	0.253	0.261	0.006	0.015	0.002	0.036	
21.20	0.254	0.261	0.008	0.021	0.003	0.041	
21.25	0.254	0.261	0.008	0.017	0.007	0.027	
21.30	0.255	0.261	0.010	-0.003	0.007	-0.005	
21.35	0.255	0.262	0.009	-0.031	0.005	-0.011	
21.40	0.256	0.262	0.005	-0.017	0.005	0.009	
21.45	0.256	0.262	0.005	0.024	0.006	0.016	
21.50	0.256	0.262	0.009	0.024	0.007	-0.001	
21.55	0.257	0.263	0.009	-0.010	0.006	-0.019	
21.60	0.257	0.263	0.007	-0.030	0.004	-0.018	
21.65	0.257	0.263	0.006	-0.040	0.004	-0.006	
21.70	0.258	0.263	0.003	-0.036	0.005	-0.006	
21.75	0.258	0.264	0.002	-0.024	0.004	-0.020	
21.80	0.258	0.264	0.001	-0.025	0.002	-0.028	
21.85	0.258	0.264	-0.000	-0.032	0.001	-0.019	
21.90	0.258	0.264	-0.002	-0.038	0.000	-0.009	
21.95	0.258	0.264	-0.005	-0.032	0.000	-0.006	
22.00	0.257	0.264	-0.006	-0.015	0.000	-0.016	
22.05	0.257	0.264	-0.006	-0.007	-0.002	-0.018	
22.10	0.257	0.264	-0.006	-0.014	-0.002	-0.012	
22.15	0.256	0.264	-0.007	-0.022	-0.002	-0.015	
22.20	0.256	0.263	-0.008	-0.018	-0.004	-0.011	
22.25	0.256	0.263	-0.010	0.004	-0.004	-0.004	
22.30	0.255	0.263	-0.009	0.037	-0.004	-0.003	
22.35	0.255	0.263	-0.005	0.053	-0.004	0.006	
22.40	0.255	0.263	-0.002	0.031	-0.004	0.021	
22.45	0.255	0.262	-0.001	-0.011	-0.001	0.018	
22.50	0.255	0.263	-0.003	-0.042	-0.001	-0.001	
22.55	0.254	0.262	-0.007	-0.030	-0.002	-0.003	
22.60	0.254	0.262	-0.008	0.026	-0.002	0.013	
22.65	0.253	0.262	-0.004	0.062	-0.001	0.020	
22.70	0.253	0.262	0.001	0.033	0.001	0.011	
22.75	0.254	0.262	-0.000	0.001	-0.000	0.014	
22.80	0.253	0.262	-0.002	0.022	0.002	0.021	
22.85	0.253	0.262	0.002	0.049	0.003	0.013	
22.90	0.253	0.262	0.006	0.031	0.003	-0.001	
22.95	0.254	0.263	0.005	0.006	0.003	-0.014	
23.00	0.254	0.263	0.005	0.009	0.001	-0.010	
23.05	0.254	0.263	0.006	0.015	0.001	0.006	
23.10	0.255	0.263	0.008	-0.007	0.002	0.005	
23.15	0.255	0.263	0.006	-0.041	0.002	-0.011	
23.20	0.255	0.263	0.002	-0.036	0.001	-0.015	
23.25	0.255	0.263	0.001	-0.004	-0.000	0.003	
23.30	0.255	0.263	0.002	0.024	0.001	0.012	
23.35	0.255	0.263	0.005	0.020	0.002	-0.002	
23.40	0.256	0.263	0.005	-0.013	0.001	-0.020	
23.45	0.256	0.263	0.002	-0.021	-0.001	-0.019	
23.50	0.256	0.263	0.002	-0.010	-0.001	-0.006	
23.55	0.256	0.263	0.002	-0.015	-0.001	-0.001	
23.60	0.256	0.263	0.000	-0.023	-0.001	0.001	
23.65	0.256	0.263	-0.000	-0.026	-0.001	0.006	
23.70	0.256	0.263	-0.002	-0.027	0.000	-0.006	
23.75	0.256	0.263	-0.003	-0.033	-0.001	-0.024	
23.80	0.256	0.263	-0.005	-0.046	-0.004	-0.015	
23.85	0.256	0.263	-0.009	-0.022	-0.004	0.013	
23.90	0.255	0.262	-0.009	0.032	-0.001	0.021	
23.95	0.255	0.263	-0.005	0.065	-0.000	0.004	
24.00	0.254	0.263	-0.000	0.060	-0.002	0.003	
24.05	0.255	0.262	0.003	0.018	-0.001	0.019	
24.10	0.255	0.262	0.001	-0.023	0.002	0.011	
24.15	0.255	0.263	-0.001	-0.030	0.001	-0.009	
24.20	0.255	0.263	-0.003	-0.006	-0.001	-0.008	
24.25	0.254	0.263	-0.002	0.015	-0.000	0.005	
24.30	0.255	0.263	0.000	0.008	-0.000	0.022	
24.35	0.254	0.262	-0.001	0.000	0.003	0.025	
24.40	0.254	0.263	-0.001	0.009	0.004	0.003	
24.45	0.254	0.263	0.000	0.015	0.002	-0.013	
24.50	0.254	0.263	0.001	0.011	0.002	-0.018	
24.55	0.254	0.263	0.001	0.004	0.001	-0.024	
24.60	0.255	0.263	0.001	0.008	-0.001	-0.017	
24.65	0.254	0.263	0.002	0.016	-0.002	0.008	
24.70	0.255	0.263	0.003	0.016	0.000	0.024	
24.75	0.255	0.263	0.004	0.008	0.002	0.012	
24.80	0.255	0.263	0.004	-0.009	0.002	-0.009	
24.85	0.255	0.263	0.003	-0.028	0.000	-0.017	
24.90	0.255	0.263	0.001	-0.034	-0.000	-0.016	
24.95	0.255	0.263	-0.001	-0.032	-0.002	-0.005	
25.00	0.255	0.263	-0.003	-0.022	-0.001	0.003	
25.05	0.255	0.263	-0.004	0.004	-0.001	-0.004	
25.10	0.255	0.263	-0.002	0.022	-0.002	0.000	
25.15	0.255	0.263	-0.000	0.021	-0.001	0.005	
25.20	0.255	0.263	0.000	0.014	-0.001	-0.001	
25.25	0.255	0.263	0.001	0.002	-0.002	0.004	
25.30	0.255	0.263	0.001	-0.013	0.000	0.003	
25.35	0.255	0.263	-0.001	-0.011	-0.001	-0.008	
25.40	0.255	0.263	-0.000	-0.009	-0.002	0.009	
25.45	0.255	0.262	-0.002	-0.014	0.000	0.021	
25.50	0.255	0.263	-0.003	0.006	0.001	0.008	
25.55	0.255	0.263	-0.001	0.018	0.001	-0.006	
25.60	0.255	0.263	0.000	0.008	0.000	-0.009	
25.65	0.255	0.263	-0.001	0.006	-0.001	0.006	
25.70	0.254	0.263	-0.000	0.021	0.001	0.022	
25.75	0.255	0.263	0.003	0.014	0.003	0.016	
25.80	0.255	0.263	0.002	-0.006	0.003	-0.011	
25.85	0.255	0.263	0.001	-0.005	0.001	-0.023	
25.90	0.255	0.263	0.000	0.013	-0.001	-0.006	
25.95	0.255	0.263	0.002	0.034	0.000	0.010	
26.00	0.255	0.263	0.007	-0.010	0.001	0.008	
26.05	0.256	0.263	0.002	-0.065	0.002	-0.011	
26.10	0.255	0.263	-0.004	-0.043	0.000	-0.025	
26.15	0.255	0.263	-0.003	0.002	-0.002	-0.011	
26.20	0.255	0.263	-0.002	0.030	-0.001	0.009	
26.25	0.255	0.263	0.001	0.024	-0.000	0.011	
26.30	0.255	0.263	0.001	-0.001	0.001	-0.005	
26.35	0.255	0.263	-0.000	-0.003	-0.001	-0.019	
26.40	0.255	0.263	0.001	-0.002	-0.003	-0.004	
26.45	0.255	0.263	0.000	-0.009	-0.002	0.017	
26.50	0.255	0.263	-0.000	-0.015	0.000	0.011	
26.55	0.255	0.263	-0.001	-0.023	0.000	-0.004	
26.60	0.255	0.263	-0.004	-0.013	-0.000	-0.011	
26.65	0.255	0.263	-0.003	0.011	-0.002	-0.003	
26.70	0.255	0.263	-0.002	0.024	-0.001	0.005	
26.75	0.255	0.263	-0.000	0.024	-0.001	0.002	
26.80	0.255	0.263	0.001	0.014	-0.001	0.007	
26.85	0.255	0.263	0.001	0.005	-0.000	0.018	
26.90	0.255	0.262	0.001	0.007	0.002	0.010	
26.95	0.255	0.263	0.002	0.010	0.002	-0.016	
27.00	0.255	0.263	0.003	-0.005	-0.001	-0.014	
27.05	0.255	0.263	0.001	-0.015	-0.001	0.012	
27.10	0.255	0.263	0.001	-0.007	0.001	0.021	
27.15	0.255	0.263	0.001	-0.008	0.002	0.014	
27.20	0.255	0.263	0.000	-0.015	0.003	-0.002	
27.25	0.255	0.263	-0.001	-0.021	0.002	-0.021	
27.30	0.255	0.263	-0.003	-0.013	-0.001	-0.014	
27.35	0.255	0.263	-0.003	0.011	0.000	0.003	
27.40	0.255	0.263	-0.001	0.033	0.001	-0.010	
27.45	0.255	0.263	0.001	0.041	-0.001	-0.019	
27.50	0.255	0.263	0.004	0.016	-0.002	-0.003	
27.55	0.255	0.263	0.004	-0.027	-0.001	0.015	
27.60	0.255	0.263	-0.000	-0.037	0.000	0.011	
27.65	0.255	0.263	-0.001	-0.022	0.000	-0.001	
27.70	0.255	0.263	-0.002	-0.010	-0.000	-0.006	
27.75	0.255	0.263	-0.002	-0.001	-0.000	-0.008	
27.80	0.255	0.263	-0.002	0.012	-0.002	0.003	
27.85	0.255	0.263	-0.001	0.026	0.000	0.006	
27.90	0.255	0.263	0.002	0.015	-0.000	-0.006	
27.95	0.255	0.263	0.001	-0.006	-0.001	-0.004	
28.00	0.255	0.263	-0.000	-0.005	-0.001	0.001	
28.05	0.255	0.263	0.000	0.006	-0.002	0.015	
28.10	0.255	0.262	0.001	0.006	0.001	0.022	
28.15	0.255	0.263	0.001	0.004	0.002	0.007	
28.20	0.255	0.263	0.001	-0.000	0.001	-0.001	
28.25	0.255	0.263	0.001	-0.013	0.001	0.001	
28.30	0.255	0.263	-0.000	-0.023	0.001	-0.001	
28.35	0.255	0.263	-0.002	-0.024	0.001	0.003	
28.40	0.255	0.263	-0.003	-0.014	0.002	0.001	
28.45	0.255	0.263	-0.003	0.003	0.001	-0.001	
28.50	0.255	0.263	-0.003	0.022	0.002	0.001	
28.55	0.255	0.263	-0.001	0.034	0.002	-0.012	
28.60	0.255	0.263	0.002	0.021	-0.000	-0.016	
28.65	0.255	0.263	0.002	-0.008	0.000	-0.016	
28.70	0.255	0.263	-0.000	-0.015	-0.002	-0.015	
28.75	0.255	0.263	-0.000	-0.005	-0.003	0.007	
28.80	0.255	0.263	-0.000	-0.000	0.000	0.015	
28.85	0.255	0.263	-0.001	0.011	0.000	-0.005	
28.90	0.255	0.263	0.001	0.016	-0.002	-0.006	
28.95	0.255	0.263	0.002	0.010	-0.001	0.002	
29.00	0.255	0.263	0.002	0.005	-0.001	0.006	
29.05	0.255	0.263	0.002	-0.004	-0.000	0.007	
29.10	0.255	0.263	0.001	-0.007	0.000	-0.009	
29.15	0.255	0.263	0.001	-0.004	-0.001	-0.019	
29.20	0.255	0.263	0.001	-0.012	-0.002	-0.014	
29.25	0.255	0.263	0.000	-0.018	-0.003	0.007	
29.30	0.255	0.262	-0.001	-0.021	-0.002	0.028	
29.35	0.255	0.263	-0.002	-0.012	0.001	0.023	
29.40	0.255	0.263	-0.002	0.007	0.001	0.005	
29.45	0.255	0.263	-0.001	0.011	0.001	-0.009	
29.50	0.255	0.263	-0.001	0.002	-0.000	-0.005	
29.55	0.255	0.263	-0.001	0.001	0.000	0.008	
29.60	0.255	0.263	-0.001	0.010	0.001	0.009	
29.65	0.255	0.263	0.000	0.013	0.001	0.008	
29.70	0.255	0.263	0.001	-0.003	0.002	0.000	
29.75	0.255	0.263	0.001	-0.037	0.001	-0.011	
29.80	0.255	0.263	-0.003	-0.062	-0.000	-0.005	
29.85	0.255	0.263	-0.007	-0.044	0.001	0.002	
29.90	0.255	0.263	-0.013	0.069	0.001	-0.006	
29.95	0.252	0.263	0.000	0.163	-0.000	-0.004	
30.00	0.255	0.263	0.014	0.067	0.001	-0.004	
30.05	0.255	0.263	0.008	-0.053	-0.000	-0.011	
30.10	0.255	0.263	0.002	-0.065	-0.001	-0.004	
30.15	0.255	0.263	-0.000	-0.026	-0.001	0.008	
30.20	0.255	0.263	0.000	0.010	0.000	0.014	
30.25	0.255	0.263	0.002	0.019	0.002	-0.001	
30.30	0.255	0.263	0.003	0.003	-0.000	-0.011	
30.35	0.255	0.263	0.002	-0.012	-0.000	-0.010	
30.40	0.255	0.263	0.001	-0.010	-0.001	-0.015	
30.45	0.255	0.263	0.001	-0.015	-0.002	-0.006	
30.50	0.256	0.263	0.001	-0.038	-0.002	0.016	
30.55	0.256	0.263	-0.004	-0.041	-0.000	0.026	
30.60	0.255	0.263	-0.005	-0.007	0.002	0.009	
30.65	0.255	0.263	-0.004	0.022	0.001	-0.007	
30.70	0.255	0.263	-0.002	0.038	0.000	-0.007	
30.75	0.255	0.263	0.001	0.034	-0.000	-0.004	
30.80	0.255	0.263	0.002	0.010	-0.001	0.005	
30.85	0.255	0.263	0.001	-0.003	0.001	0.007	
30.90	0.255	0.263	0.001	-0.008	0.000	0.005	
30.95	0.255	0.263	0.001	-0.020	0.001	0.010	
31.00	0.255	0.263	-0.001	-0.020	0.002	0.009	
31.05	0.255	0.263	-0.002	-0.006	0.002	-0.006	
31.10	0.255	0.263	-0.002	0.020	0.001	-0.021	
31.15	0.255	0.263	0.001	0.025	-0.001	-0.008	
31.20	0.255	0.263	0.002	-0.001	-0.000	0.011	
31.25	0.255	0.263	-0.001	0.001	0.001	0.007	
31.30	0.255	0.263	0.002	0.010	0.001	-0.007	
31.35	0.255	0.263	0.001	0.011	0.000	-0.014	
31.40	0.255	0.263	0.002	0.014	-0.001	-0.005	
31.45	0.255	0.263	0.004	-0.009	-0.001	0.007	
31.50	0.256	0.263	0.001	-0.025	0.001	0.003	
31.55	0.255	0.263	-0.000	-0.011	0.000	-0.016	
31.60	0.255	0.263	0.001	-0.005	-0.002	-0.013	
31.65	0.256	0.263	-0.000	-0.008	-0.002	0.010	
31.70	0.255	0.263	-0.001	-0.002	-0.000	0.019	
31.75	0.255	0.263	-0.000	0.003	0.001	0.002	
31.80	0.255	0.263	-0.000	0.001	-0.001	-0.009	
31.85	0.255	0.263	-0.000	-0.005	-0.001	0.000	
31.90	0.255	0.263	-0.000	-0.011	0.000	0.000	
31.95	0.255	0.263	-0.002	-0.009	-0.001	0.002	
32.00	0.255	0.263	-0.002	0.006	-0.000	0.014	
32.05	0.255	0.263	-0.000	0.012	0.002	0.007	
32.10	0.255	0.263	0.000	-0.002	0.001	-0.009	
32.15	0.255	0.263	-0.001	-0.006	-0.001	0.000	
32.20	0.255	0.263	-0.002	0.013	0.001	0.010	
32.25	0.255	0.263	0.000	0.027	0.002	-0.005	
32.30	0.255	0.263	0.003	0.007	-0.000	-0.010	
32.35	0.255	0.263	0.001	-0.020	-0.000	-0.001	
32.40	0.255	0.263	-0.001	-0.017	0.000	0.002	
32.45	0.255	0.263	-0.002	0.007	0.000	0.004	
32.50	0.255	0.263	0.001	0.018	0.001	-0.001	
32.55	0.255	0.263	0.002	0.001	-0.000	0.000	
32.60	0.255	0.263	-0.000	-0.006	0.001	0.000	
32.65	0.255	0.263	0.001	-0.002	0.001	-0.012	
32.70	0.255	0.263	0.000	-0.001	-0.002	-0.005	
32.75	0.255	0.263	-0.000	0.011	-0.000	0.008	
32.80	0.255	0.263	0.002	0.005	0.000	0.007	
32.85	0.256	0.263	0.002	-0.022	0.001	-0.002	
32.90	0.256	0.263	-0.001	-0.030	-0.000	-0.012	
32.95	0.255	0.263	-0.003	-0.004	-0.002	-0.003	
33.00	0.255	0.263	-0.001	0.021	0.000	-0.002	
33.05	0.255	0.263	0.001	0.013	-0.001	-0.015	
33.10	0.255	0.263	-0.000	0.003	-0.003	-0.001	
33.15	0.255	0.263	0.000	0.005	-0.001	0.021	
33.20	0.255	0.263	0.001	-0.011	0.001	0.016	
33.25	0.255	0.263	-0.001	-0.021	0.001	-0.002	
33.30	0.255	0.263	-0.002	-0.013	-0.000	-0.009	
33.35	0.255	0.263	-0.002	0.001	-0.001	0.006	
33.40	0.255	0.263	-0.002	0.014	0.001	0.015	
33.45	0.255	0.263	-0.000	0.009	0.002	0.001	
33.50	0.255	0.263	-0.001	0.010	0.000	-0.000	
33.55	0.255	0.263	0.001	0.012	0.001	0.012	
33.60	0.255	0.263	0.001	-0.007	0.003	0.000	
33.65	0.255	0.263	-0.001	-0.005	0.001	-0.013	
33.70	0.255	0.263	-0.000	0.011	0.000	-0.009	
33.75	0.255	0.263	0.001	0.008	0.000	-0.006	
33.80	0.255	0.263	0.001	-0.003	0.000	-0.005	
33.85	0.255	0.263	0.001	-0.014	0.000	-0.013	
33.90	0.255	0.263	-0.001	-0.001	-0.002	-0.003	
33.95	0.255	0.263	0.000	0.020	-0.001	0.012	
34.00	0.255	0.263	0.002	0.016	0.000	0.000	
34.05	0.255	0.263	0.002	0.009	-0.001	-0.008	
34.10	0.255	0.263	0.002	0.008	-0.001	-0.007	
34.15	0.255	0.263	0.003	0.001	-0.002	0.003	
34.20	0.256	0.263	0.003	-0.025	-0.001	0.017	
34.25	0.256	0.263	0.000	-0.047	0.001	0.004	
34.30	0.256	0.263	-0.002	-0.053	-0.000	-0.013	
34.35	0.256	0.263	-0.005	-0.043	-0.002	-0.002	
34.40	0.255	0.263	-0.008	-0.004	-0.001	0.018	
34.45	0.255	0.263	-0.006	0.039	0.002	0.011	
34.50	0.255	0.263	-0.002	0.049	0.001	-0.011	
34.55	0.255	0.263	0.000	0.027	-0.001	-0.012	
34.60	0.255	0.263	0.001	-0.003	-0.001	0.005	
34.65	0.255	0.263	-0.001	-0.008	0.000	0.016	
34.70	0.255	0.263	-0.002	0.015	0.001	0.011	
34.75	0.254	0.263	0.001	0.027	0.002	-0.009	
34.80	0.255	0.263	0.003	0.006	0.000	-0.019	
34.85	0.255	0.263	0.002	-0.030	-0.002	-0.001	
34.90	0.255	0.263	-0.000	-0.070	0.000	0.016	
34.95	0.255	0.263	-0.007	-0.066	0.002	0.003	
35.00	0.254	0.263	-0.008	-0.017	0.001	-0.018	
35.05	0.254	0.263	-0.012	0.085	-0.002	-0.011	
35.10	0.252	0.263	0.001	0.155	-0.001	0.010	
35.15	0.254	0.263	0.013	0.070	0.001	0.011	
35.20	0.254	0.263	0.008	-0.020	0.001	-0.005	
35.25	0.255	0.263	0.006	-0.034	-0.001	-0.009	
35.30	0.255	0.263	0.004	-0.039	-0.000	-0.005	
35.35	0.255	0.263	0.003	-0.046	-0.001	-0.007	
35.40	0.255	0.263	-0.001	-0.046	-0.002	0.004	
35.45	0.255	0.263	-0.002	-0.037	-0.000	0.014	
35.50	0.255	0.263	-0.005	-0.021	0.001	0.005	
35.55	0.255	0.263	-0.005	0.012	0.000	-0.005	
35.60	0.254	0.263	-0.003	0.041	-0.000	-0.008	
35.65	0.254	0.263	-0.000	0.047	-0.001	-0.003	
35.70	0.254	0.263	0.002	0.032	-0.000	0.003	
35.75	0.255	0.263	0.003	0.011	-0.000	0.001	
35.80	0.255	0.263	0.003	-0.006	-0.001	0.006	
35.85	0.255	0.263	0.003	-0.023	0.001	0.005	
35.90	0.255	0.263	0.001	-0.033	0.000	0.001	
35.95	0.255	0.263	-0.002	-0.022	-0.000	0.010	
36.00	0.255	0.263	-0.002	0.003	0.002	0.008	
36.05	0.255	0.263	0.000	-0.002	0.001	-0.006	
36.10	0.255	0.263	-0.002	-0.008	0.000	-0.002	
36.15	0.255	0.263	-0.002	0.014	0.002	-0.004	
36.20	0.255	0.263	-0.000	0.027	0.000	-0.012	
36.25	0.255	0.263	0.002	0.021	-0.001	0.003	
36.30	0.255	0.263	0.003	-0.001	0.001	0.005	
36.35	0.255	0.263	0.000	-0.007	0.000	-0.007	
36.40	0.255	0.263	0.001	0.009	-0.001	-0.000	
36.45	0.255	0.263	0.003	-0.003	0.000	0.002	
36.50	0.255	0.263	0.001	-0.022	-0.000	0.005	
36.55	0.255	0.263	-0.001	-0.013	0.001	0.006	
36.60	0.255	0.263	-0.000	0.002	0.001	-0.007	
36.65	0.255	0.263	0.000	-0.004	-0.000	-0.008	
36.70	0.255	0.263	-0.001	-0.006	0.000	-0.010	
36.75	0.255	0.263	-0.001	0.005	-0.001	-0.012	
36.80	0.255	0.263	-0.000	0.011	-0.002	0.005	
36.85	0.255	0.263	0.001	0.004	-0.000	0.014	
36.90	0.255	0.263	0.000	-0.003	0.001	0.002	
36.95	0.255	0.263	0.000	-0.004	-0.000	-0.008	
37.00	0.255	0.263	-0.000	-0.005	-0.002	0.005	
37.05	0.255	0.263	-0.000	-0.008	0.000	0.019	
37.10	0.255	0.263	-0.001	-0.010	0.002	0.006	
37.15	0.255	0.263	-0.001	-0.016	0.001	-0.016	
37.20	0.255	0.263	-0.002	-0.022	-0.001	-0.017	
37.25	0.255	0.263	-0.005	0.000	-0.001	-0.003	
37.30	0.254	0.263	-0.003	0.032	-0.001	0.011	
37.35	0.254	0.263	-0.000	0.041	0.001	0.012	
37.40	0.254	0.263	0.002	0.025	0.000	0.005	
37.45	0.255	0.263	0.003	0.002	0.001	0.005	
37.50	0.255	0.263	0.001	-0.005	0.002	-0.006	
37.55	0.255	0.263	0.002	-0.011	-0.000	-0.010	
37.60	0.255	0.263	0.001	-0.023	-0.000	-0.000	
37.65	0.255	0.263	-0.001	-0.011	0.000	0.003	
37.70	0.255	0.263	-0.000	0.006	0.000	0.004	
37.75	0.255	0.263	0.000	0.011	0.001	-0.003	
37.80	0.255	0.263	0.001	0.014	0.000	-0.010	
37.85	0.255	0.263	0.002	0.003	-0.001	-0.003	
37.90	0.255	0.263	0.001	-0.008	-0.000	0.003	
37.95	0.255	0.263	0.001	-0.012	-0.000	-0.000	
38.00	0.255	0.263	-0.000	-0.013	-0.000	-0.005	
38.05	0.255	0.263	-0.002	0.008	-0.001	-0.008	
38.10	0.255	0.263	0.000	0.030	-0.002	0.003	
38.15	0.255	0.263	0.003	0.024	-0.000	0.014	
38.20	0.255	0.263	0.004	-0.007	0.001	0.006	
38.25	0.255	0.263	0.002	-0.041	0.000	-0.004	
38.30	0.256	0.263	-0.001	-0.048	0.000	-0.007	
38.35	0.255	0.263	-0.005	-0.016	-0.000	-0.008	
38.40	0.255	0.263	-0.003	0.020	-0.001	-0.002	
38.45	0.255	0.263	-0.001	0.031	-0.001	0.009	
38.50	0.255	0.263	0.001	0.011	0.000	0.008	
38.55	0.255	0.263	0.000	-0.018	0.000	0.005	
38.60	0.255	0.263	-0.003	-0.010	-0.000	0.016	
38.65	0.255	0.263	-0.001	0.014	0.002	0.016	
38.70	0.255	0.263	0.000	0.014	0.003	-0.004	
38.75	0.255	0.263	0.000	0.006	0.002	-0.019	
38.80	0.255	0.263	0.000	0.005	0.000	-0.021	
38.85	0.255	0.263	0.001	0.002	-0.001	-0.010	
38.90	0.255	0.263	0.000	0.001	-0.001	0.007	
38.95	0.255	0.263	0.001	0.007	0.000	0.013	
39.00	0.255	0.263	0.002	0.001	0.001	0.004	
39.05	0.255	0.263	0.001	-0.004	0.001	-0.013	
39.10	0.255	0.263	0.001	0.003	-0.001	-0.014	
39.15	0.255	0.263	0.002	-0.005	-0.002	0.004	
39.20	0.255	0.263	0.000	-0.015	0.000	0.009	
39.25	0.255	0.263	-0.000	-0.016	-0.000	0.001	
39.30	0.255	0.263	-0.001	-0.012	-0.001	0.005	
39.35	0.255	0.263	-0.002	-0.001	0.001	0.004	
39.40	0.255	0.263	-0.001	0.009	0.000	-0.003	
39.45	0.255	0.263	-0.001	0.014	0.000	-0.003	
39.50	0.255	0.263	0.001	-0.004	-0.000	-0.003	
39.55	0.255	0.263	-0.000	-0.034	-0.001	0.005	
39.60	0.255	0.263	-0.005	-0.018	0.001	0.006	
39.65	0.254	0.263	-0.003	0.019	0.000	-0.001	
39.70	0.255	0.263	-0.000	0.016	0.000	-0.002	
39.75	0.255	0.263	-0.001	0.006	0.000	-0.006	
39.80	0.255	0.263	-0.001	0.011	-0.001	0.004	
39.85	0.254	0.263	0.000	0.017	0.000	0.019	
39.90	0.255	0.263	0.001	0.015	0.003	0.001	
39.95	0.255	0.263	0.002	0.009	0.000	-0.018	
40.00	0.255	0.263	0.002	0.006	-0.001	-0.011	
40.05	0.255	0.263	0.002	0.004	-0.001	0.003	
40.10	0.255	0.263	0.003	-0.013	0.000	0.004	
40.15	0.255	0.263	0.001	-0.022	-0.000	-0.003	
40.20	0.255	0.263	-0.001	-0.007	-0.001	0.007	
40.25	0.255	0.263	0.000	0.007	0.001	0.004	
40.30	0.255	0.263	0.001	0.003	0.000	-0.016	
40.35	0.255	0.263	0.001	-0.014	-0.002	-0.005	
40.40	0.255	0.263	-0.000	-0.025	-0.000	0.015	
40.45	0.255	0.263	-0.003	-0.013	0.001	0.010	
40.50	0.255	0.263	-0.003	0.019	0.001	0.001	
40.55	0.255	0.263	0.000	0.029	0.001	-0.008	
40.60	0.255	0.263	0.002	0.005	-0.000	-0.014	
40.65	0.255	0.263	0.000	-0.013	-0.002	-0.000	
40.70	0.255	0.263	-0.001	-0.011	-0.000	0.013	
40.75	0.255	0.263	-0.000	-0.011	0.001	0.005	
40.80	0.255	0.263	-0.002	-0.002	0.000	-0.002	
40.85	0.255	0.263	-0.002	0.025	0.000	-0.002	
40.90	0.255	0.263	0.002	0.024	-0.000	0.005	
40.95	0.255	0.263	0.002	-0.003	0.001	-0.003	
41.00	0.255	0.263	0.001	-0.024	-0.000	-0.016	
41.05	0.255	0.263	-0.002	-0.015	-0.002	-0.001	
41.10	0.255	0.263	-0.001	0.011	-0.001	0.019	
41.15	0.255	0.263	0.001	0.018	0.002	0.011	
41.20	0.255	0.263	0.001	0.018	0.002	-0.017	
41.25	0.255	0.263	0.002	0.013	-0.002	-0.017	
41.30	0.255	0.263	0.004	-0.021	-0.002	0.012	
41.35	0.256	0.263	0.000	-0.056	0.001	0.021	
41.40	0.255	0.263	-0.005	-0.030	0.002	0.003	
41.45	0.255	0.263	-0.004	0.024	0.000	-0.008	
41.50	0.255	0.263	-0.001	0.043	-0.000	0.002	
41.55	0.255	0.263	0.002	0.025	0.001	0.005	
41.60	0.255	0.263	0.002	-0.006	0.002	-0.013	
41.65	0.255	0.263	0.000	-0.017	-0.001	-0.020	
41.70	0.255	0.263	-0.001	-0.006	-0.002	-0.001	
41.75	0.255	0.263	0.000	0.001	-0.000	0.011	
41.80	0.255	0.263	0.001	-0.019	0.000	0.003	
41.85	0.255	0.263	-0.002	-0.034	-0.001	0.000	
41.90	0.255	0.263	-0.005	-0.007	0.000	0.004	
41.95	0.255	0.263	-0.003	0.034	0.001	-0.002	
42.00	0.254	0.263	0.001	0.032	-0.001	-0.003	
42.05	0.255	0.263	0.002	-0.005	-0.000	0.001	
42.10	0.255	0.263	-0.001	-0.021	0.000	-0.005	
42.15	0.255	0.263	-0.002	-0.009	-0.001	0.001	
42.20	0.255	0.263	-0.002	0.016	0.000	0.012	
42.25	0.254	0.263	0.000	0.035	0.001	-0.002	
42.30	0.255	0.263	0.003	0.025	-0.001	-0.009	
42.35	0.255	0.263	0.004	-0.009	-0.001	0.006	
42.40	0.255	0.263	0.002	-0.040	0.000	0.015	
42.45	0.255	0.263	-0.002	-0.035	0.002	0.007	
42.50	0.255	0.263	-0.004	0.009	0.001	-0.004	
42.55	0.254	0.263	0.000	0.032	0.001	-0.002	
42.60	0.255	0.263	0.002	0.016	0.001	-0.014	
42.65	0.255	0.263	0.001	0.012	-0.001	-0.020	
42.70	0.255	0.263	0.003	0.010	-0.002	-0.003	
42.75	0.255	0.263	0.003	-0.015	-0.001	0.007	
42.80	0.255	0.263	0.001	-0.029	-0.000	0.005	
42.85	0.255	0.263	-0.001	-0.013	-0.001	0.009	
42.90	0.255	0.263	-0.000	-0.005	0.000	0.014	
42.95	0.255	0.263	-0.001	-0.007	0.002	0.000	
43.00	0.255	0.263	-0.002	0.006	0.000	-0.013	
43.05	0.255	0.263	0.000	0.003	-0.001	-0.006	
43.10	0.255	0.263	-0.001	-0.011	-0.000	0.002	
43.15	0.255	0.263	-0.002	-0.003	-0.000	0.002	
43.20	0.255	0.263	-0.002	0.021	0.000	-0.002	
43.25	0.255	0.263	0.001	0.026	-0.000	-0.007	
43.30	0.255	0.263	0.002	0.003	-0.001	-0.012	
43.35	0.255	0.263	0.001	-0.022	-0.002	-0.002	
43.40	0.255	0.263	-0.001	-0.026	-0.001	0.016	
43.45	0.255	0.263	-0.002	-0.008	0.000	0.021	
43.50	0.255	0.263	-0.002	0.011	0.002	0.007	
43.55	0.255	0.263	-0.001	0.021	0.001	-0.008	
43.60	0.254	0.263	0.001	0.020	0.000	-0.009	
43.65	0.255	0.263	0.001	0.012	0.000	-0.014	
43.70	0.255	0.263	0.001	0.017	-0.002	-0.006	
43.75	0.255	0.263	0.003	0.019	-0.001	0.015	
43.80	0.255	0.263	0.004	-0.001	0.001	0.020	
43.85	0.255	0.263	0.004	-0.031	0.001	0.018	
43.90	0.255	0.263	0.000	-0.048	0.003	0.008	
43.95	0.255	0.263	-0.002	-0.035	0.003	-0.022	
44.00	0.255	0.263	-0.003	-0.010	-0.000	-0.032	
44.05	0.255	0.263	-0.004	0.020	-0.002	-0.016	
44.10	0.255	0.263	-0.001	0.041	-0.002	0.005	
44.15	0.255	0.263	0.002	0.030	-0.000	0.017	
44.20	0.255	0.263	0.003	0.001	0.001	0.007	
44.25	0.255	0.263	0.002	-0.020	-0.000	0.004	
44.30	0.255	0.263	0.000	-0.028	0.001	0.001	
44.35	0.255	0.263	-0.002	-0.022	0.001	-0.015	
44.40	0.255	0.263	-0.003	-0.002	-0.001	-0.016	
44.45	0.255	0.263	-0.002	0.025	-0.002	0.003	
44.50	0.255	0.263	0.000	0.039	-0.001	0.021	
44.55	0.255	0.263	0.003	0.021	0.002	0.011	
44.60	0.255	0.263	0.003	-0.006	0.001	-0.012	
44.65	0.255	0.263	0.001	-0.010	-0.001	-0.007	
44.70	0.255	0.263	0.002	-0.006	-0.000	0.007	
44.75	0.255	0.263	0.001	-0.010	0.001	0.002	
44.80	0.255	0.263	0.001	-0.018	-0.000	0.001	
44.85	0.255	0.263	-0.001	-0.009	0.001	-0.001	
44.90	0.255	0.263	-0.000	0.002	-0.000	-0.009	
44.95	0.255	0.263	0.000	-0.009	-0.001	-0.002	
45.00	0.255	0.263	-0.002	-0.011	-0.000	0.007	
45.05	0.255	0.263	-0.001	-0.007	-0.000	0.016	
45.10	0.255	0.263	-0.003	0.002	0.002	0.011	
45.15	0.255	0.263	-0.002	0.025	0.001	-0.008	
45.20	0.255	0.263	0.001	0.028	0.000	-0.014	
45.25	0.255	0.263	0.002	0.007	-0.000	-0.014	
45.30	0.255	0.263	0.001	-0.014	-0.001	-0.006	
45.35	0.255	0.263	-0.000	-0.017	-0.001	0.006	
45.40	0.255	0.263	0.000	-0.020	-0.000	0.010	
45.45	0.255	0.263	-0.002	-0.026	0.001	0.003	
45.50	0.255	0.263	-0.004	-0.001	-0.000	0.004	
45.55	0.255	0.263	-0.002	0.024	0.000	0.013	
45.60	0.255	0.263	-0.000	0.022	0.002	0.000	
45.65	0.255	0.263	0.001	0.007	0.001	-0.020	
45.70	0.255	0.263	0.000	-0.002	-0.001	-0.021	
45.75	0.255	0.263	-0.001	0.006	-0.002	-0.002	
45.80	0.255	0.263	0.001	0.015	-0.001	0.010	
45.85	0.255	0.263	0.003	-0.004	-0.000	0.009	
45.90	0.255	0.263	0.000	-0.023	-0.000	0.012	
45.95	0.255	0.263	-0.002	-0.008	0.002	0.004	
46.00	0.255	0.263	-0.001	0.011	0.000	-0.008	
46.05	0.255	0.263	-0.000	0.023	-0.000	-0.002	
46.10	0.255	0.263	0.003	0.011	0.001	-0.002	
46.15	0.255	0.263	0.002	-0.015	-0.000	-0.008	
46.20	0.255	0.263	0.000	-0.019	-0.001	-0.002	
46.25	0.255	0.263	-0.001	-0.009	-0.001	0.013	
46.30	0.255	0.263	-0.001	0.007	0.001	0.015	
46.35	0.255	0.263	0.001	0.007	0.001	0.003	
46.40	0.255	0.263	0.000	-0.001	0.001	-0.011	
46.45	0.255	0.263	0.000	-0.004	0.000	-0.016	
46.50	0.255	0.263	-0.000	-0.004	-0.001	-0.005	
46.55	0.255	0.263	-0.000	0.000	-0.001	0.012	
46.60	0.255	0.263	-0.001	0.016	0.000	0.019	
46.65	0.255	0.263	0.002	0.016	0.003	0.000	
46.70	0.255	0.263	0.002	-0.015	0.000	-0.018	
46.75	0.255	0.263	-0.001	-0.019	-0.001	-0.003	
46.80	0.255	0.263	-0.001	0.009	0.001	0.004	
46.85	0.255	0.263	0.002	0.005	0.001	-0.009	
46.90	0.255	0.263	0.000	-0.011	-0.001	-0.009	
46.95	0.255	0.263	-0.002	0.009	-0.002	0.009	
47.00	0.255	0.263	0.002	0.016	0.001	0.015	
47.05	0.255	0.263	0.002	-0.010	0.001	-0.006	
47.10	0.255	0.263	-0.000	-0.026	-0.001	-0.010	
47.15	0.255	0.263	-0.003	-0.015	-0.000	-0.000	
47.20	0.255	0.263	-0.001	-0.017	0.000	-0.009	
47.25	0.255	0.263	-0.002	-0.055	-0.002	-0.004	
47.30	0.255	0.263	-0.007	-0.065	-0.001	0.014	
47.35	0.255	0.263	-0.015	0.044	0.000	0.020	
47.40	0.252	0.263	-0.003	0.149	0.002	0.006	
47.45	0.254	0.263	0.010	0.070	0.001	-0.013	
47.50	0.254	0.263	0.004	-0.018	-0.001	-0.004	
47.55	0.254	0.263	0.002	-0.009	0.001	0.005	
47.60	0.254	0.263	0.004	-0.002	0.001	-0.007	
47.65	0.255	0.263	0.004	-0.017	-0.001	-0.007	
47.70	0.255	0.263	0.001	-0.028	-0.000	0.001	
47.75	0.255	0.263	0.001	-0.043	-0.001	0.009	
47.80	0.255	0.263	-0.002	-0.067	0.001	0.010	
47.85	0.255	0.263	-0.006	-0.065	0.001	-0.004	
47.90	0.255	0.263	-0.014	0.038	0.000	-0.011	
47.95	0.252	0.263	-0.003	0.140	-0.000	-0.011	
48.00	0.254	0.263	0.010	0.066	-0.002	0.003	
48.05	0.254	0.263	0.004	-0.026	0.000	0.010	
48.10	0.254	0.263	0.002	-0.031	0.000	0.003	
48.15	0.254	0.263	0.001	-0.022	0.000	-0.001	
48.20	0.255	0.263	0.000	-0.018	0.001	-0.012	
48.25	0.254	0.263	-0.001	-0.027	-0.001	-0.017	
48.30	0.254	0.263	-0.001	-0.061	-0.002	-0.006	
48.35	0.254	0.263	-0.006	-0.098	-0.002	0.015	
48.40	0.254	0.262	-0.017	-0.024	-0.000	0.035	
48.45	0.252	0.262	-0.013	0.134	0.003	0.020	
48.50	0.252	0.263	0.001	0.204	0.003	-0.018	
48.55	0.252	0.263	0.015	0.121	-0.001	-0.020	
48.60	0.255	0.263	0.016	-0.022	-0.001	0.006	
48.65	0.254	0.263	0.008	-0.076	0.001	0.005	
48.70	0.255	0.263	0.006	-0.070	0.000	-0.007	
48.75	0.255	0.263	0.002	-0.065	0.000	-0.009	
48.80	0.255	0.263	-0.001	-0.046	-0.000	-0.006	
48.85	0.255	0.263	-0.004	-0.016	-0.001	0.011	
48.90	0.255	0.263	-0.003	0.010	0.001	0.021	
48.95	0.254	0.263	-0.001	0.000	0.002	0.006	
49.00	0.255	0.263	-0.002	-0.027	0.001	-0.004	
49.05	0.254	0.263	-0.004	-0.033	0.001	-0.008	
49.10	0.254	0.263	-0.010	0.048	0.001	-0.019	
49.15	0.252	0.263	0.001	0.119	-0.001	-0.016	
49.20	0.255	0.263	0.011	0.033	-0.002	0.005	
49.25	0.254	0.263	0.003	-0.050	-0.000	0.020	
49.30	0.255	0.263	0.001	-0.059	0.001	0.012	
49.35	0.254	0.263	-0.002	-0.053	0.001	-0.005	
49.40	0.254	0.263	-0.004	-0.038	0.001	-0.020	
49.45	0.254	0.263	-0.011	0.050	-0.002	-0.015	
49.50	0.252	0.263	0.001	0.125	-0.002	0.005	
49.55	0.255	0.263	0.012	0.024	-0.001	0.012	
49.60	0.255	0.263	0.002	-0.064	-0.000	0.016	
49.65	0.254	0.263	-0.001	-0.040	0.002	0.006	
49.70	0.254	0.263	-0.002	-0.003	0.001	-0.015	
49.75	0.254	0.263	-0.000	0.016	-0.001	-0.008	
49.80	0.254	0.263	0.001	0.010	-0.000	0.004	
49.85	0.254	0.263	0.001	-0.003	0.000	-0.005	
49.90	0.254	0.263	0.000	-0.009	-0.001	-0.008	
49.95	0.254	0.263	0.000	-0.007	-0.001	0.003	
50.00	0.254	0.263	-0.000	-0.005	-0.001	0.016	
50.05	0.254	0.263	-0.001	0.005	0.001	0.014	
50.10	0.254	0.263	0.000	0.015	0.002	-0.006	
50.15	0.254	0.263	0.001	0.014	-0.000	-0.013	
50.20	0.254	0.263	0.002	0.011	-0.001	0.002	
50.25	0.255	0.263	0.002	0.010	0.001	0.006	
50.30	0.255	0.263	0.003	0.008	0.000	0.001	
50.35	0.255	0.263	0.004	-0.016	0.000	0.002	
50.40	0.255	0.263	0.001	-0.042	0.001	-0.003	
50.45	0.255	0.263	-0.002	-0.024	-0.000	-0.000	
50.50	0.255	0.263	-0.002	0.006	0.001	0.002	
50.55	0.255	0.263	-0.000	0.014	0.000	-0.003	
50.60	0.255	0.263	0.000	0.010	0.000	-0.002	
50.65	0.255	0.263	0.001	-0.002	0.000	-0.007	
50.70	0.255	0.263	-0.000	-0.012	-0.001	-0.000	
50.75	0.255	0.263	-0.001	-0.009	0.001	0.005	
50.80	0.255	0.263	-0.001	0.001	0.000	-0.010	
50.85	0.255	0.263	-0.001	0.002	-0.002	-0.005	
50.90	0.255	0.263	-0.001	-0.000	-0.000	0.007	
50.95	0.255	0.263	-0.002	0.012	-0.000	0.008	
51.00	0.254	0.263	0.000	0.026	0.000	0.007	
51.05	0.255	0.263	0.003	0.008	0.001	-0.002	
51.10	0.255	0.263	0.002	-0.018	0.000	-0.010	
51.15	0.255	0.263	-0.000	-0.017	-0.000	-0.010	
51.20	0.255	0.263	-0.000	-0.008	-0.002	0.004	
51.25	0.255	0.263	-0.001	-0.002	-0.000	0.018	
51.30	0.255	0.263	-0.000	0.000	0.002	0.007	
51.35	0.255	0.263	-0.001	-0.002	0.000	0.003	
51.40	0.255	0.263	-0.002	0.011	0.001	0.004	
51.45	0.254	0.263	0.000	0.023	0.002	-0.013	
51.50	0.255	0.263	0.003	0.005	-0.001	-0.018	
51.55	0.255	0.263	0.001	-0.012	-0.001	-0.006	
51.60	0.255	0.263	-0.000	-0.004	-0.001	0.000	
51.65	0.255	0.263	0.001	-0.002	-0.001	0.005	
51.70	0.255	0.263	0.001	-0.016	-0.000	0.009	
51.75	0.255	0.263	-0.002	-0.018	0.000	0.006	
51.80	0.254	0.263	-0.001	-0.011	0.001	-0.003	
51.85	0.255	0.263	-0.003	-0.001	-0.000	-0.010	
51.90	0.254	0.263	-0.003	0.033	-0.001	0.004	
51.95	0.254	0.263	0.003	0.027	0.001	0.009	
52.00	0.255	0.263	0.001	-0.008	0.001	-0.007	
52.05	0.254	0.263	-0.000	-0.005	-0.000	-0.018	
52.10	0.255	0.263	-0.000	0.014	-0.002	-0.006	
52.15	0.254	0.263	0.002	0.015	-0.002	0.021	
52.20	0.255	0.263	0.003	-0.016	0.001	0.020	
52.25	0.255	0.263	-0.000	-0.030	0.001	-0.002	
52.30	0.255	0.263	-0.002	-0.015	0.000	-0.012	
52.35	0.255	0.263	-0.002	0.008	-0.000	-0.012	
52.40	0.254	0.263	-0.000	0.023	-0.001	-0.003	
52.45	0.255	0.263	0.001	0.016	-0.001	0.009	
52.50	0.255	0.263	0.002	0.004	0.001	0.006	
52.55	0.255	0.263	0.001	-0.006	0.000	-0.009	
52.60	0.255	0.263	0.000	-0.006	-0.002	-0.002	
52.65	0.255	0.263	0.000	-0.003	-0.001	0.019	
52.70	0.255	0.263	0.001	-0.022	0.002	0.013	
52.75	0.255	0.263	-0.000	-0.057	0.002	-0.016	
52.80	0.255	0.263	-0.005	-0.068	-0.001	-0.023	
52.85	0.255	0.263	-0.014	0.031	-0.002	-0.001	
52.90	0.252	0.263	-0.003	0.137	-0.001	0.022	
52.95	0.254	0.263	0.010	0.069	0.002	0.018	
53.00	0.254	0.263	0.005	-0.020	0.002	-0.001	
53.05	0.255	0.263	0.003	-0.033	0.001	-0.006	
53.10	0.255	0.263	0.002	-0.038	0.001	-0.011	
53.15	0.255	0.263	-0.001	-0.031	-0.000	-0.016	
53.20	0.254	0.263	-0.003	-0.001	-0.001	-0.009	
53.25	0.254	0.263	-0.001	0.018	-0.002	0.009	
53.30	0.254	0.263	0.001	0.011	0.000	0.013	
53.35	0.255	0.263	0.000	0.007	0.001	-0.003	
53.40	0.254	0.263	0.000	0.022	-0.001	0.000	
53.45	0.254	0.263	0.003	0.029	0.001	0.004	
53.50	0.255	0.263	0.004	0.008	0.000	-0.009	
53.55	0.255	0.263	0.004	-0.026	-0.002	-0.003	
53.60	0.255	0.263	0.002	-0.057	-0.000	0.012	
53.65	0.255	0.263	-0.003	-0.051	0.000	0.015	
53.70	0.255	0.263	-0.005	-0.007	0.002	0.009	
53.75	0.255	0.263	-0.003	0.030	0.002	-0.010	
53.80	0.254	0.263	-0.001	0.044	0.000	-0.021	
53.85	0.254	0.263	0.002	0.032	-0.002	-0.007	
53.90	0.255	0.263	0.003	0.005	-0.000	0.007	
53.95	0.255	0.263	0.002	-0.011	0.000	0.000	
54.00	0.255	0.263	0.001	-0.021	-0.001	0.005	
54.05	0.255	0.263	-0.000	-0.026	0.001	0.012	
54.10	0.255	0.263	-0.002	-0.018	0.001	0.002	
54.15	0.255	0.263	-0.003	0.012	0.000	0.003	
54.20	0.254	0.263	-0.001	0.039	0.002	-0.004	
54.25	0.255	0.263	0.003	0.022	0.001	-0.021	
54.30	0.255	0.263	0.003	-0.022	-0.002	-0.007	
54.35	0.255	0.263	-0.001	-0.039	-0.000	0.013	
54.40	0.255	0.263	-0.003	-0.013	0.001	0.006	
54.45	0.255	0.263	-0.002	0.014	0.000	-0.002	
54.50	0.255	0.263	-0.000	0.021	-0.000	-0.004	
54.55	0.255	0.263	0.000	0.020	-0.001	0.003	
54.60	0.255	0.263	0.002	0.015	0.001	0.004	
54.65	0.255	0.263	0.002	-0.001	0.000	-0.005	
54.70	0.255	0.263	0.002	-0.015	-0.000	-0.009	
54.75	0.255	0.263	0.000	-0.015	-0.001	-0.011	
54.80	0.255	0.263	-0.001	-0.006	-0.002	0.002	
54.85	0.255	0.263	0.000	-0.008	-0.001	0.020	
54.90	0.255	0.263	-0.001	-0.019	0.002	0.011	
54.95	0.255	0.263	-0.003	-0.004	0.001	-0.009	
55.00	0.255	0.263	-0.002	0.019	-0.001	-0.004	
55.05	0.255	0.263	-0.000	0.025	0.001	0.004	
55.10	0.255	0.263	0.001	0.015	0.001	-0.004	
55.15	0.255	0.263	0.002	-0.007	-0.001	0.004	
55.20	0.255	0.263	0.000	-0.016	0.001	0.011	
55.25	0.255	0.263	-0.001	0.003	0.002	-0.006	
55.30	0.255	0.263	0.001	0.014	-0.000	-0.009	
55.35	0.255	0.263	0.002	-0.004	-0.001	0.009	
55.40	0.255	0.263	0.000	-0.018	0.001	0.014	
55.45	0.255	0.263	-0.001	-0.013	0.002	-0.001	
55.50	0.255	0.263	-0.001	-0.001	0.001	-0.013	
55.55	0.255	0.263	-0.001	0.005	0.000	-0.014	
55.60	0.255	0.263	-0.001	0.010	-0.000	-0.015	
55.65	0.255	0.263	0.000	0.014	-0.002	-0.011	
55.70	0.255	0.263	0.002	0.001	-0.002	0.006	
55.75	0.255	0.263	-0.000	-0.003	-0.001	0.022	
55.80	0.255	0.263	0.000	0.006	0.001	0.012	
55.85	0.255	0.263	0.002	-0.002	0.000	-0.004	
55.90	0.255	0.263	-0.000	-0.005	0.000	-0.006	
55.95	0.255	0.263	0.000	0.002	-0.000	-0.003	
56.00	0.255	0.263	0.001	-0.011	-0.001	0.005	
56.05	0.255	0.263	-0.001	-0.020	0.001	0.003	
56.10	0.255	0.263	-0.002	-0.005	0.001	-0.013	
56.15	0.255	0.263	-0.001	0.004	-0.001	-0.016	
56.20	0.255	0.263	-0.001	0.005	-0.002	0.002	
56.25	0.255	0.263	-0.001	0.006	-0.001	0.017	
56.30	0.255	0.263	-0.001	0.008	0.000	0.016	
56.35	0.254	0.263	0.000	0.010	0.001	0.006	
56.40	0.255	0.263	0.001	-0.007	0.002	-0.012	
56.45	0.255	0.263	-0.001	-0.016	-0.001	-0.008	
56.50	0.255	0.263	-0.002	0.002	-0.000	0.014	
56.55	0.254	0.263	-0.000	0.013	0.002	0.001	
56.60	0.255	0.263	0.001	0.004	0.001	-0.028	
56.65	0.255	0.263	0.000	-0.005	-0.003	-0.017	
56.70	0.255	0.263	-0.001	0.001	-0.002	0.015	
56.75	0.254	0.263	0.000	0.010	0.000	0.021	
56.80	0.255	0.263	0.001	0.009	0.001	0.004	
56.85	0.255	0.263	0.001	0.007	0.000	-0.006	
56.90	0.255	0.263	0.002	0.004	-0.000	-0.004	
56.95	0.255	0.263	0.002	-0.016	-0.001	0.004	
57.00	0.255	0.263	0.000	-0.044	0.001	0.005	
57.05	0.255	0.263	-0.002	-0.068	0.001	-0.010	
57.10	0.255	0.263	-0.006	-0.079	-0.001	-0.013	
57.15	0.255	0.263	-0.015	0.005	-0.001	-0.002	
57.20	0.252	0.263	-0.011	0.170	-0.001	0.003	
57.25	0.252	0.263	0.011	0.168	-0.001	0.007	
57.30	0.255	0.262	0.015	0.001	0.000	0.011	
57.35	0.255	0.263	0.005	-0.071	0.001	0.002	
57.40	0.255	0.263	0.003	-0.057	0.000	-0.007	
57.45	0.255	0.263	0.001	-0.064	-0.000	-0.008	
57.50	0.255	0.263	-0.002	-0.082	-0.001	-0.003	
57.55	0.255	0.263	-0.007	-0.085	-0.000	0.003	
57.60	0.254	0.263	-0.016	0.010	-0.000	0.003	
57.65	0.252	0.263	-0.011	0.174	-0.001	0.009	
57.70	0.252	0.262	0.010	0.169	0.001	0.010	
57.75	0.254	0.263	0.015	0.002	0.001	-0.001	
57.80	0.255	0.263	0.005	-0.090	-0.000	-0.001	
57.85	0.254	0.263	0.001	-0.092	0.001	-0.007	
57.90	0.255	0.263	-0.003	-0.092	-0.000	-0.017	
57.95	0.255	0.263	-0.012	-0.012	-0.002	0.006	
58.00	0.252	0.262	-0.004	0.078	0.001	0.019	
58.05	0.254	0.263	-0.000	0.087	0.002	-0.002	
58.10	0.252	0.263	0.004	0.075	0.000	-0.019	
58.15	0.255	0.263	0.012	-0.021	-0.001	-0.014	
58.20	0.255	0.263	0.002	-0.117	-0.002	0.008	
58.25	0.255	0.262	-0.004	-0.135	-0.000	0.022	
58.30	0.255	0.263	-0.015	-0.062	0.002	0.007	
58.35	0.252	0.263	-0.015	0.090	0.001	-0.008	
58.40	0.252	0.263	-0.001	0.142	0.000	-0.011	
58.45	0.252	0.263	0.010	0.016	-0.000	-0.012	
58.50	0.255	0.263	-0.001	-0.099	-0.001	-0.008	
58.55	0.252	0.263	-0.011	-0.032	-0.002	0.003	
58.60	0.252	0.262	-0.004	0.056	-0.001	0.015	
58.65	0.252	0.262	-0.001	0.083	0.000	0.021	
58.70	0.252	0.262	0.003	0.098	0.002	0.005	
58.75	0.252	0.263	0.014	0.016	0.001	-0.014	
58.80	0.254	0.263	0.011	-0.148	-0.001	-0.012	
58.85	0.254	0.263	-0.011	-0.134	-0.001	0.004	
58.90	0.252	0.262	-0.012	0.052	0.001	0.009	
58.95	0.252	0.263	0.000	0.145	0.000	0.007	
59.00	0.252	0.262	0.012	0.066	0.001	0.009	
59.05	0.255	0.263	0.006	-0.028	0.002	-0.002	
59.10	0.252	0.263	0.004	-0.042	0.001	-0.021	
59.15	0.255	0.263	0.007	-0.120	-0.001	-0.019	
59.20	0.255	0.263	-0.012	-0.125	-0.002	0.003	
59.25	0.252	0.263	-0.014	0.017	-0.000	0.018	
59.30	0.252	0.263	-0.006	0.101	0.001	0.010	
59.35	0.252	0.263	-0.001	0.125	0.001	-0.004	
59.40	0.252	0.263	0.006	0.137	-0.000	-0.004	
59.45	0.252	0.263	0.017	0.064	0.001	-0.003	
59.50	0.255	0.263	0.016	-0.079	-0.000	-0.010	
59.55	0.255	0.263	0.005	-0.143	-0.001	-0.006	
59.60	0.255	0.263	-0.002	-0.130	-0.001	-0.002	
59.65	0.255	0.263	-0.007	-0.102	-0.001	0.002	
59.70	0.254	0.263	-0.016	0.011	-0.000	0.007	
59.75	0.252	0.263	-0.011	0.188	-0.001	0.014	
59.80	0.252	0.262	0.012	0.181	0.001	0.015	
59.85	0.255	0.263	0.016	0.001	0.002	0.002	
59.90	0.255	0.263	0.006	-0.089	0.000	0.007	
59.95	0.255	0.263	0.002	-0.093	0.002	0.027	
60.00	0.255	0.263	-0.002	-0.085	0.004	0.041	
