Vernier Format 2
run12.txt 10/10/2025 15:9:6
Run 1
Time	Position	Position	Velocity	Acceleration	Velocity	Acceleration	
T	P	P	V	A	V	A	
s	m	m	m/s	m/s^2	m/s	m/s^2	

0.00	0.266	0.265	0.169	-0.055	-0.006	-0.059	
0.05	0.275	0.265	0.168	-0.112	-0.009	-0.056	
0.10	0.283	0.264	0.162	-0.199	-0.012	-0.051	
0.15	0.291	0.263	0.148	-0.291	-0.014	-0.049	
0.20	0.298	0.263	0.131	-0.361	-0.017	-0.035	
0.25	0.305	0.262	0.112	-0.418	-0.018	-0.020	
0.30	0.310	0.261	0.090	-0.470	-0.019	-0.016	
0.35	0.314	0.260	0.065	-0.511	-0.020	-0.010	
0.40	0.316	0.259	0.038	-0.531	-0.019	-0.015	
0.45	0.317	0.258	0.010	-0.529	-0.021	-0.013	
0.50	0.317	0.257	-0.016	-0.510	-0.022	0.019	
0.55	0.316	0.256	-0.041	-0.485	-0.019	0.043	
0.60	0.313	0.255	-0.064	-0.468	-0.016	0.047	
0.65	0.309	0.254	-0.088	-0.442	-0.015	0.053	
0.70	0.304	0.253	-0.109	-0.398	-0.012	0.072	
0.75	0.298	0.253	-0.128	-0.343	-0.007	0.079	
0.80	0.291	0.253	-0.144	-0.269	-0.004	0.075	
0.85	0.284	0.252	-0.155	-0.201	-0.000	0.087	
0.90	0.276	0.252	-0.163	-0.163	0.005	0.097	
0.95	0.268	0.253	-0.170	-0.125	0.011	0.090	
1.00	0.259	0.254	-0.181	0.011	0.014	0.085	
1.05	0.248	0.254	-0.169	0.149	0.018	0.098	
1.10	0.242	0.255	-0.160	0.188	0.025	0.090	
1.15	0.233	0.257	-0.155	0.291	0.028	0.061	
1.20	0.226	0.258	-0.132	0.401	0.029	0.056	
1.25	0.220	0.260	-0.111	0.442	0.034	0.055	
1.30	0.215	0.262	-0.086	0.450	0.036	0.032	
1.35	0.211	0.263	-0.066	0.454	0.036	0.010	
1.40	0.208	0.265	-0.043	0.493	0.037	-0.008	
1.45	0.207	0.267	-0.016	0.530	0.036	-0.025	
1.50	0.206	0.269	0.011	0.547	0.034	-0.039	
1.55	0.208	0.271	0.039	0.545	0.032	-0.055	
1.60	0.210	0.272	0.072	0.438	0.029	-0.075	
1.65	0.216	0.274	0.084	0.318	0.025	-0.100	
1.70	0.218	0.275	0.093	0.382	0.019	-0.123	
1.75	0.224	0.275	0.121	0.454	0.012	-0.143	
1.80	0.231	0.276	0.148	0.355	0.004	-0.150	
1.85	0.240	0.276	0.161	0.170	-0.004	-0.137	
1.90	0.247	0.275	0.161	0.048	-0.009	-0.137	
1.95	0.256	0.275	0.163	-0.015	-0.017	-0.145	
2.00	0.264	0.274	0.160	-0.086	-0.024	-0.132	
2.05	0.272	0.273	0.153	-0.137	-0.030	-0.118	
2.10	0.279	0.271	0.146	-0.174	-0.036	-0.096	
2.15	0.286	0.269	0.137	-0.231	-0.040	-0.064	
2.20	0.293	0.267	0.123	-0.305	-0.042	-0.043	
2.25	0.299	0.264	0.106	-0.374	-0.044	-0.041	
2.30	0.304	0.262	0.085	-0.415	-0.046	-0.050	
2.35	0.307	0.260	0.063	-0.433	-0.050	-0.034	
2.40	0.310	0.257	0.042	-0.455	-0.051	0.012	
2.45	0.312	0.255	0.018	-0.476	-0.048	0.044	
2.50	0.312	0.253	-0.007	-0.479	-0.046	0.059	
2.55	0.311	0.250	-0.031	-0.456	-0.042	0.084	
2.60	0.309	0.248	-0.053	-0.425	-0.037	0.111	
2.65	0.306	0.246	-0.073	-0.404	-0.031	0.141	
2.70	0.301	0.245	-0.093	-0.374	-0.023	0.162	
2.75	0.296	0.244	-0.112	-0.314	-0.015	0.173	
2.80	0.290	0.244	-0.126	-0.234	-0.005	0.179	
2.85	0.283	0.244	-0.134	-0.173	0.004	0.178	
2.90	0.277	0.244	-0.141	-0.149	0.013	0.173	
2.95	0.269	0.245	-0.148	-0.130	0.020	0.176	
3.00	0.262	0.246	-0.160	-0.013	0.030	0.182	
3.05	0.252	0.248	-0.150	0.114	0.040	0.154	
3.10	0.247	0.250	-0.142	0.147	0.046	0.111	
3.15	0.238	0.252	-0.139	0.232	0.051	0.082	
3.20	0.233	0.255	-0.120	0.320	0.053	0.069	
3.25	0.227	0.258	-0.105	0.370	0.056	0.075	
3.30	0.222	0.261	-0.083	0.409	0.062	0.058	
3.35	0.218	0.264	-0.061	0.400	0.064	0.006	
3.40	0.216	0.267	-0.044	0.408	0.062	-0.038	
3.45	0.214	0.270	-0.022	0.443	0.059	-0.057	
3.50	0.214	0.273	0.003	0.455	0.057	-0.079	
3.55	0.215	0.276	0.023	0.473	0.051	-0.109	
3.60	0.215	0.278	0.048	0.515	0.046	-0.135	
3.65	0.219	0.281	0.082	0.417	0.038	-0.165	
3.70	0.225	0.282	0.091	0.284	0.028	-0.180	
3.75	0.227	0.283	0.103	0.271	0.020	-0.188	
3.80	0.235	0.284	0.122	0.202	0.010	-0.201	
3.85	0.241	0.285	0.124	0.127	-0.000	-0.209	
3.90	0.247	0.284	0.131	0.098	-0.011	-0.208	
3.95	0.254	0.283	0.136	0.034	-0.022	-0.200	
4.00	0.261	0.282	0.135	-0.034	-0.031	-0.200	
4.05	0.267	0.280	0.132	-0.100	-0.042	-0.192	
4.10	0.274	0.278	0.125	-0.165	-0.051	-0.160	
4.15	0.280	0.275	0.115	-0.214	-0.057	-0.136	
4.20	0.286	0.272	0.103	-0.252	-0.064	-0.125	
4.25	0.291	0.269	0.089	-0.281	-0.071	-0.092	
4.30	0.295	0.265	0.075	-0.306	-0.074	-0.049	
4.35	0.298	0.261	0.059	-0.338	-0.075	-0.016	
4.40	0.301	0.257	0.041	-0.372	-0.076	0.023	
4.45	0.302	0.254	0.021	-0.389	-0.073	0.062	
4.50	0.303	0.250	0.001	-0.381	-0.069	0.090	
4.55	0.302	0.247	-0.017	-0.374	-0.064	0.120	
4.60	0.301	0.243	-0.036	-0.365	-0.057	0.155	
4.65	0.299	0.241	-0.055	-0.325	-0.048	0.183	
4.70	0.295	0.239	-0.070	-0.268	-0.039	0.209	
4.75	0.292	0.237	-0.080	-0.232	-0.028	0.239	
4.80	0.288	0.236	-0.092	-0.219	-0.014	0.254	
4.85	0.282	0.236	-0.103	-0.182	-0.001	0.246	
4.90	0.277	0.236	-0.110	-0.140	0.010	0.244	
4.95	0.271	0.236	-0.115	-0.129	0.023	0.244	
5.00	0.266	0.238	-0.123	-0.104	0.035	0.238	
5.05	0.259	0.240	-0.132	0.033	0.047	0.230	
5.10	0.251	0.243	-0.124	0.227	0.059	0.198	
5.15	0.246	0.246	-0.098	0.225	0.068	0.144	
5.20	0.243	0.250	-0.096	0.134	0.072	0.100	
5.25	0.236	0.253	-0.095	0.212	0.076	0.082	
5.30	0.233	0.257	-0.076	0.312	0.081	0.049	
5.35	0.229	0.262	-0.059	0.335	0.082	0.007	
5.40	0.227	0.265	-0.042	0.332	0.081	-0.021	
5.45	0.225	0.270	-0.026	0.332	0.080	-0.059	
5.50	0.224	0.274	-0.009	0.339	0.076	-0.104	
5.55	0.224	0.277	0.008	0.345	0.069	-0.133	
5.60	0.225	0.281	0.026	0.351	0.062	-0.151	
5.65	0.227	0.283	0.042	0.363	0.055	-0.186	
5.70	0.229	0.286	0.060	0.386	0.044	-0.234	
5.75	0.232	0.288	0.086	0.306	0.030	-0.256	
5.80	0.238	0.289	0.097	0.124	0.017	-0.247	
5.85	0.243	0.290	0.093	0.035	0.006	-0.253	
5.90	0.247	0.290	0.095	0.055	-0.007	-0.271	
5.95	0.252	0.289	0.099	0.075	-0.022	-0.261	
6.00	0.257	0.288	0.105	0.047	-0.034	-0.239	
6.05	0.263	0.286	0.106	-0.026	-0.046	-0.222	
6.10	0.268	0.283	0.103	-0.109	-0.056	-0.210	
6.15	0.273	0.280	0.094	-0.174	-0.067	-0.187	
6.20	0.277	0.276	0.083	-0.191	-0.076	-0.138	
6.25	0.281	0.272	0.074	-0.182	-0.080	-0.102	
6.30	0.285	0.268	0.066	-0.198	-0.086	-0.080	
6.35	0.288	0.264	0.055	-0.238	-0.090	-0.034	
6.40	0.291	0.259	0.042	-0.286	-0.089	0.014	
6.45	0.292	0.255	0.025	-0.306	-0.087	0.041	
6.50	0.293	0.250	0.010	-0.295	-0.086	0.087	
6.55	0.293	0.246	-0.004	-0.278	-0.079	0.148	
6.60	0.292	0.242	-0.017	-0.263	-0.070	0.183	
6.65	0.292	0.239	-0.030	-0.259	-0.061	0.211	
6.70	0.289	0.236	-0.044	-0.241	-0.049	0.249	
6.75	0.287	0.234	-0.055	-0.204	-0.035	0.271	
6.80	0.284	0.233	-0.064	-0.166	-0.021	0.267	
6.85	0.281	0.232	-0.070	-0.149	-0.009	0.282	
6.90	0.277	0.232	-0.079	-0.127	0.006	0.314	
6.95	0.273	0.232	-0.085	-0.072	0.024	0.309	
7.00	0.268	0.234	-0.086	-0.021	0.039	0.277	
7.05	0.264	0.236	-0.086	0.020	0.051	0.246	
7.10	0.259	0.239	-0.084	0.060	0.063	0.218	
7.15	0.255	0.243	-0.080	0.085	0.073	0.189	
7.20	0.252	0.247	-0.075	0.104	0.082	0.153	
7.25	0.248	0.251	-0.070	0.141	0.089	0.103	
7.30	0.244	0.256	-0.062	0.189	0.093	0.048	
7.35	0.241	0.260	-0.050	0.219	0.093	0.011	
7.40	0.239	0.265	-0.039	0.229	0.093	-0.008	
7.45	0.238	0.270	-0.027	0.226	0.093	-0.042	
7.50	0.237	0.274	-0.016	0.214	0.090	-0.097	
7.55	0.236	0.279	-0.005	0.198	0.084	-0.162	
7.60	0.237	0.283	-0.001	0.255	0.073	-0.216	
7.65	0.235	0.286	0.019	0.328	0.061	-0.243	
7.70	0.238	0.289	0.042	0.229	0.049	-0.263	
7.75	0.240	0.291	0.044	0.100	0.034	-0.281	
7.80	0.243	0.292	0.047	0.066	0.020	-0.293	
7.85	0.245	0.293	0.044	0.145	0.005	-0.303	
7.90	0.246	0.293	0.061	0.221	-0.010	-0.305	
7.95	0.251	0.292	0.077	0.111	-0.026	-0.298	
8.00	0.255	0.290	0.072	-0.003	-0.041	-0.270	
8.05	0.258	0.288	0.070	-0.019	-0.053	-0.236	
8.10	0.262	0.285	0.071	-0.035	-0.064	-0.208	
8.15	0.265	0.281	0.069	-0.072	-0.074	-0.185	
8.20	0.269	0.278	0.063	-0.110	-0.083	-0.166	
8.25	0.272	0.273	0.057	-0.130	-0.091	-0.130	
8.30	0.274	0.268	0.050	-0.138	-0.096	-0.077	
8.35	0.277	0.263	0.043	-0.144	-0.099	-0.025	
8.40	0.279	0.258	0.036	-0.155	-0.099	0.021	
8.45	0.280	0.253	0.027	-0.166	-0.096	0.060	
8.50	0.281	0.249	0.019	-0.176	-0.093	0.107	
8.55	0.282	0.244	0.010	-0.186	-0.087	0.170	
8.60	0.282	0.240	0.000	-0.189	-0.075	0.214	
8.65	0.282	0.236	-0.010	-0.179	-0.064	0.239	
8.70	0.281	0.233	-0.018	-0.159	-0.051	0.267	
8.75	0.280	0.231	-0.026	-0.139	-0.037	0.292	
8.80	0.279	0.230	-0.032	-0.122	-0.022	0.324	
8.85	0.277	0.229	-0.038	-0.108	-0.004	0.340	
8.90	0.275	0.229	-0.043	-0.095	0.012	0.337	
8.95	0.273	0.230	-0.047	-0.077	0.030	0.320	
9.00	0.270	0.232	-0.051	-0.051	0.045	0.288	
9.05	0.268	0.235	-0.053	-0.020	0.058	0.258	
9.10	0.265	0.238	-0.053	0.012	0.071	0.226	
9.15	0.262	0.242	-0.051	0.029	0.081	0.186	
9.20	0.260	0.246	-0.049	0.027	0.090	0.140	
9.25	0.257	0.251	-0.049	0.048	0.095	0.092	
9.30	0.255	0.256	-0.045	0.087	0.099	0.042	
9.35	0.253	0.261	-0.040	0.108	0.099	0.000	
9.40	0.251	0.266	-0.033	0.110	0.098	-0.027	
9.45	0.250	0.271	-0.029	0.112	0.097	-0.069	
9.50	0.248	0.276	-0.023	0.127	0.093	-0.130	
9.55	0.247	0.280	-0.016	0.140	0.084	-0.178	
9.60	0.246	0.284	-0.009	0.143	0.074	-0.208	
9.65	0.246	0.288	-0.001	0.142	0.063	-0.238	
9.70	0.246	0.291	0.006	0.130	0.051	-0.282	
9.75	0.247	0.293	0.012	0.108	0.034	-0.317	
9.80	0.248	0.294	0.016	0.098	0.018	-0.321	
9.85	0.249	0.295	0.021	0.105	0.002	-0.311	
9.90	0.250	0.294	0.027	0.102	-0.014	-0.292	
9.95	0.251	0.293	0.033	0.076	-0.027	-0.284	
10.00	0.253	0.292	0.035	0.042	-0.042	-0.286	
10.05	0.255	0.289	0.036	0.031	-0.057	-0.263	
10.10	0.257	0.286	0.038	0.026	-0.069	-0.220	
10.15	0.259	0.282	0.038	0.018	-0.078	-0.179	
10.20	0.260	0.278	0.040	0.012	-0.086	-0.150	
10.25	0.263	0.274	0.041	-0.015	-0.094	-0.113	
10.30	0.265	0.268	0.038	-0.043	-0.098	-0.067	
10.35	0.267	0.264	0.036	-0.058	-0.101	-0.020	
10.40	0.268	0.258	0.032	-0.071	-0.101	0.046	
10.45	0.270	0.253	0.028	-0.079	-0.095	0.099	
10.50	0.271	0.249	0.024	-0.076	-0.090	0.122	
10.55	0.272	0.244	0.021	-0.071	-0.084	0.157	
10.60	0.273	0.240	0.018	-0.093	-0.074	0.202	
10.65	0.274	0.237	0.011	-0.110	-0.063	0.232	
10.70	0.274	0.234	0.006	-0.105	-0.051	0.265	
10.75	0.275	0.232	0.001	-0.102	-0.037	0.306	
10.80	0.274	0.230	-0.004	-0.098	-0.020	0.330	
10.85	0.274	0.229	-0.009	-0.092	-0.002	0.328	
10.90	0.274	0.230	-0.014	-0.085	0.014	0.302	
10.95	0.273	0.231	-0.018	-0.067	0.027	0.286	
11.00	0.272	0.233	-0.020	-0.049	0.042	0.277	
11.05	0.271	0.235	-0.022	-0.042	0.055	0.262	
11.10	0.269	0.238	-0.024	-0.042	0.068	0.240	
11.15	0.268	0.242	-0.026	-0.043	0.080	0.194	
11.20	0.267	0.246	-0.029	-0.027	0.088	0.138	
11.25	0.265	0.251	-0.030	0.002	0.094	0.089	
11.30	0.264	0.256	-0.028	0.012	0.097	0.042	
11.35	0.262	0.261	-0.028	0.007	0.098	-0.010	
11.40	0.261	0.266	-0.028	0.003	0.096	-0.066	
11.45	0.260	0.271	-0.028	0.013	0.091	-0.110	
11.50	0.258	0.275	-0.027	0.034	0.085	-0.143	
11.55	0.257	0.279	-0.024	0.047	0.077	-0.175	
11.60	0.256	0.283	-0.022	0.056	0.067	-0.201	
11.65	0.255	0.286	-0.019	0.062	0.057	-0.234	
11.70	0.254	0.288	-0.015	0.063	0.044	-0.267	
11.75	0.253	0.290	-0.012	0.057	0.029	-0.284	
11.80	0.253	0.291	-0.009	0.049	0.015	-0.283	
11.85	0.252	0.292	-0.008	0.056	0.001	-0.283	
11.90	0.252	0.292	-0.005	0.084	-0.013	-0.288	
11.95	0.252	0.291	0.001	0.106	-0.029	-0.270	
12.00	0.252	0.288	0.008	0.089	-0.041	-0.233	
12.05	0.253	0.286	0.010	0.059	-0.051	-0.215	
12.10	0.253	0.283	0.012	0.057	-0.062	-0.207	
12.15	0.254	0.280	0.016	0.056	-0.073	-0.172	
12.20	0.255	0.276	0.018	0.054	-0.080	-0.117	
12.25	0.255	0.272	0.021	0.058	-0.084	-0.081	
12.30	0.257	0.268	0.024	0.053	-0.088	-0.050	
12.35	0.258	0.263	0.027	0.037	-0.090	0.002	
12.40	0.259	0.258	0.028	0.014	-0.088	0.047	
12.45	0.261	0.254	0.027	0.007	-0.084	0.074	
12.50	0.262	0.250	0.028	0.007	-0.081	0.110	
12.55	0.264	0.246	0.028	-0.003	-0.074	0.159	
12.60	0.265	0.243	0.027	-0.003	-0.064	0.196	
12.65	0.266	0.240	0.029	-0.017	-0.054	0.234	
12.70	0.268	0.237	0.027	-0.047	-0.041	0.269	
12.75	0.269	0.235	0.023	-0.059	-0.026	0.277	
12.80	0.270	0.234	0.020	-0.062	-0.012	0.274	
12.85	0.271	0.234	0.017	-0.066	0.001	0.275	
12.90	0.272	0.234	0.014	-0.069	0.015	0.280	
12.95	0.272	0.236	0.010	-0.076	0.030	0.258	
13.00	0.273	0.238	0.006	-0.087	0.041	0.223	
13.05	0.273	0.240	0.002	-0.097	0.051	0.204	
13.10	0.273	0.243	-0.004	-0.098	0.061	0.185	
13.15	0.273	0.246	-0.009	-0.087	0.070	0.159	
13.20	0.272	0.250	-0.012	-0.074	0.078	0.108	
13.25	0.271	0.254	-0.016	-0.072	0.082	0.046	
13.30	0.270	0.258	-0.020	-0.067	0.081	0.011	
13.35	0.269	0.262	-0.023	-0.061	0.082	-0.000	
13.40	0.268	0.266	-0.026	-0.054	0.083	-0.037	
13.45	0.267	0.271	-0.028	-0.040	0.079	-0.098	
13.50	0.265	0.274	-0.030	-0.023	0.072	-0.145	
13.55	0.264	0.278	-0.030	-0.017	0.065	-0.184	
13.60	0.262	0.281	-0.031	-0.019	0.053	-0.203	
13.65	0.261	0.283	-0.033	-0.004	0.043	-0.205	
13.70	0.259	0.285	-0.032	0.019	0.034	-0.228	
13.75	0.257	0.287	-0.030	0.031	0.021	-0.253	
13.80	0.256	0.287	-0.029	0.046	0.007	-0.259	
13.85	0.254	0.287	-0.026	0.064	-0.005	-0.257	
13.90	0.253	0.287	-0.022	0.072	-0.018	-0.249	
13.95	0.252	0.285	-0.019	0.078	-0.031	-0.233	
14.00	0.252	0.284	-0.014	0.081	-0.042	-0.207	
14.05	0.251	0.281	-0.011	0.092	-0.052	-0.168	
14.10	0.250	0.278	-0.005	0.105	-0.059	-0.125	
14.15	0.250	0.275	0.000	0.108	-0.064	-0.091	
14.20	0.250	0.272	0.006	0.101	-0.067	-0.074	
14.25	0.251	0.268	0.010	0.094	-0.071	-0.065	
14.30	0.251	0.265	0.015	0.099	-0.075	-0.028	
14.35	0.252	0.261	0.020	0.098	-0.076	0.037	
14.40	0.253	0.257	0.026	0.075	-0.070	0.075	
14.45	0.255	0.254	0.028	0.051	-0.066	0.079	
14.50	0.256	0.250	0.029	0.061	-0.063	0.102	
14.55	0.258	0.247	0.034	0.074	-0.057	0.147	
14.60	0.260	0.245	0.039	0.044	-0.048	0.188	
14.65	0.262	0.242	0.039	0.004	-0.037	0.204	
14.70	0.264	0.241	0.037	-0.009	-0.027	0.200	
14.75	0.265	0.240	0.038	-0.013	-0.018	0.217	
14.80	0.268	0.239	0.037	-0.037	-0.006	0.244	
14.85	0.269	0.239	0.034	-0.055	0.008	0.238	
14.90	0.271	0.240	0.031	-0.060	0.019	0.216	
14.95	0.272	0.241	0.028	-0.074	0.029	0.207	
15.00	0.274	0.243	0.024	-0.093	0.040	0.188	
15.05	0.275	0.245	0.019	-0.111	0.048	0.152	
15.10	0.276	0.248	0.013	-0.128	0.055	0.120	
15.15	0.276	0.251	0.006	-0.136	0.060	0.098	
15.20	0.276	0.254	-0.001	-0.132	0.065	0.072	
15.25	0.276	0.257	-0.008	-0.128	0.068	0.034	
15.30	0.275	0.261	-0.014	-0.117	0.069	-0.013	
15.35	0.274	0.264	-0.020	-0.100	0.066	-0.054	
15.40	0.273	0.267	-0.024	-0.098	0.062	-0.069	
15.45	0.272	0.270	-0.029	-0.101	0.060	-0.091	
15.50	0.270	0.273	-0.035	-0.085	0.054	-0.129	
15.55	0.269	0.276	-0.038	-0.065	0.046	-0.149	
15.60	0.267	0.278	-0.041	-0.052	0.039	-0.164	
15.65	0.264	0.280	-0.043	-0.039	0.030	-0.187	
15.70	0.262	0.281	-0.045	-0.021	0.019	-0.199	
15.75	0.260	0.281	-0.046	0.019	0.009	-0.199	
15.80	0.257	0.282	-0.042	0.052	0.000	-0.205	
15.85	0.256	0.282	-0.040	0.058	-0.012	-0.203	
15.90	0.253	0.281	-0.037	0.076	-0.022	-0.171	
15.95	0.252	0.279	-0.032	0.089	-0.029	-0.138	
16.00	0.250	0.278	-0.028	0.094	-0.034	-0.130	
16.05	0.249	0.276	-0.024	0.118	-0.042	-0.123	
16.10	0.248	0.273	-0.016	0.146	-0.047	-0.100	
16.15	0.247	0.271	-0.007	0.145	-0.052	-0.077	
16.20	0.247	0.268	-0.002	0.140	-0.055	-0.049	
16.25	0.247	0.265	0.006	0.145	-0.056	-0.019	
16.30	0.248	0.263	0.014	0.123	-0.057	0.009	
16.35	0.249	0.260	0.018	0.108	-0.055	0.035	
16.40	0.250	0.257	0.023	0.126	-0.054	0.062	
16.45	0.251	0.254	0.031	0.128	-0.050	0.097	
16.50	0.253	0.252	0.038	0.095	-0.043	0.111	
16.55	0.255	0.250	0.041	0.059	-0.038	0.120	
16.60	0.257	0.248	0.043	0.037	-0.032	0.143	
16.65	0.259	0.247	0.044	0.025	-0.024	0.162	
16.70	0.261	0.246	0.045	0.018	-0.015	0.173	
16.75	0.264	0.245	0.046	0.009	-0.006	0.170	
16.80	0.266	0.245	0.047	-0.016	0.002	0.163	
16.85	0.268	0.245	0.045	-0.045	0.010	0.156	
16.90	0.270	0.246	0.042	-0.074	0.018	0.145	
16.95	0.273	0.247	0.038	-0.108	0.024	0.138	
17.00	0.274	0.249	0.030	-0.123	0.031	0.138	
17.05	0.276	0.250	0.024	-0.122	0.039	0.123	
17.10	0.277	0.252	0.019	-0.135	0.045	0.086	
17.15	0.278	0.255	0.011	-0.155	0.048	0.037	
17.20	0.278	0.257	0.003	-0.157	0.047	0.008	
17.25	0.278	0.260	-0.005	-0.145	0.048	-0.011	
17.30	0.277	0.262	-0.012	-0.133	0.047	-0.031	
17.35	0.277	0.264	-0.018	-0.123	0.045	-0.048	
17.40	0.276	0.267	-0.023	-0.124	0.043	-0.084	
17.45	0.274	0.269	-0.030	-0.128	0.036	-0.104	
17.50	0.273	0.270	-0.037	-0.117	0.031	-0.091	
17.55	0.271	0.272	-0.042	-0.102	0.028	-0.097	
17.60	0.268	0.273	-0.048	-0.065	0.022	-0.126	
17.65	0.265	0.274	-0.049	-0.022	0.014	-0.144	
17.70	0.263	0.275	-0.048	-0.013	0.007	-0.144	
17.75	0.261	0.275	-0.051	0.000	0.000	-0.140	
17.80	0.258	0.275	-0.049	0.029	-0.007	-0.134	
17.85	0.256	0.274	-0.047	0.049	-0.014	-0.126	
17.90	0.253	0.273	-0.045	0.082	-0.020	-0.109	
17.95	0.251	0.272	-0.039	0.117	-0.024	-0.091	
18.00	0.250	0.271	-0.032	0.123	-0.029	-0.066	
18.05	0.248	0.269	-0.027	0.126	-0.031	-0.043	
18.10	0.247	0.268	-0.020	0.140	-0.033	-0.034	
18.15	0.246	0.266	-0.013	0.154	-0.034	-0.027	
18.20	0.245	0.264	-0.004	0.157	-0.036	-0.014	
18.25	0.246	0.262	0.004	0.144	-0.036	0.013	
18.30	0.246	0.261	0.009	0.149	-0.034	0.038	
18.35	0.246	0.259	0.018	0.158	-0.032	0.050	
18.40	0.248	0.257	0.026	0.144	-0.029	0.050	
18.45	0.249	0.256	0.033	0.124	-0.027	0.051	
18.50	0.251	0.255	0.039	0.103	-0.025	0.075	
18.55	0.253	0.253	0.043	0.079	-0.020	0.106	
18.60	0.256	0.252	0.046	0.070	-0.014	0.133	
18.65	0.257	0.252	0.050	0.065	-0.005	0.129	
18.70	0.261	0.252	0.054	0.030	0.000	0.097	
18.75	0.263	0.252	0.053	-0.012	0.004	0.079	
18.80	0.266	0.252	0.052	-0.045	0.007	0.082	
18.85	0.268	0.253	0.048	-0.070	0.011	0.094	
18.90	0.271	0.253	0.045	-0.090	0.018	0.091	
18.95	0.273	0.255	0.039	-0.109	0.021	0.069	
19.00	0.275	0.256	0.033	-0.112	0.024	0.059	
19.05	0.276	0.257	0.028	-0.121	0.028	0.043	
19.10	0.277	0.259	0.022	-0.142	0.029	0.014	
19.15	0.279	0.260	0.014	-0.165	0.029	-0.007	
19.20	0.279	0.262	0.005	-0.176	0.028	-0.019	
19.25	0.279	0.263	-0.005	-0.161	0.026	-0.022	
19.30	0.278	0.264	-0.011	-0.148	0.026	-0.033	
19.35	0.278	0.265	-0.018	-0.157	0.023	-0.044	
19.40	0.277	0.266	-0.027	-0.158	0.021	-0.049	
19.45	0.275	0.267	-0.035	-0.137	0.019	-0.069	
19.50	0.273	0.268	-0.041	-0.102	0.014	-0.096	
19.55	0.271	0.269	-0.045	-0.077	0.008	-0.099	
19.60	0.269	0.269	-0.048	-0.065	0.004	-0.082	
19.65	0.266	0.269	-0.052	-0.047	0.000	-0.068	
19.70	0.263	0.269	-0.055	-0.001	-0.003	-0.058	
19.75	0.260	0.269	-0.051	0.040	-0.005	-0.062	
19.80	0.258	0.269	-0.048	0.036	-0.009	-0.064	
19.85	0.256	0.268	-0.049	0.047	-0.012	-0.056	
19.90	0.253	0.268	-0.046	0.095	-0.014	-0.052	
19.95	0.251	0.267	-0.038	0.118	-0.018	-0.040	
20.00	0.250	0.266	-0.032	0.118	-0.019	-0.022	
20.05	0.248	0.265	-0.027	0.126	-0.019	-0.012	
20.10	0.247	0.264	-0.020	0.134	-0.020	-0.002	
20.15	0.246	0.263	-0.014	0.154	-0.020	0.013	
20.20	0.245	0.262	-0.005	0.180	-0.018	0.020	
20.25	0.245	0.261	0.005	0.187	-0.018	0.024	
20.30	0.246	0.260	0.015	0.172	-0.016	0.030	
20.35	0.247	0.259	0.024	0.133	-0.014	0.030	
20.40	0.248	0.258	0.028	0.102	-0.014	0.046	
20.45	0.250	0.258	0.032	0.095	-0.010	0.066	
20.50	0.252	0.257	0.037	0.098	-0.006	0.066	
20.55	0.253	0.257	0.043	0.096	-0.003	0.061	
20.60	0.256	0.257	0.048	0.070	-0.000	0.058	
20.65	0.258	0.257	0.049	0.047	0.002	0.057	
20.70	0.261	0.257	0.052	0.025	0.006	0.048	
20.75	0.264	0.258	0.053	-0.017	0.008	0.031	
20.80	0.266	0.258	0.050	-0.052	0.008	0.030	
20.85	0.269	0.259	0.047	-0.076	0.010	0.033	
20.90	0.271	0.259	0.042	-0.097	0.012	0.019	
20.95	0.273	0.260	0.037	-0.106	0.013	0.001	
21.00	0.275	0.261	0.032	-0.120	0.011	0.007	
21.05	0.276	0.261	0.025	-0.132	0.013	0.015	
21.10	0.277	0.262	0.018	-0.131	0.015	-0.008	
21.15	0.278	0.263	0.013	-0.150	0.012	-0.021	
21.20	0.279	0.263	0.004	-0.174	0.011	-0.016	
21.25	0.278	0.264	-0.006	-0.171	0.012	-0.032	
21.30	0.278	0.264	-0.014	-0.157	0.008	-0.052	
21.35	0.277	0.264	-0.022	-0.141	0.005	-0.044	
21.40	0.276	0.265	-0.028	-0.121	0.004	-0.027	
21.45	0.274	0.265	-0.033	-0.113	0.003	-0.018	
21.50	0.273	0.265	-0.040	-0.091	0.003	-0.031	
21.55	0.270	0.265	-0.043	-0.051	-0.000	-0.048	
21.60	0.268	0.265	-0.043	-0.042	-0.004	-0.031	
21.65	0.266	0.265	-0.047	-0.038	-0.003	-0.017	
21.70	0.263	0.265	-0.049	-0.011	-0.004	-0.029	
21.75	0.261	0.264	-0.048	0.023	-0.006	-0.030	
21.80	0.258	0.264	-0.046	0.045	-0.008	-0.016	
21.85	0.256	0.263	-0.044	0.060	-0.009	0.007	
21.90	0.254	0.263	-0.040	0.084	-0.006	0.013	
21.95	0.252	0.263	-0.035	0.100	-0.006	-0.003	
22.00	0.250	0.262	-0.030	0.114	-0.008	-0.007	
22.05	0.249	0.262	-0.024	0.133	-0.007	-0.000	
22.10	0.248	0.262	-0.017	0.147	-0.008	0.012	
22.15	0.247	0.261	-0.009	0.152	-0.006	0.028	
22.20	0.247	0.261	-0.001	0.146	-0.004	0.032	
22.25	0.247	0.261	0.006	0.143	-0.003	0.032	
22.30	0.248	0.261	0.013	0.148	-0.001	0.035	
22.35	0.249	0.261	0.021	0.138	0.001	0.029	
22.40	0.250	0.261	0.028	0.110	0.002	0.020	
22.45	0.251	0.261	0.032	0.092	0.003	0.014	
22.50	0.253	0.261	0.036	0.088	0.003	0.015	
22.55	0.255	0.261	0.041	0.077	0.004	0.015	
22.60	0.257	0.262	0.044	0.056	0.005	0.009	
22.65	0.259	0.262	0.047	0.024	0.005	0.012	
22.70	0.262	0.262	0.047	-0.013	0.006	0.010	
22.75	0.264	0.262	0.045	-0.039	0.006	-0.004	
22.80	0.266	0.263	0.043	-0.056	0.006	-0.019	
22.85	0.269	0.263	0.040	-0.080	0.004	-0.021	
22.90	0.270	0.263	0.034	-0.099	0.004	-0.022	
22.95	0.272	0.263	0.029	-0.104	0.002	-0.035	
23.00	0.273	0.263	0.024	-0.106	-0.001	-0.026	
23.05	0.274	0.263	0.019	-0.111	-0.001	-0.010	
23.10	0.275	0.263	0.013	-0.122	-0.001	-0.015	
23.15	0.276	0.263	0.007	-0.136	-0.002	-0.016	
23.20	0.276	0.263	-0.000	-0.144	-0.002	-0.020	
23.25	0.276	0.263	-0.008	-0.140	-0.004	-0.030	
23.30	0.275	0.263	-0.016	-0.118	-0.006	-0.028	
23.35	0.274	0.262	-0.020	-0.099	-0.007	-0.020	
23.40	0.273	0.262	-0.025	-0.090	-0.008	-0.010	
23.45	0.271	0.261	-0.029	-0.079	-0.008	0.002	
23.50	0.270	0.261	-0.032	-0.080	-0.008	0.008	
23.55	0.268	0.261	-0.038	-0.066	-0.008	0.018	
23.60	0.266	0.260	-0.040	-0.036	-0.006	0.034	
23.65	0.264	0.260	-0.041	-0.001	-0.003	0.032	
23.70	0.262	0.260	-0.040	0.033	-0.003	0.025	
23.75	0.260	0.260	-0.036	0.034	-0.001	0.028	
23.80	0.259	0.260	-0.036	0.027	0.001	0.021	
23.85	0.257	0.260	-0.035	0.044	0.001	0.017	
23.90	0.255	0.260	-0.032	0.078	0.002	0.021	
23.95	0.253	0.260	-0.026	0.102	0.003	0.021	
24.00	0.252	0.260	-0.021	0.103	0.004	0.023	
24.05	0.251	0.260	-0.017	0.112	0.005	0.027	
24.10	0.251	0.261	-0.009	0.110	0.007	0.024	
24.15	0.251	0.261	-0.006	0.106	0.008	0.015	
24.20	0.250	0.262	-0.000	0.124	0.008	0.008	
24.25	0.250	0.262	0.008	0.120	0.008	0.016	
24.30	0.251	0.262	0.012	0.105	0.009	0.029	
24.35	0.252	0.263	0.018	0.101	0.012	0.016	
24.40	0.253	0.264	0.023	0.088	0.012	-0.016	
24.45	0.254	0.264	0.027	0.070	0.009	-0.029	
24.50	0.255	0.264	0.030	0.060	0.008	-0.016	
24.55	0.257	0.265	0.033	0.054	0.008	-0.009	
24.60	0.259	0.265	0.035	0.040	0.008	-0.021	
24.65	0.261	0.266	0.037	0.016	0.006	-0.040	
24.70	0.262	0.266	0.037	-0.010	0.004	-0.058	
24.75	0.264	0.266	0.036	-0.033	-0.000	-0.056	
24.80	0.266	0.266	0.034	-0.052	-0.002	-0.038	
24.85	0.268	0.266	0.030	-0.068	-0.003	-0.040	
24.90	0.269	0.266	0.026	-0.075	-0.006	-0.052	
24.95	0.270	0.265	0.023	-0.083	-0.009	-0.047	
25.00	0.271	0.265	0.018	-0.096	-0.011	-0.026	
25.05	0.272	0.264	0.013	-0.100	-0.012	-0.011	
25.10	0.273	0.263	0.009	-0.107	-0.011	-0.015	
25.15	0.273	0.263	0.002	-0.112	-0.013	-0.029	
25.20	0.273	0.262	-0.004	-0.098	-0.015	-0.024	
25.25	0.273	0.261	-0.007	-0.096	-0.015	-0.016	
25.30	0.272	0.261	-0.012	-0.104	-0.017	-0.007	
25.35	0.271	0.260	-0.019	-0.085	-0.017	0.023	
25.40	0.270	0.259	-0.022	-0.059	-0.014	0.046	
25.45	0.269	0.258	-0.023	-0.055	-0.012	0.053	
25.50	0.268	0.258	-0.026	-0.067	-0.008	0.043	
25.55	0.267	0.258	-0.032	-0.048	-0.007	0.028	
25.60	0.265	0.257	-0.032	0.003	-0.006	0.028	
25.65	0.263	0.257	-0.030	0.029	-0.004	0.035	
25.70	0.262	0.257	-0.028	0.027	-0.003	0.055	
25.75	0.261	0.256	-0.027	0.023	0.001	0.078	
25.80	0.259	0.257	-0.027	0.032	0.006	0.067	
25.85	0.258	0.257	-0.024	0.044	0.008	0.043	
25.90	0.257	0.258	-0.022	0.055	0.009	0.040	
25.95	0.256	0.258	-0.019	0.069	0.012	0.047	
26.00	0.255	0.259	-0.016	0.089	0.014	0.053	
26.05	0.254	0.259	-0.009	0.097	0.017	0.051	
26.10	0.254	0.261	-0.005	0.087	0.020	0.027	
26.15	0.254	0.262	-0.002	0.092	0.020	-0.000	
26.20	0.253	0.263	0.004	0.103	0.019	-0.008	
26.25	0.254	0.264	0.010	0.086	0.019	-0.005	
26.30	0.255	0.264	0.013	0.054	0.019	-0.007	
26.35	0.255	0.265	0.015	0.034	0.019	-0.027	
26.40	0.256	0.267	0.016	0.034	0.017	-0.054	
26.45	0.257	0.267	0.017	0.053	0.013	-0.070	
26.50	0.258	0.268	0.022	0.056	0.009	-0.072	
26.55	0.259	0.268	0.025	0.022	0.006	-0.064	
26.60	0.261	0.268	0.024	-0.012	0.003	-0.060	
26.65	0.262	0.268	0.022	-0.015	-0.000	-0.062	
26.70	0.263	0.268	0.022	-0.009	-0.003	-0.064	
26.75	0.264	0.268	0.022	-0.014	-0.007	-0.063	
26.80	0.265	0.268	0.021	-0.025	-0.009	-0.066	
26.85	0.266	0.267	0.020	-0.042	-0.013	-0.064	
26.90	0.267	0.266	0.017	-0.059	-0.016	-0.050	
26.95	0.268	0.265	0.013	-0.060	-0.018	-0.034	
27.00	0.268	0.264	0.010	-0.055	-0.019	-0.028	
27.05	0.269	0.264	0.008	-0.060	-0.021	-0.025	
27.10	0.269	0.262	0.005	-0.070	-0.023	-0.008	
27.15	0.269	0.261	0.000	-0.072	-0.022	0.013	
27.20	0.269	0.260	-0.003	-0.064	-0.021	0.023	
27.25	0.269	0.259	-0.006	-0.061	-0.019	0.026	
27.30	0.268	0.258	-0.009	-0.060	-0.018	0.032	
27.35	0.268	0.257	-0.012	-0.046	-0.017	0.048	
27.40	0.267	0.257	-0.014	-0.029	-0.014	0.061	
27.45	0.267	0.256	-0.014	-0.026	-0.010	0.068	
27.50	0.266	0.256	-0.016	-0.022	-0.006	0.065	
27.55	0.265	0.255	-0.017	-0.013	-0.004	0.066	
27.60	0.264	0.255	-0.017	-0.007	0.000	0.073	
27.65	0.263	0.255	-0.018	0.005	0.004	0.069	
27.70	0.262	0.256	-0.017	0.017	0.006	0.069	
27.75	0.261	0.256	-0.016	0.018	0.011	0.068	
27.80	0.261	0.257	-0.015	0.016	0.014	0.057	
27.85	0.260	0.257	-0.014	0.010	0.017	0.046	
27.90	0.259	0.258	-0.015	0.021	0.018	0.035	
27.95	0.258	0.259	-0.013	0.053	0.020	0.034	
28.00	0.258	0.260	-0.008	0.064	0.022	0.030	
28.05	0.257	0.261	-0.006	0.072	0.023	0.015	
28.10	0.257	0.263	-0.001	0.069	0.024	-0.003	
28.15	0.257	0.264	0.002	0.036	0.023	-0.014	
28.20	0.258	0.265	0.001	0.026	0.022	-0.024	
28.25	0.257	0.266	0.003	0.053	0.020	-0.040	
28.30	0.258	0.267	0.008	0.058	0.019	-0.064	
28.35	0.258	0.268	0.010	0.029	0.013	-0.077	
28.40	0.259	0.268	0.010	0.016	0.010	-0.072	
28.45	0.259	0.269	0.011	0.012	0.007	-0.074	
28.50	0.260	0.269	0.012	0.003	0.003	-0.073	
28.55	0.261	0.269	0.012	-0.004	-0.000	-0.081	
28.60	0.261	0.269	0.011	-0.003	-0.006	-0.084	
28.65	0.262	0.269	0.011	0.002	-0.010	-0.066	
28.70	0.262	0.268	0.012	-0.009	-0.012	-0.052	
28.75	0.263	0.267	0.010	-0.027	-0.015	-0.041	
28.80	0.263	0.267	0.009	-0.033	-0.016	-0.038	
28.85	0.264	0.266	0.007	-0.033	-0.018	-0.042	
28.90	0.264	0.265	0.005	-0.030	-0.021	-0.034	
28.95	0.264	0.264	0.004	-0.026	-0.022	-0.016	
29.00	0.264	0.263	0.003	-0.028	-0.022	-0.010	
29.05	0.265	0.262	0.001	-0.034	-0.023	0.003	
29.10	0.264	0.260	-0.001	-0.032	-0.022	0.030	
29.15	0.264	0.259	-0.002	-0.027	-0.019	0.044	
29.20	0.264	0.258	-0.003	-0.025	-0.017	0.034	
29.25	0.264	0.258	-0.005	-0.020	-0.016	0.029	
29.30	0.264	0.257	-0.005	-0.014	-0.015	0.042	
29.35	0.264	0.256	-0.006	-0.009	-0.012	0.059	
29.40	0.263	0.255	-0.007	0.014	-0.009	0.080	
29.45	0.263	0.255	-0.004	0.027	-0.004	0.097	
29.50	0.263	0.255	-0.002	0.000	0.002	0.088	
29.55	0.263	0.255	-0.005	-0.021	0.006	0.060	
29.60	0.262	0.256	-0.006	-0.014	0.007	0.054	
29.65	0.262	0.256	-0.006	0.005	0.010	0.062	
29.70	0.262	0.257	-0.005	0.021	0.013	0.064	
29.75	0.261	0.257	-0.004	0.036	0.016	0.063	
29.80	0.261	0.258	-0.002	0.043	0.021	0.045	
29.85	0.261	0.259	0.001	0.030	0.022	0.016	
29.90	0.261	0.260	0.002	0.003	0.021	0.006	
29.95	0.262	0.262	0.001	-0.017	0.021	0.011	
30.00	0.262	0.262	-0.001	-0.005	0.022	0.010	
30.05	0.261	0.264	0.000	0.014	0.024	-0.017	
30.10	0.262	0.265	0.002	0.006	0.021	-0.053	
30.15	0.262	0.266	0.001	-0.008	0.017	-0.059	
30.20	0.262	0.267	-0.000	0.002	0.014	-0.046	
30.25	0.261	0.267	0.000	0.029	0.013	-0.045	
30.30	0.262	0.268	0.004	0.024	0.010	-0.058	
30.35	0.262	0.268	0.004	-0.011	0.008	-0.079	
30.40	0.262	0.269	0.002	-0.030	0.003	-0.098	
30.45	0.262	0.269	0.001	-0.036	-0.004	-0.089	
30.50	0.262	0.268	-0.002	-0.022	-0.007	-0.061	
30.55	0.262	0.268	-0.002	0.007	-0.009	-0.046	
30.60	0.262	0.267	-0.000	0.018	-0.011	-0.050	
30.65	0.262	0.267	0.001	0.007	-0.014	-0.054	
30.70	0.262	0.266	0.000	-0.004	-0.017	-0.039	
30.75	0.262	0.265	-0.001	-0.001	-0.018	-0.018	
30.80	0.262	0.264	0.000	-0.005	-0.018	-0.014	
30.85	0.262	0.263	-0.000	-0.017	-0.019	-0.017	
30.90	0.262	0.262	-0.002	-0.011	-0.021	-0.004	
30.95	0.262	0.261	-0.002	0.002	-0.020	0.016	
31.00	0.262	0.260	-0.002	0.010	-0.018	0.020	
31.05	0.262	0.259	-0.001	0.018	-0.018	0.025	
31.10	0.262	0.258	0.001	0.012	-0.016	0.041	
31.15	0.262	0.258	0.001	-0.001	-0.014	0.052	
31.20	0.262	0.257	-0.000	0.004	-0.011	0.053	
31.25	0.262	0.257	0.001	0.020	-0.008	0.050	
31.30	0.262	0.256	0.003	0.021	-0.006	0.048	
31.35	0.262	0.256	0.003	0.011	-0.004	0.052	
31.40	0.262	0.256	0.003	0.002	-0.002	0.075	
31.45	0.262	0.256	0.003	-0.006	0.004	0.094	
31.50	0.262	0.256	0.003	-0.013	0.010	0.076	
31.55	0.263	0.257	0.002	-0.017	0.012	0.041	
31.60	0.263	0.257	0.001	-0.013	0.012	0.034	
31.65	0.263	0.258	0.001	-0.014	0.015	0.040	
31.70	0.263	0.259	-0.000	-0.017	0.018	0.029	
31.75	0.263	0.260	-0.002	-0.001	0.018	0.020	
31.80	0.262	0.261	-0.001	0.019	0.019	0.017	
31.85	0.262	0.262	0.002	0.012	0.020	0.008	
31.90	0.263	0.263	0.001	-0.011	0.020	-0.008	
31.95	0.263	0.264	-0.001	-0.016	0.019	-0.022	
32.00	0.263	0.265	-0.001	-0.015	0.018	-0.036	
32.05	0.263	0.266	-0.002	-0.015	0.015	-0.048	
32.10	0.262	0.266	-0.003	-0.004	0.013	-0.049	
32.15	0.262	0.267	-0.003	0.012	0.010	-0.051	
32.20	0.262	0.267	-0.001	0.014	0.008	-0.068	
32.25	0.262	0.268	-0.000	0.003	0.004	-0.081	
32.30	0.262	0.268	-0.001	-0.003	-0.001	-0.064	
32.35	0.262	0.268	-0.001	-0.009	-0.003	-0.050	
32.40	0.262	0.267	-0.002	-0.016	-0.005	-0.051	
32.45	0.262	0.267	-0.003	-0.011	-0.008	-0.049	
32.50	0.262	0.267	-0.003	0.002	-0.010	-0.045	
32.55	0.262	0.266	-0.003	0.015	-0.012	-0.044	
32.60	0.261	0.265	-0.001	0.021	-0.015	-0.036	
32.65	0.261	0.264	0.000	0.010	-0.016	-0.020	
32.70	0.262	0.264	-0.000	-0.001	-0.017	-0.007	
32.75	0.261	0.263	-0.001	0.016	-0.016	-0.008	
32.80	0.261	0.262	0.001	0.038	-0.017	-0.008	
32.85	0.261	0.261	0.004	0.023	-0.019	0.015	
32.90	0.262	0.260	0.004	-0.008	-0.016	0.041	
32.95	0.262	0.259	0.002	-0.009	-0.013	0.035	
33.00	0.262	0.259	0.002	0.006	-0.012	0.022	
33.05	0.262	0.258	0.004	-0.000	-0.012	0.040	
33.10	0.262	0.257	0.003	-0.015	-0.008	0.055	
33.15	0.262	0.257	0.001	-0.008	-0.005	0.043	
33.20	0.262	0.257	0.001	0.012	-0.005	0.047	
33.25	0.262	0.257	0.003	0.017	-0.001	0.066	
33.30	0.263	0.257	0.005	-0.007	0.003	0.066	
33.35	0.263	0.257	0.002	-0.026	0.006	0.049	
33.40	0.263	0.258	0.000	-0.013	0.008	0.030	
33.45	0.263	0.258	0.001	-0.004	0.008	0.030	
33.50	0.263	0.258	0.001	-0.014	0.010	0.042	
33.55	0.263	0.259	-0.000	-0.023	0.013	0.047	
33.60	0.263	0.259	-0.002	-0.014	0.016	0.037	
33.65	0.263	0.261	-0.002	0.006	0.017	0.017	
33.70	0.263	0.261	-0.001	0.008	0.017	0.009	
33.75	0.263	0.262	-0.001	-0.009	0.018	-0.006	
33.80	0.263	0.263	-0.002	-0.025	0.016	-0.020	
33.85	0.263	0.264	-0.004	-0.028	0.015	-0.015	
33.90	0.262	0.265	-0.006	-0.011	0.016	-0.024	
33.95	0.262	0.265	-0.006	0.018	0.013	-0.045	
34.00	0.262	0.266	-0.003	0.027	0.010	-0.058	
34.05	0.262	0.267	-0.002	0.018	0.007	-0.063	
34.10	0.262	0.267	-0.001	0.012	0.004	-0.067	
34.15	0.262	0.267	-0.001	0.006	0.000	-0.067	
34.20	0.262	0.267	-0.001	0.006	-0.003	-0.050	
34.25	0.261	0.267	-0.000	0.009	-0.004	-0.046	
34.30	0.262	0.267	0.000	0.011	-0.008	-0.045	
34.35	0.261	0.266	0.000	0.017	-0.010	-0.022	
34.40	0.262	0.265	0.002	0.018	-0.009	-0.018	
34.45	0.262	0.265	0.003	0.005	-0.011	-0.032	
34.50	0.262	0.264	0.003	-0.023	-0.013	-0.027	
34.55	0.262	0.264	0.000	-0.034	-0.014	-0.008	
34.60	0.262	0.263	-0.003	-0.003	-0.014	0.006	
34.65	0.262	0.262	-0.001	0.038	-0.012	-0.004	
34.70	0.262	0.262	0.003	0.038	-0.014	-0.009	
34.75	0.262	0.261	0.005	0.009	-0.014	0.008	
34.80	0.262	0.260	0.004	-0.018	-0.013	0.018	
34.85	0.263	0.259	0.002	-0.030	-0.013	0.030	
34.90	0.262	0.259	-0.000	-0.016	-0.010	0.045	
34.95	0.262	0.258	0.001	-0.007	-0.008	0.054	
35.00	0.263	0.258	-0.000	-0.009	-0.004	0.052	
35.05	0.262	0.258	-0.001	-0.001	-0.002	0.040	
35.10	0.262	0.258	-0.000	0.006	-0.001	0.038	
35.15	0.262	0.258	0.000	0.003	0.001	0.039	
35.20	0.262	0.258	0.001	-0.007	0.003	0.036	
35.25	0.263	0.258	-0.001	-0.016	0.005	0.036	
35.30	0.262	0.258	-0.003	0.003	0.006	0.044	
35.35	0.262	0.259	-0.000	0.021	0.010	0.046	
35.40	0.262	0.259	0.002	0.006	0.012	0.034	
35.45	0.262	0.260	0.000	-0.012	0.013	0.018	
35.50	0.262	0.261	-0.001	-0.012	0.013	0.004	
35.55	0.262	0.261	-0.001	-0.011	0.013	0.001	
35.60	0.262	0.262	-0.002	-0.012	0.014	-0.006	
35.65	0.262	0.263	-0.003	-0.001	0.012	-0.012	
35.70	0.262	0.263	-0.002	0.010	0.012	-0.002	
35.75	0.262	0.264	-0.001	0.017	0.013	-0.004	
35.80	0.262	0.265	0.000	0.019	0.012	-0.030	
35.85	0.262	0.265	0.001	0.010	0.010	-0.055	
35.90	0.262	0.266	0.001	-0.004	0.006	-0.058	
35.95	0.262	0.266	0.000	-0.010	0.003	-0.050	
36.00	0.262	0.266	-0.000	-0.006	0.001	-0.041	
36.05	0.262	0.266	-0.001	0.006	0.000	-0.046	
36.10	0.262	0.266	0.000	0.015	-0.003	-0.053	
36.15	0.262	0.265	0.002	0.003	-0.007	-0.033	
36.20	0.262	0.265	0.001	-0.016	-0.007	-0.011	
36.25	0.262	0.265	-0.001	-0.014	-0.007	-0.009	
36.30	0.262	0.265	-0.001	0.004	-0.007	-0.026	
36.35	0.262	0.264	0.000	0.016	-0.009	-0.043	
36.40	0.262	0.264	0.001	0.016	-0.013	-0.023	
36.45	0.262	0.263	0.002	0.010	-0.013	0.015	
36.50	0.262	0.262	0.002	0.005	-0.010	0.021	
36.55	0.262	0.262	0.003	-0.005	-0.009	0.002	
36.60	0.263	0.262	0.002	-0.015	-0.010	-0.016	
36.65	0.263	0.261	0.000	-0.013	-0.012	-0.005	
36.70	0.263	0.260	0.000	-0.006	-0.012	0.032	
36.75	0.263	0.260	0.000	-0.001	-0.008	0.047	
36.80	0.263	0.259	0.000	-0.003	-0.005	0.027	
36.85	0.263	0.259	0.000	-0.014	-0.005	0.009	
36.90	0.263	0.259	-0.002	-0.018	-0.006	0.021	
36.95	0.262	0.259	-0.003	0.003	-0.004	0.049	
37.00	0.262	0.258	-0.001	0.018	-0.000	0.062	
37.05	0.262	0.259	0.000	0.007	0.004	0.046	
37.10	0.262	0.259	-0.001	0.003	0.005	0.023	
37.15	0.262	0.259	0.000	0.006	0.005	0.014	
37.20	0.262	0.259	0.001	-0.003	0.006	0.019	
37.25	0.262	0.260	-0.000	-0.012	0.007	0.028	
37.30	0.262	0.260	-0.001	-0.009	0.009	0.029	
37.35	0.262	0.261	-0.001	-0.001	0.011	0.017	
37.40	0.262	0.261	-0.001	0.001	0.010	0.004	
37.45	0.262	0.262	-0.001	0.003	0.010	0.010	
37.50	0.262	0.262	-0.001	0.010	0.012	0.006	
37.55	0.262	0.263	0.000	0.005	0.011	-0.007	
37.60	0.262	0.263	-0.000	-0.005	0.011	-0.019	
37.65	0.262	0.264	-0.001	-0.001	0.010	-0.036	
37.70	0.262	0.264	-0.000	0.004	0.007	-0.037	
37.75	0.262	0.265	-0.000	0.004	0.006	-0.038	
37.80	0.262	0.265	0.000	0.005	0.003	-0.042	
37.85	0.262	0.265	0.000	0.005	0.001	-0.032	
37.90	0.262	0.265	0.001	-0.001	-0.000	-0.016	
37.95	0.262	0.265	0.000	-0.008	0.000	-0.020	
38.00	0.262	0.265	-0.000	-0.009	-0.001	-0.043	
38.05	0.262	0.265	-0.001	-0.010	-0.005	-0.047	
38.10	0.262	0.264	-0.002	0.002	-0.007	-0.036	
38.15	0.262	0.264	-0.000	0.013	-0.008	-0.033	
38.20	0.262	0.264	0.001	0.002	-0.011	-0.021	
38.25	0.262	0.263	-0.000	-0.009	-0.011	0.006	
38.30	0.262	0.263	-0.001	-0.006	-0.009	0.017	
38.35	0.262	0.262	-0.001	0.009	-0.008	0.012	
38.40	0.262	0.262	0.000	0.018	-0.008	0.001	
38.45	0.262	0.261	0.001	0.016	-0.009	-0.006	
38.50	0.262	0.261	0.002	0.011	-0.009	0.006	
38.55	0.262	0.260	0.002	0.008	-0.008	0.024	
38.60	0.262	0.260	0.003	-0.001	-0.007	0.035	
38.65	0.262	0.260	0.002	-0.018	-0.004	0.033	
38.70	0.263	0.260	0.000	-0.022	-0.003	0.027	
38.75	0.262	0.259	-0.001	-0.008	-0.002	0.025	
38.80	0.262	0.259	-0.000	0.006	-0.000	0.020	
38.85	0.262	0.259	0.000	0.009	0.000	0.016	
38.90	0.262	0.259	0.001	0.003	0.001	0.016	
38.95	0.263	0.259	0.001	-0.011	0.001	0.027	
39.00	0.263	0.259	-0.001	-0.012	0.004	0.042	
39.05	0.262	0.260	-0.001	-0.007	0.006	0.038	
39.10	0.263	0.260	-0.001	-0.003	0.008	0.019	
39.15	0.262	0.261	-0.001	0.003	0.009	-0.006	
39.20	0.262	0.261	-0.000	-0.003	0.006	-0.010	
39.25	0.262	0.261	-0.002	-0.002	0.006	0.010	
39.30	0.262	0.262	-0.001	0.012	0.008	0.019	
39.35	0.262	0.262	0.000	0.007	0.009	0.007	
39.40	0.262	0.263	-0.000	-0.004	0.009	-0.008	
39.45	0.262	0.263	-0.001	-0.002	0.008	-0.017	
39.50	0.262	0.264	-0.000	0.002	0.007	-0.023	
39.55	0.262	0.264	-0.000	0.003	0.006	-0.025	
39.60	0.262	0.264	-0.001	0.010	0.005	-0.033	
39.65	0.262	0.264	0.001	0.012	0.002	-0.030	
39.70	0.262	0.264	0.001	0.003	0.001	-0.012	
39.75	0.262	0.264	0.001	-0.000	0.002	-0.018	
39.80	0.262	0.264	0.001	-0.003	0.000	-0.040	
39.85	0.262	0.264	0.001	-0.013	-0.004	-0.037	
39.90	0.262	0.264	-0.001	-0.014	-0.005	-0.009	
39.95	0.262	0.264	-0.001	-0.007	-0.003	-0.004	
40.00	0.262	0.264	-0.001	0.001	-0.004	-0.027	
40.05	0.262	0.264	-0.001	0.022	-0.007	-0.030	
40.10	0.262	0.263	0.002	0.022	-0.008	-0.002	
40.15	0.262	0.263	0.002	-0.004	-0.006	0.011	
40.20	0.262	0.262	0.001	-0.017	-0.006	-0.000	
40.25	0.262	0.262	-0.000	-0.016	-0.007	-0.004	
40.30	0.262	0.262	-0.001	-0.007	-0.007	0.010	
40.35	0.262	0.261	-0.001	0.007	-0.006	0.028	
40.40	0.262	0.261	-0.000	0.009	-0.003	0.021	
40.45	0.262	0.261	0.001	-0.003	-0.003	-0.001	
40.50	0.262	0.261	-0.000	-0.014	-0.005	0.002	
40.55	0.262	0.260	-0.002	-0.003	-0.004	0.020	
40.60	0.262	0.261	-0.001	0.016	-0.002	0.026	
40.65	0.262	0.260	0.001	0.016	-0.001	0.029	
40.70	0.262	0.260	0.001	0.001	0.002	0.018	
40.75	0.262	0.261	0.000	-0.008	0.001	0.008	
40.80	0.262	0.260	0.000	-0.009	0.002	0.012	
40.85	0.262	0.261	-0.000	-0.012	0.002	0.016	
40.90	0.262	0.261	-0.001	-0.011	0.003	0.016	
40.95	0.262	0.261	-0.002	-0.006	0.004	0.008	
41.00	0.262	0.261	-0.002	-0.004	0.004	0.007	
41.05	0.262	0.261	-0.002	-0.002	0.004	0.017	
41.10	0.262	0.261	-0.002	0.008	0.006	0.024	
41.15	0.262	0.262	-0.001	0.018	0.008	0.008	
41.20	0.262	0.262	0.000	0.010	0.006	-0.007	
41.25	0.262	0.262	-0.000	-0.003	0.006	-0.003	
41.30	0.262	0.263	-0.001	-0.001	0.007	-0.012	
41.35	0.262	0.263	-0.000	0.002	0.005	-0.025	
41.40	0.262	0.263	-0.000	-0.003	0.003	-0.017	
41.45	0.262	0.263	-0.000	-0.008	0.003	-0.009	
41.50	0.262	0.264	-0.001	-0.005	0.004	-0.021	
41.55	0.261	0.264	-0.002	0.014	0.001	-0.032	
41.60	0.261	0.264	0.001	0.021	-0.000	-0.030	
41.65	0.262	0.264	0.001	0.013	-0.002	-0.027	
41.70	0.262	0.264	0.001	0.013	-0.004	-0.013	
41.75	0.262	0.263	0.003	0.009	-0.003	-0.006	
41.80	0.262	0.263	0.003	-0.008	-0.004	-0.012	
41.85	0.262	0.263	0.002	-0.020	-0.004	-0.011	
41.90	0.262	0.263	0.000	-0.019	-0.004	-0.012	
41.95	0.262	0.263	-0.001	-0.007	-0.006	-0.006	
42.00	0.262	0.262	-0.000	0.003	-0.006	0.011	
42.05	0.262	0.262	-0.000	0.005	-0.004	0.013	
42.10	0.262	0.262	0.000	0.008	-0.003	-0.003	
42.15	0.262	0.262	0.000	0.013	-0.005	-0.005	
42.20	0.262	0.261	0.002	0.013	-0.005	0.012	
42.25	0.262	0.261	0.002	-0.001	-0.004	0.020	
42.30	0.262	0.261	0.002	-0.016	-0.003	0.023	
42.35	0.262	0.261	0.000	-0.022	-0.000	0.010	
42.40	0.262	0.261	-0.001	-0.024	-0.002	0.003	
42.45	0.262	0.261	-0.003	-0.015	-0.001	0.012	
42.50	0.262	0.261	-0.003	0.005	0.000	0.008	
42.55	0.262	0.261	-0.002	0.018	-0.001	0.008	
42.60	0.262	0.261	-0.000	0.020	0.000	0.019	
42.65	0.262	0.261	0.000	0.018	0.002	0.022	
42.70	0.262	0.261	0.002	0.012	0.003	0.019	
42.75	0.262	0.261	0.002	-0.004	0.004	0.014	
42.80	0.262	0.261	0.001	-0.013	0.004	0.012	
42.85	0.262	0.262	0.000	-0.010	0.005	0.002	
42.90	0.262	0.262	-0.000	-0.009	0.004	-0.007	
42.95	0.262	0.262	-0.000	-0.011	0.004	-0.003	
43.00	0.262	0.262	-0.002	-0.007	0.004	-0.006	
43.05	0.262	0.262	-0.002	0.012	0.003	-0.010	
43.10	0.262	0.263	0.000	0.024	0.003	-0.003	
43.15	0.262	0.263	0.002	0.010	0.003	0.003	
43.20	0.262	0.263	0.001	-0.010	0.003	-0.001	
43.25	0.262	0.263	-0.000	-0.007	0.003	-0.009	
43.30	0.262	0.263	0.000	0.004	0.003	-0.021	
43.35	0.262	0.263	0.001	0.001	0.001	-0.025	
43.40	0.262	0.263	0.000	-0.004	-0.000	-0.020	
43.45	0.262	0.263	0.000	-0.003	-0.001	-0.014	
43.50	0.262	0.263	0.000	-0.001	-0.002	-0.006	
43.55	0.262	0.263	0.000	0.000	-0.002	-0.005	
43.60	0.262	0.263	0.000	0.002	-0.002	-0.006	
43.65	0.262	0.263	0.000	0.005	-0.002	-0.007	
43.70	0.262	0.263	0.000	0.007	-0.003	0.004	
43.75	0.262	0.262	0.001	0.001	-0.002	0.013	
43.80	0.262	0.263	0.001	-0.014	-0.000	-0.006	
43.85	0.262	0.263	-0.000	-0.025	-0.003	-0.020	
43.90	0.262	0.262	-0.002	-0.017	-0.004	-0.006	
43.95	0.262	0.262	-0.003	0.005	-0.003	0.007	
44.00	0.262	0.262	-0.002	0.022	-0.002	0.007	
44.05	0.262	0.262	0.000	0.028	-0.002	0.002	
44.10	0.262	0.262	0.002	0.023	-0.003	0.014	
44.15	0.262	0.261	0.003	0.007	-0.001	0.030	
44.20	0.262	0.262	0.003	-0.012	0.001	0.018	
44.25	0.262	0.262	0.001	-0.017	0.001	0.002	
44.30	0.262	0.262	0.000	-0.010	0.000	0.003	
44.35	0.262	0.262	0.000	-0.004	0.001	0.004	
44.40	0.262	0.262	0.000	-0.001	0.001	0.006	
44.45	0.262	0.262	0.000	-0.002	0.002	0.007	
44.50	0.262	0.262	-0.000	-0.005	0.002	-0.003	
44.55	0.262	0.262	-0.000	-0.008	0.001	-0.007	
44.60	0.262	0.262	-0.001	-0.007	0.001	0.002	
44.65	0.262	0.262	-0.001	0.000	0.002	0.000	
44.70	0.262	0.262	-0.001	-0.000	0.001	-0.000	
44.75	0.262	0.262	-0.001	-0.002	0.001	0.013	
44.80	0.262	0.262	-0.001	0.000	0.003	0.013	
44.85	0.262	0.262	-0.001	-0.004	0.003	0.001	
44.90	0.262	0.263	-0.002	-0.006	0.003	-0.012	
44.95	0.262	0.263	-0.002	0.008	0.001	-0.014	
45.00	0.262	0.263	-0.001	0.026	0.001	-0.010	
45.05	0.262	0.263	0.001	0.024	0.001	-0.015	
45.10	0.262	0.263	0.002	0.004	-0.001	-0.005	
45.15	0.262	0.263	0.001	-0.014	0.000	0.002	
45.20	0.262	0.263	-0.000	-0.009	-0.000	-0.007	
45.25	0.262	0.263	0.000	0.003	-0.001	-0.008	
45.30	0.262	0.263	0.001	-0.001	-0.000	-0.015	
45.35	0.262	0.263	0.000	-0.008	-0.003	-0.008	
45.40	0.262	0.262	-0.000	-0.009	-0.002	0.017	
45.45	0.262	0.262	-0.001	-0.001	0.000	0.015	
45.50	0.262	0.262	-0.001	0.014	-0.000	-0.002	
45.55	0.262	0.262	0.001	0.018	-0.001	-0.013	
45.60	0.262	0.262	0.002	0.010	-0.002	-0.009	
45.65	0.262	0.262	0.002	0.003	-0.002	0.002	
45.70	0.262	0.262	0.002	-0.001	-0.001	-0.002	
45.75	0.262	0.262	0.002	-0.007	-0.002	-0.000	
45.80	0.262	0.262	0.001	-0.015	-0.002	0.007	
45.85	0.262	0.262	0.000	-0.019	-0.001	0.005	
45.90	0.262	0.262	-0.001	-0.013	-0.001	0.006	
45.95	0.262	0.262	-0.002	-0.000	-0.001	0.017	
46.00	0.262	0.262	-0.001	0.013	0.001	0.020	
46.05	0.262	0.262	0.000	0.019	0.002	0.012	
46.10	0.262	0.262	0.001	0.013	0.002	0.006	
46.15	0.262	0.262	0.002	0.001	0.003	-0.006	
46.20	0.262	0.262	0.001	-0.009	0.002	-0.019	
46.25	0.262	0.262	0.000	-0.014	0.000	-0.018	
46.30	0.262	0.262	-0.000	-0.013	-0.001	-0.003	
46.35	0.262	0.262	-0.001	-0.007	-0.001	0.015	
46.40	0.262	0.262	-0.001	0.004	0.002	0.012	
46.45	0.262	0.262	-0.000	0.008	0.001	-0.006	
46.50	0.262	0.262	-0.000	0.006	0.000	-0.011	
46.55	0.262	0.262	0.000	0.006	-0.000	-0.006	
46.60	0.262	0.262	0.000	0.008	-0.001	0.004	
46.65	0.262	0.262	0.001	0.005	0.001	0.005	
46.70	0.262	0.262	0.001	-0.005	0.001	-0.009	
46.75	0.262	0.262	0.000	-0.008	-0.001	-0.012	
46.80	0.262	0.262	0.000	-0.005	-0.001	-0.004	
46.85	0.262	0.262	0.000	-0.002	-0.000	-0.008	
46.90	0.262	0.262	0.000	-0.000	-0.002	-0.006	
46.95	0.262	0.262	0.000	-0.000	-0.002	0.014	
47.00	0.262	0.262	0.000	-0.000	0.000	0.014	
47.05	0.262	0.262	0.000	-0.002	0.001	-0.007	
47.10	0.262	0.262	-0.000	-0.005	-0.001	-0.013	
47.15	0.262	0.262	-0.000	-0.009	-0.002	0.004	
47.20	0.262	0.262	-0.001	-0.008	-0.000	0.014	
47.25	0.262	0.262	-0.002	0.002	0.001	0.004	
47.30	0.262	0.262	-0.001	0.013	0.000	-0.006	
47.35	0.262	0.262	0.000	0.019	-0.001	-0.000	
47.40	0.262	0.262	0.001	0.013	-0.000	0.010	
47.45	0.262	0.262	0.002	0.004	0.000	0.014	
47.50	0.262	0.262	0.001	-0.003	0.002	0.011	
47.55	0.262	0.262	0.001	-0.001	0.002	-0.003	
47.60	0.262	0.262	0.001	-0.001	0.001	-0.008	
47.65	0.262	0.262	0.001	-0.009	0.001	0.000	
47.70	0.262	0.262	0.000	-0.015	0.001	0.002	
47.75	0.262	0.262	-0.000	-0.018	0.001	-0.005	
47.80	0.262	0.262	-0.002	-0.017	0.000	-0.008	
47.85	0.262	0.262	-0.003	-0.007	0.000	-0.004	
47.90	0.262	0.262	-0.002	0.001	0.000	-0.002	
47.95	0.262	0.262	-0.002	0.001	0.000	-0.003	
48.00	0.262	0.262	-0.002	0.007	0.000	-0.010	
48.05	0.262	0.262	-0.001	0.011	-0.002	-0.005	
48.10	0.262	0.262	-0.001	0.013	-0.001	0.010	
48.15	0.262	0.262	-0.000	0.024	0.001	-0.001	
48.20	0.262	0.262	0.002	0.017	-0.001	-0.012	
48.25	0.262	0.262	0.002	-0.008	-0.002	0.005	
48.30	0.262	0.262	0.000	-0.017	-0.000	0.017	
48.35	0.262	0.262	-0.001	-0.004	0.001	0.009	
48.40	0.262	0.262	0.000	0.011	0.001	-0.007	
48.45	0.262	0.262	0.001	0.010	-0.001	-0.009	
48.50	0.262	0.262	0.002	-0.000	-0.000	-0.006	
48.55	0.262	0.262	0.001	-0.011	-0.001	-0.011	
48.60	0.262	0.262	0.000	-0.015	-0.002	-0.008	
48.65	0.262	0.262	-0.001	-0.007	-0.002	0.008	
48.70	0.262	0.262	-0.000	-0.001	-0.001	0.026	
48.75	0.262	0.262	-0.000	-0.003	0.002	0.017	
48.80	0.262	0.262	-0.001	0.001	0.001	-0.003	
48.85	0.262	0.262	-0.001	0.013	0.000	-0.009	
48.90	0.262	0.262	0.001	0.015	0.000	-0.005	
48.95	0.262	0.262	0.001	0.004	0.000	-0.000	
49.00	0.262	0.262	0.001	0.000	0.000	0.004	
49.05	0.262	0.262	0.001	-0.002	0.000	0.008	
49.10	0.262	0.262	0.001	-0.010	0.001	0.006	
49.15	0.262	0.262	-0.000	-0.007	0.001	-0.003	
49.20	0.262	0.262	0.000	0.000	0.001	-0.006	
49.25	0.262	0.262	0.000	-0.006	0.001	-0.009	
49.30	0.262	0.262	-0.001	-0.007	-0.001	-0.007	
49.35	0.262	0.262	-0.001	0.006	-0.000	0.001	
49.40	0.262	0.262	0.000	0.014	-0.000	0.000	
49.45	0.262	0.262	0.001	0.006	-0.000	-0.002	
49.50	0.262	0.262	0.001	-0.011	-0.000	-0.005	
49.55	0.262	0.262	-0.000	-0.021	-0.001	-0.002	
49.60	0.262	0.262	-0.002	-0.011	-0.000	-0.001	
49.65	0.262	0.262	-0.002	0.006	-0.001	-0.004	
49.70	0.262	0.262	-0.001	0.009	-0.001	0.000	
49.75	0.262	0.262	-0.001	0.012	-0.001	0.018	
49.80	0.262	0.262	0.001	0.010	0.002	0.015	
49.85	0.262	0.262	0.000	0.007	0.002	-0.012	
49.90	0.262	0.262	0.001	0.013	-0.001	-0.013	
49.95	0.262	0.262	0.002	0.006	-0.001	0.005	
50.00	0.262	0.262	0.002	-0.008	0.001	-0.002	
50.05	0.262	0.262	0.001	-0.018	-0.001	-0.009	
50.10	0.262	0.262	-0.000	-0.022	-0.002	0.010	
50.15	0.262	0.262	-0.002	-0.008	0.001	0.018	
50.20	0.262	0.262	-0.001	0.006	0.001	0.008	
50.25	0.262	0.262	-0.001	0.012	0.001	-0.003	
50.30	0.262	0.262	0.000	0.016	0.000	-0.004	
50.35	0.262	0.262	0.002	-0.001	0.000	0.004	
50.40	0.262	0.262	0.000	-0.016	0.001	0.005	
50.45	0.262	0.262	-0.001	-0.009	0.002	-0.004	
50.50	0.262	0.262	-0.001	0.004	0.001	-0.017	
50.55	0.262	0.262	-0.000	0.009	-0.000	-0.025	
50.60	0.262	0.262	0.001	-0.003	-0.002	-0.015	
50.65	0.262	0.262	-0.000	-0.012	-0.002	0.008	
50.70	0.262	0.262	-0.002	0.002	-0.001	0.019	
50.75	0.262	0.262	-0.001	0.024	0.000	0.015	
50.80	0.262	0.262	0.002	0.019	0.001	0.012	
50.85	0.262	0.262	0.002	-0.007	0.002	-0.000	
50.90	0.262	0.262	0.000	-0.020	0.000	-0.011	
50.95	0.262	0.262	-0.001	-0.014	-0.000	-0.005	
51.00	0.262	0.262	-0.001	-0.011	0.001	-0.012	
51.05	0.262	0.262	-0.001	-0.017	-0.002	-0.012	
51.10	0.262	0.262	-0.003	-0.005	-0.002	0.010	
51.15	0.262	0.262	-0.002	0.020	0.001	0.007	
51.20	0.262	0.262	0.000	0.021	-0.001	-0.000	
51.25	0.262	0.262	0.000	0.010	-0.001	0.013	
51.30	0.262	0.262	0.000	0.007	0.001	0.017	
51.35	0.262	0.262	0.001	0.004	0.002	0.009	
51.40	0.262	0.262	0.001	0.003	0.002	-0.005	
51.45	0.262	0.262	0.001	0.002	0.001	-0.010	
51.50	0.262	0.262	0.001	-0.006	0.001	-0.002	
51.55	0.262	0.262	0.000	-0.008	0.001	-0.003	
51.60	0.262	0.262	0.000	-0.003	0.001	-0.011	
51.65	0.262	0.263	0.000	0.003	-0.001	-0.010	
51.70	0.262	0.262	0.000	0.008	-0.001	0.003	
51.75	0.262	0.262	0.001	0.006	0.001	-0.004	
51.80	0.262	0.263	0.001	-0.002	-0.002	-0.004	
51.85	0.262	0.262	0.001	-0.005	-0.001	0.013	
51.90	0.262	0.262	0.001	-0.010	0.001	0.006	
51.95	0.262	0.262	-0.000	-0.016	0.000	-0.008	
52.00	0.262	0.262	-0.001	-0.010	-0.001	-0.003	
52.05	0.262	0.262	-0.001	0.003	-0.000	0.001	
52.10	0.262	0.262	-0.001	0.016	0.000	-0.010	
52.15	0.262	0.262	0.001	0.014	-0.001	-0.018	
52.20	0.262	0.262	0.001	0.000	-0.002	-0.005	
52.25	0.262	0.262	0.000	-0.006	-0.002	0.010	
52.30	0.262	0.262	0.000	-0.004	-0.001	0.020	
52.35	0.262	0.262	0.000	-0.002	0.000	0.023	
52.40	0.262	0.262	0.000	-0.002	0.002	0.007	
52.45	0.262	0.262	-0.000	-0.006	0.001	-0.012	
52.50	0.262	0.262	-0.000	-0.009	-0.000	-0.011	
52.55	0.262	0.262	-0.001	-0.004	-0.000	-0.000	
52.60	0.262	0.262	-0.002	0.014	0.000	0.003	
52.65	0.262	0.262	0.001	0.018	0.000	0.003	
52.70	0.262	0.262	0.002	-0.005	0.001	-0.003	
52.75	0.262	0.262	-0.001	-0.013	-0.001	-0.001	
52.80	0.262	0.262	-0.001	0.001	0.000	0.008	
52.85	0.262	0.262	-0.000	0.008	0.001	0.003	
52.90	0.262	0.262	0.001	0.001	0.000	-0.003	
52.95	0.262	0.262	0.000	-0.006	0.001	-0.010	
53.00	0.262	0.262	-0.001	0.002	-0.001	-0.010	
53.05	0.262	0.262	0.000	0.012	-0.001	0.002	
53.10	0.262	0.262	0.001	0.009	0.000	-0.000	
53.15	0.262	0.262	0.001	-0.000	-0.001	-0.002	
53.20	0.262	0.262	0.001	-0.003	-0.001	0.007	
53.25	0.262	0.262	0.001	-0.005	0.000	0.004	
53.30	0.262	0.262	0.000	-0.007	-0.000	-0.005	
53.35	0.262	0.262	0.000	-0.006	-0.001	-0.001	
53.40	0.262	0.262	-0.000	-0.008	-0.000	0.005	
53.45	0.262	0.262	-0.000	-0.013	0.000	0.006	
53.50	0.262	0.262	-0.002	-0.012	0.000	0.007	
53.55	0.262	0.262	-0.002	0.003	0.001	0.002	
53.60	0.262	0.262	-0.001	0.021	0.000	-0.002	
53.65	0.262	0.262	0.000	0.025	0.000	0.002	
53.70	0.262	0.262	0.002	0.011	0.001	-0.002	
53.75	0.262	0.262	0.002	-0.007	0.000	-0.008	
53.80	0.262	0.262	0.000	-0.009	-0.000	-0.009	
53.85	0.262	0.262	0.000	-0.001	-0.001	-0.010	
53.90	0.262	0.262	0.000	0.008	-0.002	0.003	
53.95	0.262	0.262	0.001	0.009	-0.000	0.016	
54.00	0.262	0.262	0.002	0.002	0.001	0.008	
54.05	0.262	0.262	0.002	-0.007	0.000	-0.001	
54.10	0.263	0.262	0.001	-0.018	0.001	-0.008	
54.15	0.263	0.262	-0.000	-0.024	-0.001	-0.005	
54.20	0.263	0.262	-0.002	-0.013	-0.001	0.011	
54.25	0.262	0.262	-0.002	0.004	0.001	0.012	
54.30	0.262	0.262	-0.001	0.011	0.002	-0.005	
54.35	0.262	0.262	-0.000	0.008	-0.000	-0.008	
54.40	0.262	0.262	0.000	-0.006	-0.000	0.008	
54.45	0.262	0.262	-0.002	-0.003	0.002	0.005	
54.50	0.262	0.262	-0.001	0.015	0.001	-0.012	
54.55	0.262	0.262	0.001	0.016	-0.001	-0.012	
54.60	0.262	0.262	0.001	0.003	-0.001	0.001	
54.65	0.262	0.262	0.001	-0.005	0.000	0.000	
54.70	0.262	0.262	0.001	-0.013	-0.000	-0.007	
54.75	0.262	0.262	-0.001	-0.018	-0.002	0.006	
54.80	0.262	0.262	-0.003	0.005	0.000	0.021	
54.85	0.262	0.262	-0.000	0.027	0.002	0.011	
54.90	0.262	0.262	0.002	0.017	0.002	-0.007	
54.95	0.262	0.262	0.002	-0.000	0.000	-0.012	
55.00	0.262	0.262	0.001	-0.010	0.000	-0.009	
55.05	0.262	0.262	0.000	-0.011	-0.000	-0.006	
55.10	0.262	0.262	0.000	-0.005	-0.001	-0.001	
55.15	0.262	0.262	0.000	-0.000	-0.000	0.000	
55.20	0.262	0.262	0.000	0.002	0.000	-0.013	
55.25	0.262	0.262	0.000	0.003	-0.002	-0.013	
55.30	0.262	0.262	0.001	-0.005	-0.002	0.009	
55.35	0.263	0.262	-0.000	-0.015	-0.001	0.020	
55.40	0.262	0.262	-0.001	-0.013	0.000	0.019	
55.45	0.262	0.262	-0.002	-0.005	0.001	0.013	
55.50	0.262	0.262	-0.002	0.003	0.002	0.002	
55.55	0.262	0.262	-0.001	0.009	0.002	-0.008	
55.60	0.262	0.262	-0.000	0.010	0.001	-0.017	
55.65	0.262	0.262	-0.000	0.005	-0.001	-0.015	
55.70	0.262	0.262	0.000	0.003	-0.001	-0.001	
55.75	0.262	0.262	0.000	0.002	-0.000	0.004	
55.80	0.262	0.262	0.000	0.001	-0.000	0.000	
55.85	0.262	0.262	0.001	-0.006	-0.000	-0.004	
55.90	0.262	0.262	-0.001	-0.005	-0.001	0.001	
55.95	0.262	0.262	-0.001	0.012	-0.001	0.013	
56.00	0.262	0.262	0.001	0.017	0.001	0.009	
56.05	0.262	0.262	0.002	0.011	0.001	-0.014	
56.10	0.262	0.262	0.002	0.004	-0.002	-0.016	
56.15	0.262	0.262	0.002	-0.008	-0.002	0.006	
56.20	0.263	0.262	0.001	-0.011	0.001	0.002	
56.25	0.262	0.262	0.000	-0.003	-0.001	-0.011	
56.30	0.263	0.262	0.001	-0.003	-0.002	0.002	
56.35	0.263	0.262	0.000	-0.004	-0.001	0.012	
56.40	0.263	0.262	0.000	0.001	-0.000	0.012	
56.45	0.263	0.262	0.000	0.006	0.000	0.013	
56.50	0.263	0.262	0.001	0.004	0.001	0.010	
56.55	0.263	0.262	0.001	-0.007	0.002	0.003	
56.60	0.263	0.262	0.000	-0.013	0.002	-0.003	
56.65	0.263	0.262	-0.000	-0.012	0.001	-0.010	
56.70	0.263	0.262	-0.001	-0.005	0.000	-0.011	
56.75	0.263	0.262	-0.001	0.007	0.000	-0.008	
56.80	0.263	0.262	-0.000	0.011	-0.000	-0.003	
56.85	0.263	0.262	0.001	-0.000	-0.001	0.007	
56.90	0.263	0.262	-0.000	-0.012	0.000	0.014	
56.95	0.263	0.262	-0.001	-0.011	0.002	-0.001	
57.00	0.263	0.262	-0.002	-0.001	0.001	-0.024	
57.05	0.262	0.262	-0.001	0.006	-0.002	-0.019	
57.10	0.262	0.262	-0.000	0.001	-0.002	0.007	
57.15	0.262	0.262	-0.000	-0.020	-0.000	0.018	
57.20	0.263	0.262	-0.003	-0.026	0.001	0.007	
57.25	0.262	0.262	-0.005	0.006	0.000	-0.005	
57.30	0.262	0.262	-0.002	0.025	-0.000	-0.007	
57.35	0.262	0.262	-0.000	0.005	-0.001	0.001	
57.40	0.262	0.262	-0.002	0.001	-0.001	0.015	
57.45	0.262	0.262	-0.002	0.021	0.002	0.007	
57.50	0.262	0.262	0.001	0.026	0.001	-0.016	
57.55	0.262	0.262	0.003	-0.001	-0.001	-0.016	
57.60	0.262	0.262	0.000	-0.015	-0.002	0.005	
57.65	0.262	0.262	-0.000	-0.006	-0.000	0.019	
57.70	0.262	0.262	-0.000	0.000	0.002	0.004	
57.75	0.262	0.262	-0.000	0.010	0.000	-0.014	
57.80	0.262	0.262	0.002	0.006	-0.001	-0.013	
57.85	0.262	0.262	0.001	-0.004	-0.001	-0.007	
57.90	0.262	0.262	0.000	-0.002	-0.002	0.007	
57.95	0.262	0.262	0.001	-0.006	-0.001	0.027	
58.00	0.262	0.262	0.000	-0.011	0.002	0.021	
58.05	0.262	0.262	-0.001	-0.005	0.002	-0.003	
58.10	0.262	0.262	-0.000	-0.001	0.001	-0.014	
58.15	0.262	0.262	-0.000	-0.005	0.000	-0.007	
58.20	0.262	0.262	-0.001	-0.002	0.000	-0.001	
58.25	0.262	0.262	-0.001	0.008	0.000	0.002	
58.30	0.262	0.262	-0.000	0.013	0.001	-0.006	
58.35	0.262	0.262	0.001	0.004	-0.000	-0.016	
58.40	0.262	0.262	0.000	-0.005	-0.001	-0.011	
58.45	0.262	0.262	0.000	-0.007	-0.002	0.008	
58.50	0.262	0.262	-0.000	-0.009	-0.000	0.021	
58.55	0.262	0.262	-0.001	-0.005	0.001	0.013	
58.60	0.262	0.262	-0.001	0.005	0.001	-0.000	
58.65	0.262	0.262	-0.000	0.008	0.000	-0.004	
58.70	0.262	0.262	-0.000	0.006	0.000	0.000	
58.75	0.262	0.262	0.000	0.006	0.001	-0.002	
58.80	0.262	0.262	0.000	0.008	0.000	-0.007	
58.85	0.262	0.262	0.001	0.005	0.000	-0.007	
58.90	0.262	0.262	0.001	-0.003	-0.000	-0.007	
58.95	0.262	0.262	0.000	-0.005	-0.001	-0.003	
59.00	0.262	0.262	0.000	-0.001	-0.000	-0.001	
59.05	0.262	0.262	0.001	-0.005	-0.001	-0.004	
59.10	0.262	0.262	0.000	-0.010	-0.002	0.008	
59.15	0.262	0.262	-0.001	-0.003	0.000	0.018	
59.20	0.262	0.262	-0.000	0.003	0.002	0.005	
59.25	0.262	0.262	-0.000	0.003	0.000	-0.007	
59.30	0.262	0.262	0.000	0.003	-0.000	0.002	
59.35	0.262	0.262	0.000	0.005	0.001	0.005	
59.40	0.262	0.262	0.000	0.006	0.001	-0.007	
59.45	0.262	0.262	0.001	0.000	0.000	-0.013	
59.50	0.262	0.262	0.001	-0.011	-0.001	-0.005	
59.55	0.262	0.262	-0.001	-0.010	-0.001	0.011	
59.60	0.262	0.262	-0.001	0.005	0.001	0.011	
59.65	0.262	0.262	0.001	0.008	0.001	-0.003	
59.70	0.262	0.262	0.000	0.002	0.000	-0.008	
59.75	0.262	0.262	0.000	0.001	-0.001	0.002	
59.80	0.262	0.262	0.001	-0.010	0.000	0.013	
59.85	0.262	0.262	-0.000	-0.025	0.002	0.005	
59.90	0.262	0.262	-0.002	-0.034	0.001	-0.001	
59.95	0.262	0.262	-0.004	-0.036	0.001	0.008	
60.00	0.262	0.262	-0.006	-0.034	0.002	0.017	
