Vernier Format 2
run22.txt 10/10/2025 15:16:57
Run 1
Time	Position	Position	Velocity	Acceleration	Velocity	Acceleration	
T	P	P	V	A	V	A	
s	m	m	m/s	m/s^2	m/s	m/s^2	

0.00	0.302	0.299	-0.068	-0.181	-0.058	-0.101	
0.05	0.299	0.297	-0.076	-0.197	-0.062	-0.117	
0.10	0.295	0.293	-0.087	-0.215	-0.068	-0.137	
0.15	0.290	0.290	-0.098	-0.223	-0.077	-0.146	
0.20	0.285	0.286	-0.110	-0.208	-0.085	-0.117	
0.25	0.279	0.281	-0.118	-0.203	-0.089	-0.081	
0.30	0.273	0.277	-0.133	-0.144	-0.093	-0.046	
0.35	0.265	0.272	-0.134	-0.055	-0.094	0.006	
0.40	0.260	0.267	-0.135	-0.018	-0.092	0.046	
0.45	0.252	0.263	-0.140	0.094	-0.089	0.081	
0.50	0.245	0.258	-0.126	0.201	-0.084	0.121	
0.55	0.239	0.254	-0.115	0.228	-0.077	0.158	
0.60	0.234	0.251	-0.104	0.251	-0.069	0.210	
0.65	0.229	0.247	-0.091	0.274	-0.055	0.249	
0.70	0.224	0.245	-0.076	0.302	-0.042	0.253	
0.75	0.221	0.243	-0.060	0.327	-0.030	0.260	
0.80	0.218	0.242	-0.044	0.352	-0.017	0.283	
0.85	0.217	0.241	-0.025	0.378	-0.002	0.299	
0.90	0.216	0.242	-0.005	0.389	0.014	0.288	
0.95	0.216	0.243	0.015	0.379	0.027	0.265	
1.00	0.217	0.245	0.033	0.358	0.040	0.245	
1.05	0.220	0.247	0.050	0.344	0.052	0.225	
1.10	0.222	0.250	0.067	0.334	0.063	0.199	
1.15	0.226	0.253	0.085	0.303	0.073	0.152	
1.20	0.231	0.257	0.099	0.244	0.078	0.108	
1.25	0.236	0.261	0.109	0.185	0.082	0.098	
1.30	0.242	0.265	0.116	0.144	0.089	0.073	
1.35	0.248	0.270	0.123	0.119	0.091	0.004	
1.40	0.254	0.275	0.128	0.101	0.089	-0.061	
1.45	0.261	0.279	0.132	0.083	0.084	-0.099	
1.50	0.267	0.283	0.140	-0.006	0.078	-0.126	
1.55	0.275	0.287	0.136	-0.179	0.071	-0.151	
1.60	0.282	0.290	0.118	-0.281	0.063	-0.177	
1.65	0.287	0.293	0.103	-0.291	0.054	-0.204	
1.70	0.292	0.296	0.089	-0.291	0.043	-0.231	
1.75	0.296	0.298	0.075	-0.302	0.031	-0.254	
1.80	0.299	0.299	0.060	-0.334	0.018	-0.277	
1.85	0.302	0.299	0.041	-0.362	0.002	-0.283	
1.90	0.304	0.299	0.023	-0.372	-0.012	-0.261	
1.95	0.304	0.298	0.004	-0.380	-0.024	-0.232	
2.00	0.304	0.297	-0.015	-0.381	-0.035	-0.207	
2.05	0.303	0.294	-0.035	-0.360	-0.044	-0.188	
2.10	0.300	0.292	-0.052	-0.326	-0.053	-0.177	
2.15	0.297	0.289	-0.067	-0.295	-0.063	-0.160	
2.20	0.294	0.286	-0.082	-0.264	-0.070	-0.131	
2.25	0.289	0.282	-0.094	-0.221	-0.076	-0.094	
2.30	0.284	0.278	-0.103	-0.185	-0.080	-0.054	
2.35	0.279	0.274	-0.112	-0.155	-0.081	-0.024	
2.40	0.273	0.270	-0.119	-0.113	-0.082	0.002	
2.45	0.267	0.266	-0.124	-0.060	-0.081	0.040	
2.50	0.260	0.262	-0.126	0.008	-0.078	0.085	
2.55	0.254	0.258	-0.123	0.060	-0.073	0.134	
2.60	0.248	0.254	-0.118	0.081	-0.065	0.185	
2.65	0.242	0.251	-0.113	0.086	-0.053	0.217	
2.70	0.237	0.249	-0.113	0.154	-0.042	0.220	
2.75	0.230	0.247	-0.103	0.302	-0.031	0.220	
2.80	0.226	0.246	-0.079	0.385	-0.021	0.234	
2.85	0.223	0.245	-0.060	0.389	-0.008	0.256	
2.90	0.220	0.245	-0.041	0.387	0.006	0.257	
2.95	0.219	0.246	-0.021	0.380	0.018	0.250	
3.00	0.218	0.247	-0.003	0.376	0.031	0.236	
3.05	0.218	0.249	0.016	0.370	0.042	0.216	
3.10	0.220	0.251	0.034	0.356	0.053	0.196	
3.15	0.222	0.254	0.052	0.336	0.062	0.161	
3.20	0.225	0.257	0.069	0.314	0.069	0.126	
3.25	0.229	0.261	0.082	0.316	0.075	0.092	
3.30	0.233	0.265	0.099	0.329	0.078	0.053	
3.35	0.238	0.269	0.121	0.244	0.080	0.011	
3.40	0.246	0.273	0.128	0.076	0.079	-0.031	
3.45	0.252	0.277	0.123	-0.004	0.076	-0.065	
3.50	0.258	0.281	0.124	-0.022	0.072	-0.081	
3.55	0.264	0.284	0.122	-0.056	0.069	-0.107	
3.60	0.270	0.288	0.119	-0.101	0.063	-0.159	
3.65	0.276	0.291	0.112	-0.151	0.052	-0.196	
3.70	0.281	0.293	0.104	-0.196	0.042	-0.209	
3.75	0.287	0.295	0.092	-0.235	0.032	-0.225	
3.80	0.291	0.296	0.080	-0.271	0.020	-0.244	
3.85	0.295	0.297	0.066	-0.315	0.006	-0.244	
3.90	0.298	0.297	0.047	-0.336	-0.006	-0.224	
3.95	0.299	0.296	0.031	-0.323	-0.016	-0.213	
4.00	0.300	0.295	0.016	-0.321	-0.026	-0.214	
4.05	0.301	0.293	-0.001	-0.332	-0.038	-0.208	
4.10	0.300	0.291	-0.018	-0.331	-0.048	-0.182	
4.15	0.299	0.288	-0.034	-0.320	-0.056	-0.148	
4.20	0.297	0.286	-0.050	-0.305	-0.062	-0.125	
4.25	0.294	0.282	-0.065	-0.277	-0.069	-0.096	
4.30	0.290	0.279	-0.078	-0.237	-0.073	-0.058	
4.35	0.286	0.275	-0.089	-0.201	-0.074	-0.030	
4.40	0.281	0.271	-0.098	-0.168	-0.075	-0.008	
4.45	0.276	0.267	-0.105	-0.140	-0.076	0.031	
4.50	0.271	0.263	-0.112	-0.106	-0.073	0.080	
4.55	0.265	0.260	-0.117	-0.043	-0.067	0.125	
4.60	0.259	0.257	-0.117	0.018	-0.060	0.154	
4.65	0.253	0.254	-0.114	0.044	-0.051	0.161	
4.70	0.248	0.252	-0.110	0.045	-0.044	0.172	
4.75	0.243	0.250	-0.113	0.114	-0.035	0.202	
4.80	0.236	0.248	-0.104	0.269	-0.023	0.228	
4.85	0.231	0.247	-0.082	0.357	-0.011	0.235	
4.90	0.228	0.247	-0.063	0.349	0.001	0.225	
4.95	0.225	0.247	-0.047	0.330	0.011	0.221	
5.00	0.223	0.248	-0.031	0.323	0.023	0.223	
5.05	0.222	0.250	-0.015	0.323	0.034	0.208	
5.10	0.222	0.252	0.001	0.331	0.043	0.190	
5.15	0.222	0.254	0.018	0.331	0.053	0.175	
5.20	0.223	0.257	0.034	0.318	0.062	0.141	
5.25	0.226	0.260	0.050	0.298	0.068	0.097	
5.30	0.229	0.264	0.064	0.284	0.071	0.054	
5.35	0.232	0.267	0.077	0.293	0.073	0.015	
5.40	0.236	0.271	0.093	0.303	0.073	-0.020	
5.45	0.241	0.275	0.113	0.219	0.071	-0.047	
5.50	0.248	0.278	0.119	0.060	0.068	-0.072	
5.55	0.253	0.282	0.113	-0.010	0.064	-0.109	
5.60	0.259	0.285	0.115	-0.018	0.057	-0.144	
5.65	0.265	0.287	0.115	-0.064	0.048	-0.162	
5.70	0.271	0.289	0.108	-0.115	0.040	-0.163	
5.75	0.276	0.291	0.101	-0.144	0.033	-0.177	
5.80	0.281	0.293	0.094	-0.177	0.023	-0.203	
5.85	0.285	0.294	0.084	-0.211	0.012	-0.217	
5.90	0.289	0.294	0.073	-0.240	0.001	-0.213	
5.95	0.293	0.294	0.060	-0.268	-0.010	-0.203	
6.00	0.295	0.293	0.046	-0.294	-0.019	-0.205	
6.05	0.297	0.292	0.031	-0.328	-0.030	-0.200	
6.10	0.299	0.290	0.013	-0.354	-0.041	-0.164	
6.15	0.299	0.288	-0.006	-0.347	-0.047	-0.129	
6.20	0.298	0.285	-0.023	-0.306	-0.053	-0.109	
6.25	0.296	0.282	-0.036	-0.269	-0.057	-0.094	
6.30	0.294	0.280	-0.049	-0.259	-0.062	-0.074	
6.35	0.291	0.276	-0.062	-0.246	-0.065	-0.037	
6.40	0.288	0.273	-0.074	-0.224	-0.066	-0.009	
6.45	0.284	0.270	-0.085	-0.196	-0.066	0.012	
6.50	0.279	0.266	-0.094	-0.152	-0.064	0.034	
6.55	0.274	0.263	-0.100	-0.111	-0.063	0.071	
6.60	0.269	0.260	-0.105	-0.074	-0.059	0.132	
6.65	0.264	0.257	-0.108	-0.036	-0.048	0.162	
6.70	0.258	0.255	-0.107	-0.020	-0.041	0.161	
6.75	0.253	0.253	-0.108	-0.019	-0.033	0.170	
6.80	0.248	0.252	-0.114	0.061	-0.024	0.174	
6.85	0.241	0.251	-0.107	0.219	-0.016	0.183	
6.90	0.237	0.250	-0.087	0.304	-0.006	0.206	
6.95	0.233	0.250	-0.072	0.306	0.005	0.216	
7.00	0.229	0.251	-0.057	0.296	0.016	0.207	
7.05	0.227	0.252	-0.043	0.289	0.026	0.185	
7.10	0.225	0.253	-0.029	0.297	0.035	0.169	
7.15	0.224	0.255	-0.013	0.313	0.043	0.157	
7.20	0.224	0.258	0.003	0.328	0.051	0.132	
7.25	0.224	0.260	0.020	0.330	0.057	0.087	
7.30	0.226	0.264	0.036	0.322	0.059	0.054	
7.35	0.228	0.266	0.051	0.330	0.061	0.044	
7.40	0.231	0.270	0.068	0.348	0.065	0.015	
7.45	0.234	0.273	0.091	0.277	0.064	-0.031	
7.50	0.241	0.276	0.100	0.125	0.060	-0.061	
7.55	0.245	0.279	0.098	0.052	0.057	-0.076	
7.60	0.250	0.282	0.102	0.053	0.053	-0.101	
7.65	0.255	0.284	0.105	0.039	0.047	-0.134	
7.70	0.261	0.287	0.107	0.001	0.040	-0.161	
7.75	0.266	0.288	0.105	-0.049	0.031	-0.184	
7.80	0.271	0.290	0.102	-0.098	0.021	-0.196	
7.85	0.276	0.290	0.095	-0.142	0.010	-0.182	
7.90	0.281	0.291	0.087	-0.177	0.003	-0.171	
7.95	0.285	0.291	0.078	-0.213	-0.006	-0.180	
8.00	0.289	0.290	0.066	-0.248	-0.015	-0.186	
8.05	0.292	0.289	0.052	-0.267	-0.025	-0.182	
8.10	0.294	0.288	0.039	-0.279	-0.035	-0.150	
8.15	0.296	0.285	0.025	-0.298	-0.040	-0.107	
8.20	0.297	0.284	0.009	-0.309	-0.044	-0.091	
8.25	0.297	0.281	-0.007	-0.308	-0.049	-0.081	
8.30	0.296	0.279	-0.022	-0.300	-0.053	-0.056	
8.35	0.294	0.276	-0.037	-0.286	-0.055	-0.033	
8.40	0.292	0.273	-0.051	-0.269	-0.055	-0.027	
8.45	0.289	0.270	-0.065	-0.236	-0.059	0.000	
8.50	0.285	0.267	-0.075	-0.184	-0.057	0.051	
8.55	0.282	0.264	-0.082	-0.153	-0.052	0.070	
8.60	0.277	0.262	-0.090	-0.130	-0.049	0.077	
8.65	0.273	0.259	-0.096	-0.091	-0.045	0.105	
8.70	0.268	0.257	-0.099	-0.051	-0.039	0.139	
8.75	0.263	0.256	-0.101	-0.028	-0.031	0.170	
8.80	0.257	0.254	-0.101	-0.016	-0.021	0.179	
8.85	0.252	0.254	-0.101	-0.006	-0.013	0.179	
8.90	0.248	0.253	-0.106	0.083	-0.004	0.189	
8.95	0.241	0.253	-0.097	0.236	0.008	0.174	
9.00	0.237	0.254	-0.077	0.293	0.014	0.155	
9.05	0.234	0.255	-0.064	0.273	0.021	0.160	
9.10	0.231	0.256	-0.051	0.267	0.030	0.165	
9.15	0.229	0.257	-0.038	0.280	0.039	0.142	
9.20	0.227	0.260	-0.023	0.299	0.046	0.093	
9.25	0.226	0.262	-0.007	0.297	0.047	0.065	
9.30	0.227	0.265	0.006	0.300	0.051	0.062	
9.35	0.227	0.267	0.020	0.344	0.055	0.043	
9.40	0.228	0.270	0.040	0.387	0.056	0.007	
9.45	0.231	0.273	0.066	0.313	0.055	-0.023	
9.50	0.236	0.276	0.076	0.155	0.054	-0.052	
9.55	0.239	0.278	0.075	0.093	0.050	-0.077	
9.60	0.243	0.281	0.081	0.113	0.045	-0.092	
9.65	0.247	0.283	0.088	0.114	0.041	-0.115	
9.70	0.252	0.285	0.094	0.084	0.034	-0.140	
9.75	0.257	0.286	0.097	0.039	0.026	-0.142	
9.80	0.261	0.287	0.098	0.002	0.020	-0.151	
9.85	0.266	0.288	0.098	-0.041	0.011	-0.168	
9.90	0.271	0.288	0.094	-0.089	0.003	-0.175	
9.95	0.276	0.289	0.088	-0.130	-0.006	-0.184	
10.00	0.280	0.288	0.081	-0.172	-0.017	-0.166	
10.05	0.284	0.287	0.071	-0.205	-0.024	-0.133	
10.10	0.287	0.286	0.060	-0.233	-0.029	-0.114	
10.15	0.290	0.284	0.047	-0.261	-0.034	-0.104	
10.20	0.292	0.282	0.033	-0.269	-0.040	-0.090	
10.25	0.293	0.280	0.020	-0.270	-0.043	-0.076	
10.30	0.294	0.278	0.007	-0.276	-0.048	-0.062	
10.35	0.294	0.275	-0.007	-0.280	-0.050	-0.036	
10.40	0.293	0.273	-0.022	-0.276	-0.051	-0.007	
10.45	0.292	0.270	-0.035	-0.258	-0.051	0.020	
10.50	0.290	0.268	-0.048	-0.235	-0.049	0.045	
10.55	0.287	0.265	-0.059	-0.210	-0.046	0.065	
10.60	0.284	0.263	-0.069	-0.190	-0.042	0.081	
10.65	0.280	0.261	-0.078	-0.178	-0.038	0.096	
10.70	0.276	0.259	-0.087	-0.153	-0.033	0.115	
10.75	0.271	0.257	-0.094	-0.101	-0.027	0.137	
10.80	0.267	0.256	-0.098	-0.036	-0.019	0.142	
10.85	0.262	0.256	-0.097	0.008	-0.013	0.148	
10.90	0.257	0.255	-0.095	0.015	-0.004	0.164	
10.95	0.252	0.255	-0.094	0.001	0.005	0.165	
11.00	0.248	0.256	-0.099	0.061	0.013	0.151	
11.05	0.242	0.256	-0.093	0.208	0.019	0.140	
11.10	0.238	0.257	-0.074	0.285	0.027	0.130	
11.15	0.235	0.259	-0.060	0.279	0.033	0.118	
11.20	0.232	0.261	-0.047	0.276	0.038	0.107	
11.25	0.230	0.263	-0.033	0.286	0.044	0.077	
11.30	0.229	0.265	-0.017	0.280	0.047	0.038	
11.35	0.228	0.268	-0.004	0.259	0.046	0.024	
11.40	0.228	0.270	0.008	0.256	0.049	0.015	
11.45	0.229	0.273	0.021	0.264	0.050	-0.020	
11.50	0.230	0.275	0.034	0.265	0.047	-0.051	
11.55	0.232	0.277	0.048	0.249	0.044	-0.073	
11.60	0.235	0.279	0.060	0.230	0.039	-0.089	
11.65	0.238	0.281	0.070	0.228	0.034	-0.095	
11.70	0.242	0.283	0.081	0.234	0.030	-0.099	
11.75	0.246	0.284	0.097	0.172	0.025	-0.115	
11.80	0.253	0.285	0.103	0.029	0.019	-0.147	
11.85	0.257	0.286	0.096	-0.049	0.010	-0.169	
11.90	0.262	0.286	0.094	-0.057	0.000	-0.158	
11.95	0.267	0.286	0.092	-0.072	-0.006	-0.134	
12.00	0.271	0.286	0.088	-0.103	-0.012	-0.131	
12.05	0.275	0.285	0.082	-0.140	-0.020	-0.127	
12.10	0.279	0.284	0.074	-0.169	-0.025	-0.109	
12.15	0.283	0.282	0.065	-0.195	-0.030	-0.092	
12.20	0.286	0.281	0.054	-0.222	-0.034	-0.080	
12.25	0.288	0.279	0.042	-0.248	-0.038	-0.072	
12.30	0.290	0.277	0.029	-0.264	-0.042	-0.055	
12.35	0.291	0.275	0.015	-0.268	-0.044	-0.026	
12.40	0.292	0.272	0.002	-0.262	-0.045	0.008	
12.45	0.291	0.270	-0.011	-0.247	-0.043	0.031	
12.50	0.291	0.268	-0.023	-0.236	-0.040	0.030	
12.55	0.289	0.266	-0.034	-0.231	-0.040	0.030	
12.60	0.287	0.264	-0.046	-0.219	-0.039	0.058	
12.65	0.285	0.262	-0.057	-0.194	-0.035	0.099	
12.70	0.281	0.261	-0.065	-0.169	-0.028	0.114	
12.75	0.278	0.259	-0.074	-0.147	-0.023	0.118	
12.80	0.274	0.258	-0.081	-0.112	-0.016	0.131	
12.85	0.270	0.258	-0.085	-0.083	-0.009	0.126	
12.90	0.265	0.257	-0.088	-0.074	-0.004	0.128	
12.95	0.261	0.257	-0.091	-0.084	0.003	0.146	
13.00	0.257	0.258	-0.100	-0.015	0.011	0.149	
13.05	0.250	0.258	-0.096	0.129	0.019	0.127	
13.10	0.247	0.260	-0.083	0.192	0.024	0.103	
13.15	0.242	0.261	-0.074	0.199	0.029	0.089	
13.20	0.239	0.263	-0.064	0.208	0.033	0.078	
13.25	0.236	0.264	-0.054	0.223	0.037	0.062	
13.30	0.234	0.266	-0.042	0.243	0.040	0.036	
13.35	0.232	0.268	-0.030	0.262	0.040	0.027	
13.40	0.230	0.270	-0.015	0.274	0.042	0.021	
13.45	0.230	0.273	-0.000	0.257	0.043	-0.008	
13.50	0.231	0.275	0.011	0.238	0.041	-0.036	
13.55	0.231	0.277	0.022	0.239	0.039	-0.059	
13.60	0.233	0.279	0.035	0.231	0.035	-0.080	
13.65	0.235	0.280	0.046	0.204	0.031	-0.098	
13.70	0.238	0.282	0.055	0.186	0.026	-0.114	
13.75	0.240	0.283	0.065	0.172	0.020	-0.130	
13.80	0.244	0.284	0.073	0.145	0.012	-0.137	
13.85	0.248	0.284	0.078	0.135	0.005	-0.126	
13.90	0.252	0.284	0.084	0.144	-0.000	-0.119	
13.95	0.256	0.284	0.097	0.070	-0.006	-0.134	
14.00	0.262	0.284	0.097	-0.092	-0.014	-0.133	
14.05	0.267	0.282	0.079	-0.105	-0.021	-0.096	
14.10	0.269	0.281	0.082	-0.030	-0.023	-0.071	
14.15	0.275	0.280	0.085	-0.107	-0.026	-0.079	
14.20	0.278	0.279	0.072	-0.206	-0.032	-0.069	
14.25	0.282	0.277	0.060	-0.226	-0.035	-0.033	
14.30	0.284	0.275	0.048	-0.221	-0.035	-0.010	
14.35	0.286	0.273	0.038	-0.224	-0.035	-0.007	
14.40	0.288	0.272	0.027	-0.242	-0.035	-0.011	
14.45	0.289	0.270	0.014	-0.251	-0.036	0.000	
14.50	0.289	0.268	0.001	-0.244	-0.036	0.025	
14.55	0.289	0.266	-0.011	-0.235	-0.034	0.048	
14.60	0.288	0.265	-0.022	-0.231	-0.031	0.069	
14.65	0.287	0.263	-0.034	-0.223	-0.027	0.085	
14.70	0.285	0.262	-0.045	-0.211	-0.022	0.099	
14.75	0.282	0.261	-0.056	-0.186	-0.016	0.103	
14.80	0.279	0.260	-0.064	-0.147	-0.012	0.112	
14.85	0.276	0.260	-0.070	-0.112	-0.005	0.121	
14.90	0.272	0.260	-0.075	-0.083	0.001	0.106	
14.95	0.268	0.260	-0.078	-0.053	0.005	0.099	
15.00	0.264	0.260	-0.080	-0.023	0.010	0.105	
15.05	0.260	0.261	-0.081	0.011	0.016	0.099	
15.10	0.256	0.262	-0.079	0.031	0.021	0.089	
15.15	0.252	0.263	-0.076	0.025	0.025	0.084	
15.20	0.249	0.264	-0.075	0.016	0.030	0.069	
15.25	0.245	0.266	-0.079	0.083	0.032	0.046	
15.30	0.240	0.268	-0.072	0.229	0.033	0.037	
15.35	0.237	0.269	-0.052	0.299	0.036	0.027	
15.40	0.235	0.271	-0.036	0.267	0.037	0.003	
15.45	0.234	0.273	-0.025	0.226	0.036	-0.030	
15.50	0.233	0.275	-0.016	0.222	0.033	-0.050	
15.55	0.232	0.276	-0.005	0.253	0.031	-0.056	
15.60	0.232	0.278	0.011	0.265	0.028	-0.062	
15.65	0.233	0.279	0.024	0.241	0.025	-0.075	
15.70	0.235	0.281	0.034	0.224	0.020	-0.093	
15.75	0.237	0.281	0.046	0.212	0.015	-0.104	
15.80	0.240	0.282	0.056	0.192	0.010	-0.109	
15.85	0.243	0.282	0.064	0.187	0.004	-0.102	
15.90	0.246	0.282	0.073	0.210	0.000	-0.102	
15.95	0.249	0.282	0.089	0.153	-0.006	-0.116	
16.00	0.256	0.282	0.094	-0.002	-0.013	-0.107	
16.05	0.259	0.281	0.084	-0.076	-0.018	-0.080	
16.10	0.263	0.280	0.082	-0.073	-0.020	-0.058	
16.15	0.268	0.279	0.078	-0.084	-0.022	-0.060	
16.20	0.271	0.278	0.074	-0.108	-0.026	-0.060	
16.25	0.275	0.276	0.068	-0.139	-0.029	-0.043	
16.30	0.278	0.275	0.059	-0.154	-0.031	-0.018	
16.35	0.281	0.273	0.052	-0.166	-0.031	0.005	
16.40	0.283	0.272	0.044	-0.191	-0.030	0.009	
16.45	0.285	0.270	0.033	-0.209	-0.030	0.009	
16.50	0.287	0.269	0.022	-0.218	-0.030	0.022	
16.55	0.288	0.267	0.011	-0.227	-0.028	0.046	
16.60	0.288	0.266	-0.001	-0.227	-0.024	0.052	
16.65	0.287	0.265	-0.012	-0.217	-0.022	0.051	
16.70	0.287	0.264	-0.022	-0.208	-0.020	0.074	
16.75	0.285	0.263	-0.033	-0.192	-0.015	0.101	
16.80	0.283	0.262	-0.042	-0.180	-0.009	0.100	
16.85	0.281	0.262	-0.050	-0.175	-0.005	0.098	
16.90	0.278	0.262	-0.060	-0.153	0.001	0.098	
16.95	0.275	0.262	-0.066	-0.116	0.006	0.081	
17.00	0.272	0.262	-0.071	-0.080	0.008	0.078	
17.05	0.268	0.263	-0.075	-0.041	0.013	0.079	
17.10	0.264	0.264	-0.075	-0.005	0.017	0.069	
17.15	0.260	0.264	-0.075	0.034	0.020	0.058	
17.20	0.256	0.266	-0.072	0.068	0.022	0.052	
17.25	0.253	0.267	-0.067	0.078	0.025	0.053	
17.30	0.250	0.268	-0.063	0.073	0.028	0.043	
17.35	0.247	0.270	-0.060	0.068	0.030	0.017	
17.40	0.244	0.271	-0.056	0.071	0.030	-0.008	
17.45	0.241	0.273	-0.057	0.150	0.028	-0.018	
17.50	0.238	0.274	-0.046	0.300	0.028	-0.018	
17.55	0.236	0.275	-0.022	0.365	0.028	-0.034	
17.60	0.235	0.277	0.000	0.267	0.024	-0.055	
17.65	0.237	0.278	0.004	0.173	0.022	-0.070	
17.70	0.236	0.279	0.006	0.250	0.018	-0.086	
17.75	0.236	0.280	0.032	0.269	0.012	-0.081	
17.80	0.240	0.280	0.044	0.123	0.009	-0.070	
17.85	0.242	0.281	0.036	0.111	0.007	-0.086	
17.90	0.242	0.281	0.049	0.203	0.001	-0.111	
17.95	0.247	0.281	0.065	0.154	-0.006	-0.110	
18.00	0.250	0.280	0.066	0.074	-0.011	-0.089	
18.05	0.253	0.280	0.069	0.051	-0.014	-0.071	
18.10	0.256	0.279	0.071	0.041	-0.018	-0.057	
18.15	0.260	0.278	0.073	0.026	-0.020	-0.040	
18.20	0.264	0.277	0.074	-0.012	-0.021	-0.033	
18.25	0.268	0.276	0.073	-0.060	-0.024	-0.021	
18.30	0.271	0.274	0.068	-0.103	-0.023	-0.014	
18.35	0.274	0.273	0.062	-0.131	-0.024	-0.019	
18.40	0.277	0.272	0.054	-0.150	-0.026	-0.007	
18.45	0.280	0.271	0.046	-0.161	-0.026	0.014	
18.50	0.282	0.269	0.038	-0.169	-0.025	0.032	
18.55	0.284	0.268	0.030	-0.185	-0.022	0.038	
18.60	0.285	0.267	0.020	-0.208	-0.020	0.038	
18.65	0.286	0.266	0.009	-0.221	-0.019	0.055	
18.70	0.286	0.265	-0.003	-0.219	-0.015	0.066	
18.75	0.285	0.265	-0.014	-0.208	-0.012	0.067	
18.80	0.285	0.264	-0.024	-0.195	-0.008	0.071	
18.85	0.283	0.264	-0.033	-0.177	-0.004	0.072	
18.90	0.281	0.264	-0.041	-0.161	-0.002	0.084	
18.95	0.279	0.263	-0.049	-0.146	0.004	0.098	
19.00	0.276	0.264	-0.056	-0.125	0.010	0.079	
19.05	0.273	0.265	-0.062	-0.095	0.012	0.052	
19.10	0.270	0.265	-0.066	-0.062	0.014	0.042	
19.15	0.267	0.266	-0.068	-0.040	0.016	0.036	
19.20	0.263	0.267	-0.070	-0.016	0.017	0.042	
19.25	0.259	0.268	-0.070	0.006	0.020	0.047	
19.30	0.256	0.269	-0.068	0.004	0.023	0.030	
19.35	0.253	0.270	-0.068	-0.004	0.024	0.009	
19.40	0.250	0.271	-0.073	0.063	0.023	-0.001	
19.45	0.245	0.272	-0.065	0.190	0.023	-0.010	
19.50	0.243	0.274	-0.049	0.238	0.023	-0.029	
19.55	0.240	0.275	-0.039	0.228	0.020	-0.037	
19.60	0.239	0.276	-0.028	0.235	0.019	-0.038	
19.65	0.238	0.276	-0.016	0.250	0.017	-0.050	
19.70	0.237	0.277	-0.003	0.269	0.014	-0.069	
19.75	0.237	0.278	0.016	0.204	0.009	-0.078	
19.80	0.239	0.278	0.017	0.138	0.005	-0.068	
19.85	0.238	0.279	0.025	0.160	0.002	-0.056	
19.90	0.242	0.278	0.033	0.185	0.000	-0.050	
19.95	0.241	0.279	0.043	0.207	-0.002	-0.063	
20.00	0.246	0.278	0.059	0.138	-0.006	-0.074	
20.05	0.248	0.278	0.058	0.057	-0.010	-0.066	
20.10	0.251	0.277	0.060	0.049	-0.013	-0.053	
20.15	0.254	0.276	0.062	0.048	-0.015	-0.039	
20.20	0.257	0.276	0.066	0.037	-0.016	-0.036	
20.25	0.261	0.275	0.067	0.000	-0.019	-0.024	
20.30	0.264	0.274	0.066	-0.037	-0.020	0.001	
20.35	0.268	0.273	0.063	-0.057	-0.018	0.010	
20.40	0.270	0.272	0.060	-0.069	-0.018	0.010	
20.45	0.274	0.271	0.057	-0.099	-0.017	0.009	
20.50	0.276	0.270	0.050	-0.132	-0.017	0.000	
20.55	0.279	0.269	0.043	-0.161	-0.018	0.005	
20.60	0.281	0.268	0.034	-0.185	-0.017	0.031	
20.65	0.282	0.268	0.024	-0.186	-0.014	0.050	
20.70	0.283	0.267	0.015	-0.183	-0.012	0.057	
20.75	0.284	0.266	0.006	-0.190	-0.009	0.061	
20.80	0.284	0.266	-0.004	-0.192	-0.005	0.060	
20.85	0.283	0.266	-0.014	-0.184	-0.003	0.062	
20.90	0.282	0.266	-0.023	-0.177	0.001	0.058	
20.95	0.281	0.266	-0.032	-0.163	0.003	0.045	
21.00	0.279	0.266	-0.039	-0.144	0.006	0.033	
21.05	0.277	0.267	-0.046	-0.126	0.006	0.034	
21.10	0.274	0.267	-0.052	-0.111	0.008	0.054	
21.15	0.272	0.267	-0.057	-0.088	0.012	0.061	
21.20	0.269	0.268	-0.061	-0.056	0.016	0.039	
21.25	0.266	0.269	-0.063	-0.026	0.017	0.002	
21.30	0.262	0.270	-0.063	0.000	0.014	-0.004	
21.35	0.259	0.270	-0.063	0.021	0.015	0.018	
21.40	0.256	0.271	-0.061	0.033	0.017	0.018	
21.45	0.253	0.272	-0.058	0.021	0.017	0.000	
21.50	0.250	0.273	-0.058	0.010	0.018	-0.022	
21.55	0.248	0.274	-0.062	0.093	0.015	-0.041	
21.60	0.244	0.274	-0.054	0.274	0.012	-0.037	
21.65	0.241	0.275	-0.031	0.377	0.012	-0.038	
21.70	0.240	0.276	-0.007	0.289	0.009	-0.046	
21.75	0.241	0.276	0.002	0.118	0.006	-0.040	
21.80	0.241	0.276	-0.000	0.045	0.005	-0.043	
21.85	0.241	0.277	0.002	0.080	0.002	-0.050	
21.90	0.241	0.276	0.003	0.196	0.000	-0.053	
21.95	0.240	0.277	0.022	0.286	-0.003	-0.059	
22.00	0.244	0.276	0.042	0.198	-0.006	-0.054	
22.05	0.246	0.276	0.042	0.100	-0.009	-0.032	
22.10	0.248	0.275	0.046	0.097	-0.010	-0.014	
22.15	0.250	0.275	0.053	0.092	-0.009	-0.024	
22.20	0.253	0.275	0.057	0.062	-0.011	-0.045	
22.25	0.256	0.274	0.058	0.043	-0.015	-0.032	
22.30	0.259	0.273	0.061	0.029	-0.016	0.004	
22.35	0.262	0.272	0.061	0.004	-0.013	0.019	
22.40	0.265	0.272	0.061	-0.026	-0.013	0.019	
22.45	0.268	0.271	0.060	-0.067	-0.012	0.021	
22.50	0.271	0.270	0.054	-0.095	-0.011	0.016	
22.55	0.274	0.270	0.049	-0.101	-0.010	0.010	
22.60	0.276	0.269	0.045	-0.121	-0.010	0.007	
22.65	0.278	0.269	0.037	-0.153	-0.010	0.020	
22.70	0.280	0.268	0.029	-0.176	-0.009	0.048	
22.75	0.281	0.268	0.020	-0.193	-0.004	0.045	
22.80	0.282	0.268	0.008	-0.187	-0.003	0.021	
22.85	0.282	0.268	0.000	-0.170	-0.004	0.028	
22.90	0.282	0.268	-0.008	-0.166	-0.002	0.056	
22.95	0.281	0.267	-0.016	-0.161	0.004	0.059	
23.00	0.280	0.268	-0.024	-0.151	0.006	0.028	
23.05	0.279	0.268	-0.032	-0.137	0.005	0.014	
23.10	0.277	0.268	-0.038	-0.123	0.007	0.019	
23.15	0.275	0.269	-0.044	-0.115	0.008	0.017	
23.20	0.273	0.269	-0.050	-0.094	0.008	0.021	
23.25	0.270	0.270	-0.054	-0.060	0.010	0.022	
23.30	0.267	0.270	-0.055	-0.037	0.011	0.010	
23.35	0.264	0.271	-0.057	-0.024	0.011	-0.000	
23.40	0.261	0.271	-0.059	0.002	0.011	-0.002	
23.45	0.258	0.272	-0.057	0.038	0.011	-0.010	
23.50	0.256	0.273	-0.054	0.060	0.009	-0.012	
23.55	0.253	0.273	-0.051	0.076	0.009	-0.006	
23.60	0.250	0.273	-0.047	0.100	0.009	-0.011	
23.65	0.248	0.274	-0.041	0.110	0.008	-0.023	
23.70	0.246	0.274	-0.034	0.090	0.007	-0.033	
23.75	0.245	0.274	-0.030	0.056	0.005	-0.038	
23.80	0.244	0.275	-0.033	0.105	0.003	-0.039	
23.85	0.241	0.275	-0.024	0.236	0.000	-0.026	
23.90	0.241	0.275	-0.005	0.290	0.001	-0.020	
23.95	0.241	0.275	0.008	0.266	-0.001	-0.034	
24.00	0.241	0.275	0.025	0.172	-0.003	-0.041	
24.05	0.244	0.275	0.025	0.100	-0.005	-0.037	
24.10	0.244	0.274	0.025	0.197	-0.007	-0.022	
24.15	0.245	0.274	0.049	0.220	-0.007	-0.010	
24.20	0.250	0.273	0.056	0.084	-0.008	-0.006	
24.25	0.252	0.273	0.052	0.012	-0.008	-0.006	
24.30	0.254	0.273	0.054	0.013	-0.009	-0.008	
24.35	0.257	0.272	0.055	0.009	-0.009	0.004	
24.40	0.260	0.272	0.055	-0.001	-0.008	0.017	
24.45	0.263	0.271	0.054	-0.004	-0.006	0.013	
24.50	0.265	0.271	0.055	-0.023	-0.007	0.007	
24.55	0.268	0.270	0.053	-0.062	-0.007	0.020	
24.60	0.271	0.270	0.048	-0.091	-0.004	0.028	
24.65	0.273	0.270	0.043	-0.103	-0.003	0.021	
24.70	0.275	0.270	0.038	-0.119	-0.002	0.012	
24.75	0.277	0.270	0.032	-0.141	-0.002	0.004	
24.80	0.278	0.270	0.023	-0.148	-0.003	0.009	
24.85	0.279	0.270	0.017	-0.151	-0.002	0.022	
24.90	0.280	0.270	0.009	-0.165	0.000	0.028	
24.95	0.280	0.270	-0.000	-0.166	0.002	0.027	
25.00	0.280	0.270	-0.008	-0.155	0.003	0.019	
25.05	0.279	0.270	-0.015	-0.155	0.003	0.011	
25.10	0.279	0.270	-0.024	-0.148	0.004	0.010	
25.15	0.277	0.270	-0.030	-0.131	0.004	0.009	
25.20	0.275	0.271	-0.036	-0.130	0.004	0.015	
25.25	0.273	0.271	-0.044	-0.112	0.006	0.024	
25.30	0.271	0.271	-0.049	-0.070	0.008	0.016	
25.35	0.268	0.271	-0.051	-0.036	0.008	-0.007	
25.40	0.266	0.272	-0.051	-0.016	0.007	-0.024	
25.45	0.263	0.272	-0.052	-0.008	0.005	-0.028	
25.50	0.261	0.273	-0.053	0.004	0.003	-0.014	
25.55	0.258	0.272	-0.052	0.020	0.003	0.007	
25.60	0.255	0.273	-0.050	0.030	0.006	-0.004	
25.65	0.253	0.273	-0.047	0.021	0.003	-0.022	
25.70	0.251	0.273	-0.052	0.076	0.002	-0.017	
25.75	0.247	0.273	-0.040	0.145	0.001	-0.017	
25.80	0.247	0.273	-0.033	0.145	0.000	-0.019	
25.85	0.244	0.273	-0.030	0.205	0.000	-0.031	
25.90	0.243	0.273	-0.008	0.174	-0.003	-0.033	
25.95	0.244	0.273	-0.009	0.081	-0.005	-0.009	
26.00	0.242	0.273	-0.009	0.153	-0.004	0.011	
26.05	0.243	0.273	0.006	0.232	-0.002	0.000	
26.10	0.243	0.273	0.018	0.242	-0.004	-0.007	
26.15	0.244	0.272	0.035	0.172	-0.004	-0.001	
26.20	0.247	0.272	0.034	0.110	-0.004	-0.001	
26.25	0.247	0.272	0.040	0.132	-0.004	-0.001	
26.30	0.251	0.272	0.053	0.067	-0.004	-0.000	
26.35	0.253	0.271	0.048	-0.004	-0.004	0.010	
26.40	0.256	0.271	0.048	0.005	-0.002	0.019	
26.45	0.258	0.271	0.048	0.018	-0.002	0.024	
26.50	0.260	0.271	0.050	0.015	0.000	0.019	
26.55	0.263	0.271	0.051	-0.010	0.001	0.001	
26.60	0.265	0.271	0.049	-0.037	-0.001	0.006	
26.65	0.268	0.271	0.047	-0.064	0.001	0.014	
26.70	0.270	0.271	0.043	-0.087	0.002	-0.001	
26.75	0.272	0.271	0.038	-0.101	0.000	-0.010	
26.80	0.274	0.271	0.033	-0.118	-0.000	0.004	
26.85	0.276	0.271	0.026	-0.135	0.001	0.016	
26.90	0.277	0.271	0.019	-0.143	0.002	0.014	
26.95	0.278	0.271	0.012	-0.156	0.003	0.003	
27.00	0.278	0.272	0.003	-0.155	0.003	-0.012	
27.05	0.278	0.272	-0.004	-0.134	0.001	-0.013	
27.10	0.277	0.272	-0.010	-0.118	0.001	-0.002	
27.15	0.277	0.272	-0.016	-0.115	0.001	0.002	
27.20	0.276	0.272	-0.021	-0.122	0.001	-0.002	
27.25	0.275	0.272	-0.028	-0.128	0.001	-0.001	
27.30	0.273	0.272	-0.035	-0.116	0.001	0.005	
27.35	0.271	0.272	-0.040	-0.103	0.002	-0.005	
27.40	0.269	0.272	-0.043	-0.120	0.001	-0.023	
27.45	0.267	0.272	-0.050	-0.146	-0.002	-0.016	
27.50	0.264	0.272	-0.063	-0.076	-0.001	0.002	
27.55	0.260	0.272	-0.063	0.084	-0.001	0.006	
27.60	0.258	0.272	-0.050	0.163	-0.000	-0.001	
27.65	0.255	0.272	-0.042	0.142	-0.001	-0.003	
27.70	0.253	0.272	-0.031	0.024	-0.001	-0.004	
27.75	0.253	0.272	-0.041	-0.059	-0.001	-0.006	
27.80	0.249	0.272	-0.048	0.057	-0.002	-0.001	
27.85	0.247	0.272	-0.035	0.169	-0.001	-0.001	
27.90	0.246	0.272	-0.026	0.185	-0.002	0.012	
27.95	0.245	0.271	-0.015	0.172	0.000	0.017	
28.00	0.244	0.272	-0.009	0.158	0.001	-0.005	
28.05	0.244	0.272	-0.001	0.171	-0.002	0.001	
28.10	0.244	0.271	0.009	0.168	0.000	0.019	
28.15	0.245	0.272	0.021	0.081	0.002	0.001	
28.20	0.247	0.272	0.016	0.010	0.000	-0.015	
28.25	0.246	0.272	0.013	0.099	-0.001	0.004	
28.30	0.247	0.271	0.026	0.195	0.000	0.028	
28.35	0.249	0.272	0.036	0.220	0.003	0.021	
28.40	0.251	0.272	0.052	0.163	0.003	-0.001	
28.45	0.255	0.272	0.057	0.022	0.002	-0.010	
28.50	0.257	0.272	0.050	-0.055	0.002	-0.017	
28.55	0.259	0.272	0.047	-0.043	0.000	-0.018	
28.60	0.262	0.272	0.046	-0.023	-0.000	-0.004	
28.65	0.264	0.272	0.046	-0.031	0.001	-0.003	
28.70	0.266	0.272	0.043	-0.051	0.000	-0.020	
28.75	0.268	0.272	0.041	-0.065	-0.002	-0.021	
28.80	0.270	0.272	0.037	-0.083	-0.003	-0.002	
28.85	0.272	0.272	0.032	-0.099	-0.002	0.010	
28.90	0.274	0.272	0.027	-0.112	-0.001	0.012	
28.95	0.275	0.272	0.021	-0.120	0.000	0.000	
29.00	0.276	0.272	0.015	-0.125	-0.001	-0.009	
29.05	0.276	0.272	0.008	-0.131	-0.002	0.003	
29.10	0.277	0.272	0.002	-0.133	-0.001	0.010	
29.15	0.277	0.272	-0.005	-0.129	-0.000	0.003	
29.20	0.276	0.272	-0.012	-0.119	-0.000	-0.006	
29.25	0.275	0.272	-0.017	-0.107	-0.001	-0.006	
29.30	0.274	0.271	-0.022	-0.099	-0.002	0.005	
29.35	0.273	0.271	-0.026	-0.097	-0.001	0.019	
29.40	0.272	0.271	-0.032	-0.090	0.001	0.025	
29.45	0.270	0.271	-0.036	-0.068	0.003	0.006	
29.50	0.268	0.272	-0.038	-0.051	0.001	-0.018	
29.55	0.266	0.272	-0.041	-0.039	-0.001	-0.013	
29.60	0.264	0.272	-0.043	-0.015	-0.001	0.009	
29.65	0.262	0.271	-0.043	0.012	0.001	0.017	
29.70	0.260	0.272	-0.041	0.030	0.002	0.005	
29.75	0.258	0.272	-0.040	0.049	0.001	-0.000	
29.80	0.256	0.272	-0.036	0.064	0.002	0.002	
29.85	0.254	0.272	-0.033	0.070	0.002	-0.003	
29.90	0.252	0.272	-0.030	0.086	0.002	-0.015	
29.95	0.251	0.272	-0.025	0.111	-0.000	-0.017	
30.00	0.250	0.272	-0.018	0.130	-0.001	-0.001	
30.05	0.249	0.272	-0.011	0.131	0.000	0.001	
30.10	0.249	0.272	-0.005	0.119	-0.001	-0.000	
30.15	0.249	0.272	0.001	0.104	0.000	-0.004	
30.20	0.249	0.272	0.006	0.088	-0.001	-0.008	
30.25	0.249	0.272	0.009	0.095	-0.001	-0.002	
30.30	0.250	0.272	0.014	0.116	-0.000	-0.009	
30.35	0.251	0.272	0.021	0.116	-0.002	-0.009	
30.40	0.252	0.272	0.027	0.099	-0.002	0.011	
30.45	0.253	0.272	0.031	0.080	-0.000	0.018	
30.50	0.255	0.272	0.035	0.057	0.001	0.004	
30.55	0.257	0.272	0.037	0.032	-0.000	-0.010	
30.60	0.259	0.272	0.038	0.016	-0.001	-0.009	
30.65	0.261	0.272	0.038	0.009	-0.001	0.000	
30.70	0.262	0.271	0.039	-0.001	-0.001	0.003	
30.75	0.265	0.272	0.039	-0.021	-0.001	0.004	
30.80	0.266	0.271	0.036	-0.040	-0.000	0.007	
30.85	0.268	0.272	0.035	-0.061	-0.000	0.007	
30.90	0.270	0.271	0.031	-0.085	-0.000	0.014	
30.95	0.271	0.271	0.026	-0.097	0.002	0.009	
31.00	0.273	0.272	0.021	-0.104	0.001	-0.006	
31.05	0.273	0.272	0.015	-0.108	0.000	-0.004	
31.10	0.274	0.272	0.010	-0.113	-0.000	0.012	
31.15	0.274	0.271	0.004	-0.112	0.002	0.013	
31.20	0.274	0.272	-0.002	-0.106	0.003	-0.014	
31.25	0.274	0.272	-0.007	-0.100	-0.000	-0.022	
31.30	0.274	0.272	-0.012	-0.095	-0.001	-0.002	
31.35	0.273	0.272	-0.016	-0.097	0.000	0.013	
31.40	0.272	0.272	-0.021	-0.102	0.001	0.010	
31.45	0.271	0.272	-0.027	-0.093	0.002	-0.007	
31.50	0.269	0.272	-0.031	-0.066	-0.000	-0.009	
31.55	0.268	0.272	-0.033	-0.042	0.000	0.001	
31.60	0.266	0.272	-0.035	-0.025	0.001	-0.003	
31.65	0.264	0.272	-0.036	-0.010	0.000	-0.012	
31.70	0.263	0.272	-0.035	-0.007	-0.001	-0.016	
31.75	0.261	0.272	-0.037	0.005	-0.002	-0.008	
31.80	0.259	0.272	-0.036	0.037	-0.002	0.003	
31.85	0.257	0.272	-0.033	0.061	-0.001	-0.001	
31.90	0.256	0.272	-0.029	0.061	-0.002	-0.005	
31.95	0.254	0.272	-0.027	0.061	-0.002	0.005	
32.00	0.253	0.271	-0.023	0.075	-0.001	0.017	
32.05	0.252	0.271	-0.019	0.089	0.000	0.011	
32.10	0.251	0.272	-0.015	0.103	0.000	-0.001	
32.15	0.250	0.271	-0.009	0.112	-0.001	0.001	
32.20	0.250	0.271	-0.003	0.106	0.000	0.002	
32.25	0.250	0.272	0.002	0.100	-0.001	0.005	
32.30	0.250	0.271	0.007	0.100	0.000	0.016	
32.35	0.251	0.272	0.012	0.099	0.002	0.008	
32.40	0.251	0.272	0.017	0.095	0.001	0.002	
32.45	0.252	0.272	0.022	0.084	0.002	-0.003	
32.50	0.254	0.272	0.026	0.070	0.001	-0.006	
32.55	0.255	0.272	0.029	0.055	0.001	0.003	
32.60	0.257	0.272	0.031	0.039	0.002	-0.002	
32.65	0.258	0.272	0.033	0.016	0.001	-0.008	
32.70	0.260	0.272	0.033	-0.010	0.000	-0.006	
32.75	0.262	0.272	0.031	-0.012	0.001	-0.013	
32.80	0.263	0.272	0.031	-0.001	-0.001	-0.020	
32.85	0.265	0.272	0.032	-0.007	-0.003	-0.002	
32.90	0.266	0.272	0.031	-0.024	-0.001	0.023	
32.95	0.268	0.272	0.030	-0.048	0.001	0.014	
33.00	0.269	0.272	0.026	-0.071	0.000	-0.004	
33.05	0.270	0.272	0.022	-0.085	0.000	-0.009	
33.10	0.271	0.272	0.018	-0.100	-0.000	-0.012	
33.15	0.272	0.272	0.011	-0.101	-0.001	-0.009	
33.20	0.273	0.272	0.007	-0.093	-0.002	-0.004	
33.25	0.273	0.272	0.003	-0.098	-0.002	-0.001	
33.30	0.273	0.272	-0.002	-0.109	-0.001	-0.005	
33.35	0.273	0.272	-0.008	-0.111	-0.002	-0.001	
33.40	0.272	0.271	-0.014	-0.093	-0.002	0.018	
33.45	0.271	0.271	-0.018	-0.068	0.000	0.022	
33.50	0.270	0.271	-0.021	-0.053	0.001	0.013	
33.55	0.269	0.271	-0.023	-0.052	0.001	0.004	
33.60	0.268	0.272	-0.026	-0.054	0.002	-0.014	
33.65	0.267	0.272	-0.029	-0.045	-0.001	-0.011	
33.70	0.265	0.271	-0.031	-0.029	-0.000	0.005	
33.75	0.263	0.272	-0.032	-0.009	0.001	0.002	
33.80	0.262	0.271	-0.031	0.006	-0.000	0.006	
33.85	0.260	0.271	-0.031	0.016	0.001	0.010	
33.90	0.259	0.272	-0.030	0.031	0.001	0.009	
33.95	0.257	0.271	-0.028	0.046	0.002	0.001	
34.00	0.256	0.272	-0.025	0.059	0.001	-0.014	
34.05	0.255	0.272	-0.022	0.073	-0.000	-0.011	
34.10	0.254	0.272	-0.018	0.078	0.000	-0.008	
34.15	0.253	0.272	-0.014	0.079	-0.001	-0.004	
34.20	0.252	0.272	-0.010	0.082	-0.001	0.011	
34.25	0.252	0.272	-0.005	0.086	0.001	0.013	
34.30	0.252	0.272	-0.001	0.089	0.001	0.002	
34.35	0.252	0.272	0.003	0.091	0.001	-0.003	
34.40	0.252	0.272	0.008	0.086	0.001	-0.010	
34.45	0.253	0.272	0.012	0.080	-0.000	-0.018	
34.50	0.253	0.272	0.016	0.077	-0.001	-0.017	
34.55	0.254	0.272	0.020	0.068	-0.002	-0.011	
34.60	0.255	0.272	0.023	0.051	-0.003	-0.002	
34.65	0.257	0.271	0.025	0.041	-0.002	0.007	
34.70	0.258	0.271	0.027	0.034	-0.002	0.010	
34.75	0.259	0.271	0.029	0.021	-0.001	0.013	
34.80	0.261	0.271	0.029	0.008	0.000	0.007	
34.85	0.262	0.271	0.029	-0.003	-0.001	0.004	
34.90	0.264	0.271	0.029	-0.017	0.000	0.012	
34.95	0.265	0.271	0.028	-0.037	0.001	0.011	
35.00	0.267	0.271	0.025	-0.049	0.001	0.012	
35.05	0.268	0.271	0.022	-0.049	0.003	0.004	
35.10	0.269	0.272	0.020	-0.056	0.002	-0.017	
35.15	0.270	0.272	0.017	-0.071	0.000	-0.023	
35.20	0.270	0.272	0.014	-0.094	-0.002	-0.003	
35.25	0.271	0.271	0.007	-0.108	0.000	0.014	
35.30	0.271	0.272	0.001	-0.093	0.002	0.003	
35.35	0.271	0.272	-0.002	-0.079	0.000	-0.010	
35.40	0.271	0.272	-0.006	-0.076	-0.001	0.000	
35.45	0.271	0.272	-0.010	-0.069	0.000	0.011	
35.50	0.270	0.272	-0.013	-0.054	0.001	0.007	
35.55	0.269	0.272	-0.015	-0.044	0.002	-0.013	
35.60	0.268	0.272	-0.016	-0.050	-0.001	-0.020	
35.65	0.268	0.272	-0.020	-0.063	-0.001	-0.006	
35.70	0.267	0.272	-0.024	-0.053	-0.001	0.007	
35.75	0.265	0.271	-0.026	-0.031	-0.000	0.009	
35.80	0.264	0.272	-0.026	-0.019	0.001	-0.011	
35.85	0.263	0.272	-0.028	-0.002	-0.002	-0.016	
35.90	0.261	0.271	-0.027	0.019	-0.002	0.008	
35.95	0.260	0.271	-0.025	0.025	-0.000	0.021	
36.00	0.259	0.271	-0.025	0.032	0.001	0.013	
36.05	0.257	0.272	-0.022	0.043	0.001	-0.001	
36.10	0.256	0.272	-0.020	0.045	0.000	-0.008	
36.15	0.255	0.272	-0.018	0.053	0.000	-0.006	
36.20	0.255	0.272	-0.015	0.069	-0.000	-0.005	
36.25	0.254	0.272	-0.011	0.077	-0.000	-0.004	
36.30	0.253	0.272	-0.007	0.078	-0.001	0.003	
36.35	0.253	0.271	-0.003	0.080	0.000	0.010	
36.40	0.253	0.272	0.001	0.077	0.001	0.006	
36.45	0.253	0.272	0.005	0.071	0.000	0.004	
36.50	0.254	0.272	0.008	0.067	0.001	0.009	
36.55	0.254	0.272	0.011	0.070	0.002	0.004	
36.60	0.255	0.272	0.015	0.071	0.001	-0.005	
36.65	0.256	0.272	0.019	0.056	0.000	0.006	
36.70	0.257	0.272	0.021	0.039	0.002	0.011	
36.75	0.258	0.272	0.023	0.030	0.003	-0.005	
36.80	0.259	0.272	0.024	0.013	0.002	-0.018	
36.85	0.260	0.272	0.024	-0.003	0.000	-0.019	
36.90	0.261	0.272	0.023	-0.003	-0.001	-0.009	
36.95	0.263	0.272	0.024	-0.004	-0.000	-0.002	
37.00	0.264	0.272	0.023	-0.015	-0.000	-0.006	
37.05	0.265	0.272	0.022	-0.028	-0.001	-0.007	
37.10	0.266	0.272	0.020	-0.039	-0.001	-0.004	
37.15	0.267	0.272	0.018	-0.049	-0.001	-0.006	
37.20	0.268	0.272	0.015	-0.056	-0.002	-0.000	
37.25	0.269	0.272	0.012	-0.057	-0.002	0.019	
37.30	0.269	0.272	0.010	-0.059	0.000	0.018	
37.35	0.270	0.272	0.007	-0.065	0.001	-0.001	
37.40	0.270	0.272	0.003	-0.072	-0.000	-0.011	
37.45	0.270	0.272	-0.000	-0.078	-0.002	0.002	
37.50	0.270	0.271	-0.005	-0.076	0.000	0.016	
37.55	0.269	0.272	-0.008	-0.066	0.002	0.004	
37.60	0.269	0.272	-0.012	-0.054	0.000	-0.008	
37.65	0.268	0.272	-0.014	-0.046	-0.001	0.004	
37.70	0.268	0.272	-0.016	-0.046	0.000	0.018	
37.75	0.267	0.272	-0.018	-0.051	0.002	0.011	
37.80	0.266	0.272	-0.021	-0.043	0.002	-0.010	
37.85	0.264	0.272	-0.023	-0.020	0.001	-0.017	
37.90	0.263	0.272	-0.023	-0.004	-0.000	-0.002	
37.95	0.262	0.272	-0.023	0.009	0.001	0.007	
38.00	0.261	0.272	-0.022	0.023	0.001	0.009	
38.05	0.260	0.272	-0.021	0.031	0.002	0.008	
38.10	0.259	0.272	-0.019	0.035	0.002	-0.007	
38.15	0.258	0.272	-0.017	0.039	0.001	-0.017	
38.20	0.257	0.272	-0.015	0.045	0.000	-0.017	
38.25	0.257	0.272	-0.012	0.048	-0.001	-0.019	
38.30	0.256	0.272	-0.010	0.051	-0.002	-0.009	
38.35	0.256	0.272	-0.008	0.059	-0.002	0.012	
38.40	0.255	0.272	-0.004	0.062	-0.000	0.019	
38.45	0.255	0.272	-0.001	0.053	0.001	0.006	
38.50	0.255	0.272	0.001	0.054	0.000	-0.008	
38.55	0.255	0.272	0.004	0.064	-0.001	-0.009	
38.60	0.256	0.272	0.008	0.066	-0.001	-0.009	
38.65	0.256	0.272	0.011	0.062	-0.002	-0.009	
38.70	0.257	0.272	0.014	0.056	-0.002	0.005	
38.75	0.257	0.272	0.017	0.037	-0.001	0.020	
38.80	0.258	0.272	0.017	0.021	0.000	0.023	
38.85	0.259	0.272	0.018	0.022	0.002	0.005	
38.90	0.260	0.272	0.020	0.018	0.001	-0.016	
38.95	0.261	0.272	0.021	-0.002	-0.001	-0.009	
39.00	0.262	0.272	0.019	-0.015	-0.000	0.007	
39.05	0.263	0.272	0.018	-0.010	0.001	0.006	
39.10	0.264	0.272	0.019	-0.016	-0.000	0.009	
39.15	0.265	0.272	0.017	-0.031	0.001	0.012	
39.20	0.266	0.272	0.015	-0.039	0.002	-0.003	
39.25	0.267	0.272	0.013	-0.047	0.001	-0.010	
39.30	0.267	0.272	0.011	-0.050	0.000	-0.002	
39.35	0.268	0.272	0.008	-0.051	0.000	0.006	
39.40	0.268	0.272	0.005	-0.053	0.001	0.006	
39.45	0.268	0.272	0.003	-0.055	0.002	-0.010	
39.50	0.268	0.272	0.000	-0.058	-0.000	-0.016	
39.55	0.268	0.272	-0.003	-0.055	-0.000	-0.010	
39.60	0.268	0.272	-0.005	-0.051	-0.001	-0.011	
39.65	0.268	0.272	-0.008	-0.045	-0.002	-0.001	
39.70	0.267	0.272	-0.010	-0.035	-0.001	0.008	
39.75	0.267	0.272	-0.012	-0.028	-0.001	0.009	
39.80	0.266	0.272	-0.012	-0.028	0.000	0.003	
39.85	0.265	0.272	-0.014	-0.035	-0.000	-0.009	
39.90	0.265	0.272	-0.016	-0.032	-0.002	-0.001	
39.95	0.264	0.272	-0.018	-0.021	-0.000	0.002	
40.00	0.263	0.272	-0.019	-0.001	-0.001	-0.001	
40.05	0.262	0.272	-0.018	0.024	-0.001	0.008	
40.10	0.261	0.272	-0.015	0.025	0.000	0.003	
40.15	0.260	0.272	-0.015	0.016	-0.000	-0.008	
40.20	0.259	0.272	-0.015	0.020	-0.001	-0.003	
40.25	0.259	0.272	-0.013	0.019	-0.001	0.010	
40.30	0.258	0.272	-0.012	0.017	0.000	0.016	
40.35	0.258	0.272	-0.012	0.035	0.002	0.003	
40.40	0.257	0.272	-0.010	0.062	0.000	-0.009	
40.45	0.257	0.272	-0.005	0.074	-0.000	0.001	
40.50	0.256	0.272	-0.001	0.063	0.001	0.007	
40.55	0.257	0.272	0.001	0.046	0.001	0.005	
40.60	0.257	0.272	0.003	0.043	0.001	0.001	
40.65	0.257	0.272	0.006	0.040	0.001	-0.011	
40.70	0.257	0.272	0.007	0.037	0.000	-0.017	
40.75	0.257	0.272	0.008	0.048	-0.001	-0.011	
40.80	0.258	0.272	0.012	0.045	-0.001	-0.001	
40.85	0.259	0.272	0.014	0.020	-0.001	0.003	
40.90	0.259	0.272	0.014	0.003	-0.001	0.007	
40.95	0.260	0.272	0.014	0.000	-0.001	0.016	
41.00	0.261	0.272	0.014	0.003	0.002	0.007	
41.05	0.262	0.272	0.014	0.007	0.001	-0.016	
41.10	0.262	0.272	0.015	0.003	-0.001	-0.014	
41.15	0.263	0.272	0.015	-0.010	-0.001	-0.007	
41.20	0.264	0.272	0.014	-0.021	-0.001	-0.012	
41.25	0.264	0.272	0.012	-0.026	-0.003	-0.000	
41.30	0.265	0.271	0.011	-0.034	-0.002	0.018	
41.35	0.266	0.271	0.009	-0.049	0.000	0.012	
41.40	0.266	0.271	0.006	-0.052	-0.000	0.005	
41.45	0.266	0.271	0.004	-0.042	0.001	-0.002	
41.50	0.266	0.272	0.002	-0.033	-0.000	-0.012	
41.55	0.266	0.271	0.000	-0.025	-0.002	0.002	
41.60	0.266	0.271	-0.000	-0.025	-0.000	0.018	
41.65	0.266	0.271	-0.002	-0.031	0.001	0.021	
41.70	0.266	0.271	-0.004	-0.039	0.002	0.013	
41.75	0.266	0.272	-0.006	-0.047	0.002	-0.004	
41.80	0.266	0.272	-0.008	-0.047	0.001	0.000	
41.85	0.265	0.271	-0.011	-0.032	0.002	0.007	
41.90	0.264	0.272	-0.012	-0.014	0.002	-0.007	
41.95	0.264	0.272	-0.012	-0.005	0.001	-0.012	
42.00	0.263	0.272	-0.012	-0.001	0.001	-0.014	
42.05	0.263	0.272	-0.012	-0.001	-0.000	-0.016	
42.10	0.262	0.272	-0.012	-0.001	-0.001	-0.008	
42.15	0.262	0.272	-0.012	0.002	-0.001	0.006	
42.20	0.261	0.272	-0.012	0.015	-0.000	0.013	
42.25	0.260	0.272	-0.011	0.027	0.000	0.011	
42.30	0.260	0.272	-0.009	0.025	0.002	-0.006	
42.35	0.259	0.272	-0.008	0.026	-0.000	-0.022	
42.40	0.259	0.272	-0.007	0.029	-0.002	-0.011	
42.45	0.259	0.272	-0.005	0.032	-0.002	0.009	
42.50	0.258	0.272	-0.003	0.032	-0.000	0.016	
42.55	0.258	0.272	-0.002	0.029	0.000	0.015	
42.60	0.258	0.272	-0.000	0.025	0.001	0.007	
42.65	0.258	0.272	0.000	0.025	0.002	-0.012	
42.70	0.258	0.272	0.002	0.030	-0.001	-0.018	
42.75	0.258	0.272	0.004	0.033	-0.001	-0.005	
42.80	0.259	0.272	0.005	0.030	-0.000	0.000	
42.85	0.259	0.272	0.007	0.016	-0.000	-0.002	
42.90	0.259	0.272	0.007	0.005	-0.001	0.000	
42.95	0.260	0.272	0.006	0.014	-0.001	0.012	
43.00	0.260	0.272	0.008	0.025	0.001	0.014	
43.05	0.261	0.272	0.010	0.022	0.001	0.010	
43.10	0.261	0.272	0.011	0.014	0.002	0.005	
43.15	0.262	0.272	0.011	0.002	0.002	-0.009	
43.20	0.262	0.272	0.011	-0.015	-0.000	-0.010	
43.25	0.263	0.272	0.009	-0.020	0.000	0.000	
43.30	0.263	0.272	0.009	-0.015	0.001	-0.003	
43.35	0.264	0.272	0.008	-0.016	0.000	-0.007	
43.40	0.264	0.272	0.007	-0.020	-0.001	0.002	
43.45	0.264	0.272	0.006	-0.027	0.000	0.012	
43.50	0.265	0.272	0.005	-0.036	0.001	0.006	
43.55	0.265	0.272	0.002	-0.035	0.001	-0.010	
43.60	0.265	0.272	0.001	-0.024	0.000	-0.026	
43.65	0.265	0.272	0.000	-0.018	-0.003	-0.016	
43.70	0.265	0.272	-0.001	-0.024	-0.002	0.007	
43.75	0.265	0.272	-0.002	-0.035	-0.001	0.009	
43.80	0.265	0.272	-0.005	-0.037	-0.001	0.010	
43.85	0.264	0.272	-0.006	-0.028	0.000	0.011	
43.90	0.264	0.272	-0.007	-0.022	0.001	0.002	
43.95	0.264	0.272	-0.008	-0.016	0.000	-0.005	
44.00	0.263	0.272	-0.009	-0.002	-0.001	-0.000	
44.05	0.263	0.272	-0.009	0.008	0.001	-0.003	
44.10	0.262	0.272	-0.008	0.005	-0.000	-0.013	
44.15	0.262	0.272	-0.008	0.003	-0.001	-0.010	
44.20	0.261	0.272	-0.008	0.010	-0.002	0.009	
44.25	0.261	0.271	-0.007	0.014	-0.000	0.022	
44.30	0.261	0.272	-0.006	0.009	0.001	0.014	
44.35	0.261	0.272	-0.006	0.009	0.001	0.000	
44.40	0.260	0.272	-0.006	0.022	0.001	-0.011	
44.45	0.260	0.272	-0.004	0.030	-0.000	-0.006	
44.50	0.260	0.272	-0.002	0.026	0.000	0.008	
44.55	0.260	0.272	-0.001	0.024	0.001	0.008	
44.60	0.259	0.272	0.000	0.023	0.001	0.006	
44.65	0.260	0.272	0.001	0.018	0.002	-0.006	
44.70	0.260	0.272	0.002	0.014	0.001	-0.022	
44.75	0.260	0.272	0.002	0.017	-0.002	-0.012	
44.80	0.260	0.272	0.003	0.022	-0.001	0.010	
44.85	0.260	0.272	0.005	0.020	0.001	0.009	
44.90	0.260	0.272	0.005	0.015	0.001	-0.009	
44.95	0.261	0.272	0.006	0.006	-0.001	-0.015	
45.00	0.261	0.272	0.006	-0.007	-0.002	-0.006	
45.05	0.261	0.272	0.005	-0.011	-0.002	0.005	
45.10	0.262	0.272	0.004	0.000	-0.001	0.014	
45.15	0.262	0.272	0.005	0.012	0.001	0.009	
45.20	0.262	0.272	0.006	0.011	0.000	-0.003	
45.25	0.262	0.272	0.007	0.001	-0.000	-0.007	
45.30	0.263	0.272	0.006	-0.010	-0.001	-0.008	
45.35	0.263	0.272	0.006	-0.020	-0.002	0.006	
45.40	0.263	0.271	0.005	-0.034	0.000	0.017	
45.45	0.264	0.272	0.003	-0.054	0.002	0.003	
45.50	0.264	0.272	-0.002	-0.042	0.000	-0.008	
45.55	0.263	0.272	-0.003	0.002	-0.001	0.007	
45.60	0.263	0.271	-0.000	0.013	0.002	0.009	
45.65	0.263	0.272	-0.000	-0.002	0.002	-0.015	
45.70	0.263	0.272	-0.001	-0.010	-0.001	-0.015	
45.75	0.263	0.272	-0.002	-0.012	-0.001	0.005	
45.80	0.263	0.272	-0.002	-0.017	0.000	0.008	
45.85	0.263	0.272	-0.003	-0.019	0.000	0.005	
45.90	0.263	0.272	-0.005	-0.011	-0.000	0.015	
45.95	0.262	0.272	-0.005	-0.000	0.002	0.013	
46.00	0.262	0.272	-0.004	0.002	0.002	-0.007	
46.05	0.262	0.272	-0.004	0.003	0.001	-0.015	
46.10	0.262	0.272	-0.004	0.004	0.000	-0.011	
46.15	0.262	0.272	-0.004	0.001	-0.000	-0.008	
46.20	0.261	0.272	-0.004	0.007	-0.000	-0.009	
46.25	0.261	0.272	-0.003	0.015	-0.001	-0.007	
46.30	0.261	0.272	-0.002	0.015	-0.001	0.000	
46.35	0.261	0.272	-0.002	0.010	-0.001	0.001	
46.40	0.261	0.272	-0.001	0.009	-0.001	0.002	
46.45	0.261	0.272	-0.001	0.007	-0.001	0.008	
46.50	0.261	0.272	-0.001	0.010	0.000	0.000	
46.55	0.261	0.272	0.000	0.018	-0.000	-0.013	
46.60	0.261	0.272	0.001	0.017	-0.002	-0.008	
46.65	0.261	0.271	0.002	0.011	-0.002	0.006	
46.70	0.261	0.271	0.003	0.003	-0.001	0.009	
46.75	0.261	0.271	0.002	-0.002	-0.001	0.014	
46.80	0.261	0.271	0.002	0.003	0.000	0.019	
46.85	0.261	0.271	0.002	0.010	0.002	0.007	
46.90	0.261	0.272	0.003	0.010	0.001	-0.011	
46.95	0.262	0.272	0.004	-0.003	0.000	-0.016	
47.00	0.262	0.272	0.002	-0.008	-0.001	-0.006	
47.05	0.262	0.271	0.002	0.002	-0.000	0.003	
47.10	0.262	0.272	0.003	0.005	-0.000	0.004	
47.15	0.262	0.271	0.003	-0.000	0.000	0.006	
47.20	0.262	0.272	0.003	-0.007	0.000	0.006	
47.25	0.263	0.271	0.002	-0.007	0.001	0.001	
47.30	0.263	0.272	0.002	-0.002	0.001	-0.009	
47.35	0.263	0.272	0.003	-0.007	-0.001	0.002	
47.40	0.263	0.271	0.002	-0.015	0.001	0.011	
47.45	0.263	0.272	0.000	-0.013	0.002	-0.005	
47.50	0.263	0.272	0.000	-0.009	-0.000	-0.012	
47.55	0.263	0.272	-0.000	-0.009	-0.000	-0.005	
47.60	0.263	0.272	-0.000	-0.015	-0.000	-0.003	
47.65	0.263	0.272	-0.002	-0.020	-0.001	0.004	
47.70	0.263	0.272	-0.003	-0.015	0.000	0.008	
47.75	0.263	0.272	-0.003	-0.005	0.001	-0.000	
47.80	0.262	0.272	-0.003	0.003	0.000	-0.010	
47.85	0.262	0.272	-0.003	0.009	-0.001	-0.008	
47.90	0.262	0.272	-0.002	0.009	-0.001	-0.005	
47.95	0.262	0.272	-0.002	0.002	-0.001	-0.004	
48.00	0.262	0.271	-0.002	-0.006	-0.001	0.002	
48.05	0.262	0.271	-0.002	-0.011	-0.001	0.000	
48.10	0.262	0.271	-0.004	-0.001	-0.001	-0.001	
48.15	0.261	0.271	-0.003	0.017	-0.001	0.004	
48.20	0.261	0.271	-0.001	0.018	-0.001	0.009	
48.25	0.261	0.271	-0.001	0.015	-0.001	0.017	
48.30	0.261	0.271	0.000	0.015	0.001	0.025	
48.35	0.261	0.271	0.001	0.009	0.003	0.007	
48.40	0.261	0.272	0.001	0.007	0.002	-0.024	
48.45	0.261	0.272	0.001	0.007	-0.001	-0.026	
48.50	0.262	0.271	0.002	0.002	-0.002	0.003	
48.55	0.262	0.271	0.002	-0.002	-0.000	0.033	
48.60	0.262	0.271	0.001	-0.004	0.003	0.028	
48.65	0.262	0.272	0.001	-0.000	0.004	-0.004	
48.70	0.262	0.272	0.001	0.004	0.002	-0.016	
48.75	0.262	0.272	0.002	0.001	0.001	-0.013	
48.80	0.262	0.272	0.002	-0.004	0.001	-0.018	
48.85	0.262	0.272	0.001	-0.010	-0.001	-0.014	
48.90	0.262	0.272	0.000	-0.010	-0.001	-0.002	
48.95	0.262	0.272	0.000	-0.005	-0.000	0.002	
49.00	0.262	0.272	0.000	-0.002	-0.000	-0.004	
49.05	0.262	0.272	0.000	-0.002	-0.001	-0.003	
49.10	0.262	0.272	-0.000	-0.003	-0.001	0.004	
49.15	0.262	0.272	-0.000	-0.005	-0.000	0.007	
49.20	0.262	0.272	-0.001	-0.002	-0.000	0.004	
49.25	0.262	0.272	-0.000	0.001	-0.001	0.008	
49.30	0.262	0.271	-0.000	-0.003	0.001	0.007	
49.35	0.262	0.272	-0.001	-0.003	0.001	-0.001	
49.40	0.262	0.272	-0.001	-0.003	-0.001	0.009	
49.45	0.262	0.271	-0.001	-0.002	0.002	0.011	
49.50	0.262	0.272	-0.001	0.007	0.002	-0.018	
49.55	0.262	0.272	-0.000	0.010	-0.001	-0.021	
49.60	0.262	0.272	0.000	0.010	-0.002	0.007	
49.65	0.262	0.272	0.000	0.012	0.001	0.009	
49.70	0.262	0.272	0.001	0.010	0.001	-0.011	
49.75	0.262	0.272	0.002	0.004	-0.002	-0.003	
49.80	0.262	0.272	0.002	-0.001	-0.001	0.019	
49.85	0.262	0.272	0.001	-0.005	0.002	0.018	
49.90	0.262	0.272	0.001	-0.001	0.002	-0.003	
49.95	0.262	0.272	0.001	0.002	0.000	-0.005	
50.00	0.262	0.272	0.001	-0.002	0.001	-0.001	
50.05	0.262	0.272	0.001	-0.000	0.002	-0.018	
50.10	0.262	0.272	0.001	0.000	-0.001	-0.024	
50.15	0.262	0.272	0.001	-0.005	-0.002	-0.005	
50.20	0.262	0.272	0.000	-0.004	-0.001	0.015	
50.25	0.262	0.272	0.000	0.003	0.000	0.019	
50.30	0.262	0.272	0.001	0.003	0.002	0.000	
50.35	0.263	0.272	0.001	-0.006	0.000	-0.016	
50.40	0.263	0.272	0.000	-0.010	-0.002	-0.002	
50.45	0.263	0.272	0.000	-0.010	-0.000	0.013	
50.50	0.263	0.272	-0.000	-0.012	0.001	0.010	
50.55	0.263	0.272	-0.001	-0.014	0.001	0.006	
50.60	0.262	0.272	-0.002	-0.014	0.001	0.002	
50.65	0.262	0.272	-0.002	-0.017	0.001	-0.009	
50.70	0.262	0.272	-0.004	-0.008	0.000	-0.015	
50.75	0.262	0.272	-0.004	0.014	-0.000	-0.014	
50.80	0.262	0.272	-0.002	0.024	-0.002	-0.002	
50.85	0.262	0.272	-0.001	0.015	-0.001	0.010	
50.90	0.262	0.272	-0.000	0.001	-0.000	0.008	
50.95	0.262	0.272	-0.001	-0.002	0.000	0.008	
51.00	0.262	0.272	-0.001	0.006	0.000	0.009	
51.05	0.262	0.272	-0.000	0.010	0.001	0.005	
51.10	0.262	0.272	0.000	0.009	0.001	-0.005	
51.15	0.262	0.272	0.000	0.010	0.000	-0.009	
51.20	0.262	0.272	0.001	0.006	0.000	-0.007	
51.25	0.262	0.272	0.001	-0.003	-0.000	-0.005	
51.30	0.262	0.272	0.000	-0.002	-0.000	-0.001	
51.35	0.262	0.272	0.001	0.008	-0.001	0.013	
51.40	0.262	0.272	0.002	0.009	0.002	0.013	
51.45	0.262	0.272	0.002	-0.005	0.002	-0.014	
51.50	0.262	0.272	0.001	-0.021	-0.001	-0.015	
51.55	0.262	0.272	-0.001	-0.017	-0.001	-0.001	
51.60	0.262	0.272	-0.001	-0.002	-0.001	0.006	
51.65	0.262	0.272	-0.000	0.006	0.001	0.005	
51.70	0.262	0.272	-0.000	0.004	0.000	-0.006	
51.75	0.262	0.272	0.000	0.001	-0.001	-0.003	
51.80	0.262	0.272	0.000	-0.001	0.000	-0.005	
51.85	0.262	0.272	-0.000	-0.005	-0.002	-0.001	
51.90	0.262	0.272	-0.000	-0.008	-0.000	0.008	
51.95	0.262	0.272	-0.001	-0.007	0.000	-0.002	
52.00	0.262	0.272	-0.001	0.000	-0.001	-0.005	
52.05	0.262	0.272	-0.001	-0.000	-0.001	0.008	
52.10	0.262	0.272	-0.001	-0.000	0.000	0.016	
52.15	0.262	0.272	-0.001	0.007	0.001	0.011	
52.20	0.262	0.272	-0.000	0.009	0.002	-0.007	
52.25	0.262	0.272	-0.000	0.007	-0.000	-0.010	
52.30	0.262	0.272	0.000	0.006	0.000	0.000	
52.35	0.262	0.272	0.000	0.008	0.001	-0.000	
52.40	0.262	0.272	0.001	0.005	-0.000	0.003	
52.45	0.262	0.272	0.001	-0.003	0.001	0.007	
52.50	0.262	0.272	0.000	-0.003	0.001	0.001	
52.55	0.262	0.272	0.000	0.003	0.000	0.008	
52.60	0.262	0.272	0.001	0.003	0.002	0.007	
52.65	0.262	0.273	0.001	-0.003	0.002	-0.013	
52.70	0.262	0.272	0.000	-0.003	-0.000	-0.015	
52.75	0.262	0.272	0.000	0.004	-0.000	-0.006	
52.80	0.262	0.272	0.001	0.004	-0.000	-0.004	
52.85	0.262	0.272	0.001	-0.002	-0.000	-0.006	
52.90	0.262	0.272	0.001	-0.005	-0.001	-0.003	
52.95	0.262	0.272	0.001	-0.008	-0.001	0.001	
53.00	0.262	0.272	0.000	-0.012	-0.001	0.003	
53.05	0.262	0.272	-0.001	-0.005	-0.000	0.003	
53.10	0.262	0.272	-0.000	-0.002	0.000	-0.010	
53.15	0.262	0.272	-0.000	-0.006	-0.002	-0.010	
53.20	0.262	0.272	-0.001	-0.008	-0.002	0.006	
53.25	0.262	0.272	-0.002	-0.007	-0.001	0.015	
53.30	0.262	0.272	-0.001	-0.013	0.001	0.009	
53.35	0.262	0.272	-0.004	-0.008	0.001	-0.008	
53.40	0.261	0.272	-0.003	0.010	-0.001	-0.005	
53.45	0.262	0.272	-0.001	0.010	-0.000	0.006	
53.50	0.261	0.272	-0.002	0.011	0.000	-0.000	
53.55	0.261	0.272	-0.001	0.015	-0.001	0.000	
53.60	0.261	0.272	-0.000	0.010	-0.000	0.013	
53.65	0.261	0.272	0.000	0.008	0.002	0.009	
53.70	0.261	0.272	0.001	0.002	0.001	-0.006	
53.75	0.261	0.272	0.000	-0.000	-0.001	0.005	
53.80	0.261	0.272	0.000	0.005	0.002	0.009	
53.85	0.261	0.272	0.001	0.005	0.002	-0.015	
53.90	0.262	0.272	0.001	-0.000	-0.001	-0.021	
53.95	0.262	0.272	0.001	0.000	-0.001	-0.007	
54.00	0.262	0.272	0.001	0.000	-0.001	0.007	
54.05	0.262	0.272	0.001	-0.005	-0.000	0.012	
54.10	0.262	0.272	0.000	-0.005	0.001	0.002	
54.15	0.262	0.272	0.000	0.000	0.000	-0.006	
54.20	0.262	0.272	0.001	-0.002	-0.001	0.000	
54.25	0.262	0.272	0.000	-0.005	0.000	0.007	
54.30	0.262	0.272	0.000	-0.002	0.001	-0.000	
54.35	0.262	0.272	0.000	-0.000	0.000	-0.008	
54.40	0.262	0.272	0.000	-0.001	-0.001	-0.003	
54.45	0.262	0.272	0.001	-0.010	-0.000	0.002	
54.50	0.262	0.272	-0.001	-0.014	-0.000	-0.001	
54.55	0.262	0.272	-0.002	-0.007	-0.000	-0.005	
54.60	0.262	0.272	-0.002	-0.000	-0.001	-0.001	
54.65	0.262	0.272	-0.001	0.004	-0.001	0.010	
54.70	0.262	0.272	-0.001	0.000	0.001	0.008	
54.75	0.262	0.272	-0.001	-0.004	0.000	-0.002	
54.80	0.261	0.272	-0.002	0.000	0.000	-0.005	
54.85	0.261	0.272	-0.002	0.008	-0.000	-0.006	
54.90	0.261	0.272	-0.001	0.018	-0.001	0.004	
54.95	0.261	0.272	0.001	0.016	-0.000	0.021	
55.00	0.261	0.272	0.001	0.005	0.002	0.017	
55.05	0.261	0.272	0.001	0.002	0.002	-0.006	
55.10	0.261	0.272	0.001	0.002	0.001	-0.017	
55.15	0.262	0.272	0.001	-0.002	-0.000	-0.014	
55.20	0.262	0.272	0.001	0.000	-0.001	-0.004	
55.25	0.262	0.272	0.001	0.002	-0.000	0.004	
55.30	0.262	0.272	0.001	-0.002	-0.000	0.004	
55.35	0.262	0.272	0.001	-0.000	0.000	0.004	
55.40	0.262	0.272	0.001	0.000	0.000	0.005	
55.45	0.262	0.272	0.001	-0.005	0.000	0.005	
55.50	0.262	0.272	0.000	-0.005	0.002	-0.007	
55.55	0.262	0.272	0.000	-0.001	-0.001	-0.015	
55.60	0.262	0.272	0.001	-0.004	-0.001	-0.004	
55.65	0.262	0.272	0.000	-0.007	-0.000	-0.006	
55.70	0.262	0.272	-0.001	-0.002	-0.002	-0.002	
55.75	0.262	0.272	0.000	-0.004	-0.001	0.013	
55.80	0.262	0.272	-0.000	-0.017	0.000	0.010	
55.85	0.262	0.272	-0.002	-0.017	0.000	-0.001	
55.90	0.262	0.272	-0.002	-0.017	0.000	-0.006	
55.95	0.262	0.272	-0.004	-0.010	-0.000	-0.009	
56.00	0.261	0.272	-0.004	0.022	-0.001	-0.005	
56.05	0.261	0.272	-0.000	0.031	-0.001	0.004	
56.10	0.261	0.272	-0.000	0.014	-0.000	0.008	
56.15	0.261	0.272	0.000	0.004	-0.000	0.009	
56.20	0.261	0.272	0.001	-0.007	-0.000	0.016	
56.25	0.261	0.272	-0.001	-0.007	0.002	0.012	
56.30	0.261	0.272	-0.001	0.007	0.002	-0.011	
56.35	0.261	0.272	0.001	0.008	-0.000	-0.015	
56.40	0.261	0.272	0.000	0.005	-0.000	-0.004	
56.45	0.261	0.272	0.000	0.008	-0.000	-0.001	
56.50	0.261	0.272	0.001	0.009	-0.000	0.001	
56.55	0.261	0.272	0.002	0.004	-0.000	0.003	
56.60	0.262	0.272	0.002	-0.000	-0.000	0.010	
56.65	0.262	0.272	0.002	-0.005	0.002	0.005	
56.70	0.262	0.272	0.001	-0.010	0.001	-0.011	
56.75	0.262	0.272	0.000	-0.011	-0.001	-0.002	
56.80	0.262	0.272	0.000	-0.008	0.001	0.003	
56.85	0.262	0.272	-0.000	-0.006	0.001	-0.018	
56.90	0.262	0.272	-0.001	0.001	-0.002	-0.020	
56.95	0.262	0.272	-0.000	0.005	-0.003	0.009	
57.00	0.262	0.272	0.000	-0.004	0.000	0.018	
57.05	0.262	0.272	-0.001	-0.006	0.001	-0.001	
57.10	0.262	0.272	-0.001	0.007	-0.001	-0.008	
57.15	0.262	0.272	0.000	0.015	-0.001	-0.001	
57.20	0.262	0.272	0.001	0.009	-0.000	0.002	
57.25	0.262	0.272	0.001	-0.005	-0.000	-0.002	
57.30	0.262	0.272	0.000	-0.012	-0.001	0.002	
57.35	0.262	0.272	-0.000	-0.013	-0.001	0.013	
57.40	0.262	0.271	-0.001	-0.007	0.001	0.012	
57.45	0.262	0.272	-0.001	0.004	0.001	-0.002	
57.50	0.262	0.272	-0.000	0.008	0.000	-0.010	
57.55	0.262	0.272	-0.000	0.005	-0.000	-0.010	
57.60	0.262	0.272	0.000	0.004	-0.001	-0.002	
57.65	0.262	0.272	0.000	0.005	-0.001	0.014	
57.70	0.262	0.271	0.000	0.010	0.001	0.016	
57.75	0.262	0.272	0.001	0.010	0.001	0.003	
57.80	0.262	0.272	0.002	0.004	0.001	-0.008	
57.85	0.262	0.272	0.002	-0.001	0.000	-0.011	
57.90	0.262	0.272	0.001	-0.005	-0.001	-0.001	
57.95	0.262	0.272	0.001	-0.003	0.001	0.001	
58.00	0.262	0.272	0.001	-0.003	0.000	-0.008	
58.05	0.262	0.272	0.001	-0.010	-0.000	-0.011	
58.10	0.262	0.272	-0.000	-0.005	-0.001	-0.008	
58.15	0.262	0.272	0.000	0.005	-0.002	0.009	
58.20	0.262	0.271	0.001	-0.000	0.000	0.012	
58.25	0.262	0.272	0.000	-0.008	0.000	0.001	
58.30	0.262	0.271	-0.000	-0.011	-0.000	-0.003	
58.35	0.262	0.272	-0.001	-0.008	-0.000	-0.005	
58.40	0.262	0.271	-0.001	-0.001	-0.001	0.005	
58.45	0.262	0.271	-0.001	-0.005	0.001	0.002	
58.50	0.262	0.272	-0.002	-0.014	-0.000	-0.012	
58.55	0.262	0.271	-0.002	-0.017	-0.002	0.005	
58.60	0.262	0.271	-0.004	-0.006	0.000	0.016	
58.65	0.261	0.272	-0.004	0.019	0.001	-0.005	
58.70	0.261	0.272	-0.001	0.025	-0.001	-0.008	
58.75	0.261	0.271	-0.000	0.013	-0.000	0.003	
58.80	0.261	0.272	-0.000	0.003	0.000	-0.000	
58.85	0.261	0.271	-0.000	-0.002	-0.001	0.008	
58.90	0.261	0.271	-0.001	0.003	0.001	0.015	
58.95	0.261	0.272	0.000	0.010	0.002	-0.003	
59.00	0.261	0.272	0.001	0.005	0.000	-0.014	
59.05	0.261	0.272	0.000	0.001	-0.001	-0.005	
59.10	0.261	0.271	0.000	0.006	-0.000	0.005	
59.15	0.261	0.272	0.001	0.005	0.001	0.003	
59.20	0.261	0.272	0.001	-0.000	-0.000	0.006	
59.25	0.261	0.271	0.001	-0.000	0.001	0.008	
59.30	0.261	0.272	0.001	0.000	0.002	-0.007	
59.35	0.262	0.272	0.001	-0.006	-0.000	-0.007	
59.40	0.262	0.272	0.000	-0.007	-0.000	0.012	
59.45	0.262	0.272	0.000	-0.002	0.002	0.005	
59.50	0.262	0.272	0.000	0.002	0.001	-0.012	
59.55	0.262	0.272	0.001	-0.002	0.000	-0.013	
59.60	0.262	0.272	0.000	-0.007	0.000	-0.019	
59.65	0.262	0.272	-0.001	-0.000	-0.003	-0.006	
59.70	0.262	0.272	0.001	-0.001	-0.001	0.011	
59.75	0.262	0.272	-0.000	-0.010	-0.000	0.007	
59.80	0.262	0.272	-0.001	-0.005	-0.000	0.005	
59.85	0.262	0.272	-0.001	0.007	-0.000	0.007	
59.90	0.261	0.272	-0.000	0.013	-0.000	0.024	
59.95	0.262	0.272	0.001	0.009	0.002	0.040	
60.00	0.262	0.272	0.001	0.001	0.005	0.046	
