Vernier Format 2
run24.txt 10/10/2025 15:18:36
Run 1
Time	Position	Position	Velocity	Acceleration	Velocity	Acceleration	
T	P	P	V	A	V	A	
s	m	m	m/s	m/s^2	m/s	m/s^2	

0.00	0.263	0.217	-0.002	0.032	0.012	0.220	
0.05	0.263	0.217	0.000	0.025	0.020	0.281	
0.10	0.263	0.218	0.001	0.013	0.037	0.353	
0.15	0.263	0.220	0.002	0.002	0.057	0.396	
0.20	0.263	0.224	0.001	-0.006	0.078	0.406	
0.25	0.263	0.228	0.000	-0.005	0.099	0.387	
0.30	0.263	0.234	0.000	0.002	0.118	0.334	
0.35	0.263	0.240	0.001	-0.001	0.133	0.265	
0.40	0.263	0.247	0.001	-0.015	0.144	0.197	
0.45	0.263	0.255	-0.000	-0.024	0.153	0.128	
0.50	0.263	0.262	-0.002	-0.016	0.157	0.068	
0.55	0.263	0.270	-0.003	0.003	0.160	-0.003	
0.60	0.263	0.279	-0.001	0.007	0.157	-0.091	
0.65	0.263	0.286	-0.001	0.003	0.150	-0.162	
0.70	0.263	0.294	-0.001	0.006	0.141	-0.231	
0.75	0.263	0.301	-0.001	0.005	0.127	-0.303	
0.80	0.263	0.306	-0.001	0.008	0.109	-0.346	
0.85	0.262	0.311	0.000	0.010	0.092	-0.386	
0.90	0.263	0.316	0.001	-0.000	0.072	-0.439	
0.95	0.263	0.319	0.000	-0.010	0.047	-0.469	
1.00	0.263	0.321	-0.001	-0.009	0.024	-0.476	
1.05	0.262	0.321	-0.001	-0.008	-0.000	-0.474	
1.10	0.263	0.321	-0.002	-0.008	-0.025	-0.453	
1.15	0.262	0.319	-0.002	0.003	-0.047	-0.414	
1.20	0.262	0.316	-0.001	0.004	-0.066	-0.379	
1.25	0.262	0.312	-0.001	-0.008	-0.084	-0.346	
1.30	0.262	0.307	-0.002	-0.007	-0.101	-0.307	
1.35	0.262	0.302	-0.002	0.009	-0.115	-0.269	
1.40	0.262	0.296	-0.001	0.011	-0.128	-0.214	
1.45	0.262	0.289	-0.001	0.001	-0.137	-0.143	
1.50	0.262	0.282	-0.001	-0.001	-0.142	-0.080	
1.55	0.262	0.275	-0.001	0.006	-0.145	-0.021	
1.60	0.262	0.267	-0.000	0.010	-0.145	0.049	
1.65	0.262	0.260	0.000	0.010	-0.140	0.116	
1.70	0.262	0.253	0.000	0.012	-0.132	0.165	
1.75	0.262	0.247	0.001	0.014	-0.124	0.218	
1.80	0.262	0.241	0.002	0.015	-0.111	0.286	
1.85	0.262	0.235	0.002	0.020	-0.095	0.350	
1.90	0.262	0.231	0.004	0.015	-0.075	0.395	
1.95	0.262	0.228	0.005	0.000	-0.055	0.423	
2.00	0.263	0.226	0.004	-0.006	-0.033	0.447	
2.05	0.263	0.224	0.004	-0.004	-0.009	0.458	
2.10	0.263	0.225	0.003	-0.002	0.014	0.451	
2.15	0.263	0.226	0.003	-0.001	0.036	0.437	
2.20	0.263	0.228	0.003	-0.003	0.058	0.407	
2.25	0.263	0.232	0.003	-0.008	0.078	0.351	
2.30	0.264	0.236	0.003	-0.014	0.093	0.287	
2.35	0.264	0.241	0.001	-0.009	0.105	0.243	
2.40	0.264	0.247	0.002	-0.002	0.118	0.191	
2.45	0.264	0.253	0.002	-0.014	0.126	0.118	
2.50	0.264	0.260	0.000	-0.024	0.129	0.063	
2.55	0.264	0.266	-0.001	-0.020	0.131	0.032	
2.60	0.264	0.273	-0.002	-0.015	0.133	-0.008	
2.65	0.264	0.279	-0.002	-0.017	0.131	-0.077	
2.70	0.264	0.286	-0.003	-0.020	0.125	-0.155	
2.75	0.263	0.292	-0.005	-0.013	0.115	-0.218	
2.80	0.263	0.298	-0.005	-0.002	0.102	-0.250	
2.85	0.263	0.302	-0.005	0.008	0.089	-0.265	
2.90	0.263	0.307	-0.004	0.011	0.077	-0.301	
2.95	0.263	0.310	-0.003	0.010	0.060	-0.347	
3.00	0.262	0.313	-0.003	0.010	0.042	-0.382	
3.05	0.262	0.314	-0.002	0.006	0.021	-0.398	
3.10	0.262	0.315	-0.002	-0.003	0.000	-0.386	
3.15	0.262	0.314	-0.003	-0.003	-0.017	-0.379	
3.20	0.262	0.313	-0.003	0.007	-0.037	-0.374	
3.25	0.262	0.310	-0.002	0.013	-0.056	-0.340	
3.30	0.262	0.307	-0.001	0.014	-0.072	-0.300	
3.35	0.262	0.303	-0.000	0.010	-0.086	-0.269	
3.40	0.262	0.299	-0.000	0.003	-0.099	-0.232	
3.45	0.262	0.293	-0.000	-0.001	-0.110	-0.181	
3.50	0.262	0.288	-0.001	0.004	-0.117	-0.123	
3.55	0.261	0.281	0.000	0.010	-0.121	-0.074	
3.60	0.262	0.275	0.001	0.005	-0.124	-0.028	
3.65	0.262	0.269	0.000	0.001	-0.125	0.029	
3.70	0.262	0.263	0.000	0.005	-0.121	0.084	
3.75	0.262	0.257	0.001	0.004	-0.116	0.132	
3.80	0.262	0.251	0.001	-0.003	-0.108	0.185	
3.85	0.262	0.246	0.000	-0.001	-0.098	0.244	
3.90	0.262	0.241	0.001	0.010	-0.084	0.295	
3.95	0.262	0.237	0.002	0.016	-0.068	0.331	
4.00	0.262	0.234	0.003	0.012	-0.050	0.353	
4.05	0.262	0.232	0.003	0.004	-0.032	0.364	
4.10	0.262	0.231	0.003	0.006	-0.013	0.373	
4.15	0.262	0.231	0.003	0.012	0.006	0.368	
4.20	0.263	0.232	0.004	0.008	0.023	0.361	
4.25	0.263	0.233	0.004	0.004	0.042	0.347	
4.30	0.263	0.236	0.005	0.000	0.059	0.312	
4.35	0.263	0.239	0.005	-0.011	0.074	0.266	
4.40	0.263	0.244	0.003	-0.017	0.085	0.224	
4.45	0.264	0.248	0.002	-0.011	0.095	0.196	
4.50	0.264	0.253	0.002	-0.002	0.106	0.150	
4.55	0.264	0.259	0.003	-0.003	0.112	0.076	
4.60	0.264	0.264	0.002	-0.007	0.112	0.022	
4.65	0.264	0.270	0.002	-0.009	0.113	-0.010	
4.70	0.264	0.276	0.001	-0.013	0.112	-0.052	
4.75	0.264	0.281	0.000	-0.015	0.108	-0.106	
4.80	0.264	0.287	-0.000	-0.016	0.101	-0.161	
4.85	0.264	0.291	-0.001	-0.016	0.091	-0.201	
4.90	0.264	0.296	-0.002	-0.019	0.081	-0.232	
4.95	0.264	0.300	-0.003	-0.031	0.068	-0.265	
5.00	0.264	0.303	-0.005	-0.037	0.054	-0.289	
5.05	0.263	0.305	-0.008	-0.021	0.039	-0.308	
5.10	0.263	0.307	-0.008	0.006	0.023	-0.316	
5.15	0.263	0.307	-0.006	0.023	0.008	-0.325	
5.20	0.262	0.307	-0.004	0.019	-0.009	-0.334	
5.25	0.262	0.306	-0.004	0.004	-0.027	-0.314	
5.30	0.262	0.305	-0.005	-0.001	-0.042	-0.277	
5.35	0.262	0.302	-0.005	0.006	-0.054	-0.256	
5.40	0.261	0.299	-0.004	0.010	-0.067	-0.241	
5.45	0.261	0.295	-0.003	0.010	-0.079	-0.209	
5.50	0.261	0.291	-0.003	0.016	-0.088	-0.165	
5.55	0.261	0.287	-0.002	0.021	-0.095	-0.123	
5.60	0.261	0.282	-0.001	0.027	-0.101	-0.082	
5.65	0.261	0.276	0.001	0.024	-0.104	-0.036	
5.70	0.261	0.271	0.002	0.009	-0.105	0.018	
5.75	0.261	0.266	0.001	0.007	-0.102	0.068	
5.80	0.261	0.261	0.002	0.017	-0.097	0.098	
5.85	0.261	0.256	0.004	0.012	-0.092	0.126	
5.90	0.262	0.252	0.004	0.001	-0.085	0.176	
5.95	0.262	0.247	0.004	-0.001	-0.075	0.229	
6.00	0.262	0.244	0.003	-0.001	-0.062	0.268	
6.05	0.262	0.241	0.003	0.000	-0.047	0.295	
6.10	0.262	0.239	0.003	0.002	-0.032	0.314	
6.15	0.262	0.238	0.004	0.005	-0.015	0.313	
6.20	0.263	0.238	0.004	0.008	-0.000	0.305	
6.25	0.263	0.238	0.005	0.004	0.015	0.307	
6.30	0.263	0.239	0.005	-0.007	0.031	0.306	
6.35	0.263	0.241	0.004	-0.015	0.046	0.280	
6.40	0.263	0.244	0.003	-0.018	0.059	0.242	
6.45	0.264	0.247	0.002	-0.017	0.070	0.206	
6.50	0.264	0.251	0.001	-0.007	0.080	0.162	
6.55	0.264	0.255	0.001	-0.002	0.087	0.117	
6.60	0.264	0.260	0.001	-0.007	0.091	0.087	
6.65	0.264	0.264	0.000	-0.010	0.095	0.059	
6.70	0.264	0.269	0.000	-0.009	0.098	0.015	
6.75	0.264	0.274	-0.000	-0.010	0.097	-0.038	
6.80	0.264	0.279	-0.001	-0.007	0.094	-0.097	
6.85	0.264	0.284	-0.001	-0.002	0.088	-0.155	
6.90	0.264	0.288	-0.001	-0.007	0.078	-0.191	
6.95	0.264	0.292	-0.002	-0.015	0.068	-0.210	
7.00	0.263	0.295	-0.003	-0.012	0.057	-0.227	
7.05	0.263	0.297	-0.003	-0.004	0.045	-0.241	
7.10	0.263	0.299	-0.003	0.001	0.033	-0.269	
7.15	0.263	0.301	-0.003	-0.004	0.018	-0.288	
7.20	0.263	0.301	-0.003	-0.012	0.002	-0.270	
7.25	0.263	0.301	-0.004	-0.009	-0.009	-0.262	
7.30	0.262	0.300	-0.004	-0.009	-0.023	-0.268	
7.35	0.262	0.299	-0.005	-0.012	-0.037	-0.254	
7.40	0.262	0.297	-0.006	-0.011	-0.049	-0.221	
7.45	0.262	0.294	-0.006	0.000	-0.059	-0.183	
7.50	0.261	0.291	-0.006	0.027	-0.067	-0.156	
7.55	0.261	0.287	-0.003	0.038	-0.074	-0.141	
7.60	0.261	0.283	-0.001	0.020	-0.081	-0.124	
7.65	0.261	0.279	-0.001	0.009	-0.087	-0.084	
7.70	0.261	0.274	-0.001	0.013	-0.090	-0.019	
7.75	0.261	0.270	0.000	0.019	-0.089	0.036	
7.80	0.261	0.265	0.001	0.016	-0.086	0.070	
7.85	0.261	0.261	0.002	0.012	-0.082	0.099	
7.90	0.261	0.257	0.002	0.011	-0.076	0.132	
7.95	0.261	0.253	0.003	0.009	-0.068	0.164	
8.00	0.261	0.250	0.003	0.005	-0.060	0.195	
8.05	0.261	0.247	0.003	0.012	-0.049	0.232	
8.10	0.262	0.245	0.004	0.015	-0.036	0.256	
8.15	0.262	0.244	0.005	0.008	-0.023	0.268	
8.20	0.262	0.243	0.005	0.003	-0.009	0.284	
8.25	0.262	0.243	0.005	-0.001	0.006	0.282	
8.30	0.263	0.244	0.005	-0.004	0.020	0.261	
8.35	0.263	0.245	0.005	-0.007	0.032	0.235	
8.40	0.263	0.247	0.004	-0.009	0.043	0.217	
8.45	0.263	0.249	0.004	-0.015	0.054	0.197	
8.50	0.264	0.252	0.003	-0.026	0.063	0.176	
8.55	0.264	0.256	0.001	-0.023	0.072	0.142	
8.60	0.264	0.260	0.000	-0.012	0.078	0.085	
8.65	0.264	0.264	0.000	-0.005	0.080	0.046	
8.70	0.264	0.268	0.000	-0.005	0.081	0.028	
8.75	0.264	0.272	-0.000	-0.012	0.084	-0.010	
8.80	0.264	0.276	-0.001	-0.023	0.082	-0.068	
8.85	0.264	0.280	-0.003	-0.025	0.075	-0.099	
8.90	0.263	0.283	-0.004	-0.012	0.071	-0.108	
8.95	0.263	0.287	-0.004	-0.004	0.066	-0.138	
9.00	0.263	0.290	-0.004	-0.006	0.058	-0.187	
9.05	0.263	0.293	-0.005	-0.004	0.046	-0.226	
9.10	0.262	0.295	-0.005	0.002	0.034	-0.235	
9.15	0.262	0.296	-0.004	-0.001	0.023	-0.242	
9.20	0.262	0.297	-0.004	-0.011	0.010	-0.254	
9.25	0.262	0.297	-0.006	-0.005	-0.003	-0.251	
9.30	0.261	0.297	-0.006	0.018	-0.016	-0.232	
9.35	0.261	0.296	-0.004	0.033	-0.027	-0.208	
9.40	0.261	0.294	-0.002	0.031	-0.036	-0.199	
9.45	0.261	0.292	0.000	0.011	-0.047	-0.187	
9.50	0.261	0.289	-0.000	-0.010	-0.055	-0.156	
9.55	0.261	0.287	-0.002	-0.008	-0.062	-0.129	
9.60	0.261	0.283	-0.002	0.002	-0.068	-0.102	
9.65	0.261	0.280	-0.001	-0.004	-0.073	-0.061	
9.70	0.261	0.276	-0.002	-0.011	-0.074	-0.026	
9.75	0.261	0.272	-0.003	-0.005	-0.075	-0.009	
9.80	0.261	0.268	-0.003	0.011	-0.076	0.024	
9.85	0.260	0.264	-0.002	0.025	-0.072	0.061	
9.90	0.260	0.261	0.000	0.030	-0.069	0.084	
9.95	0.260	0.258	0.002	0.028	-0.065	0.123	
10.00	0.261	0.254	0.003	0.018	-0.057	0.173	
10.05	0.261	0.252	0.004	0.004	-0.047	0.212	
10.10	0.261	0.250	0.003	0.002	-0.035	0.226	
10.15	0.261	0.248	0.003	0.017	-0.023	0.220	
10.20	0.261	0.247	0.006	0.010	-0.014	0.227	
10.25	0.262	0.247	0.004	-0.002	-0.001	0.244	
10.30	0.262	0.247	0.004	0.007	0.012	0.243	
10.35	0.262	0.248	0.006	0.005	0.024	0.224	
10.40	0.262	0.250	0.005	-0.003	0.035	0.191	
10.45	0.263	0.252	0.005	-0.008	0.043	0.163	
10.50	0.263	0.254	0.005	-0.014	0.050	0.151	
10.55	0.263	0.257	0.004	-0.016	0.057	0.144	
10.60	0.263	0.259	0.003	-0.009	0.065	0.119	
10.65	0.263	0.263	0.003	-0.007	0.070	0.068	
10.70	0.263	0.267	0.003	-0.016	0.072	0.021	
10.75	0.264	0.270	0.001	-0.017	0.072	-0.017	
10.80	0.263	0.274	0.000	-0.011	0.069	-0.041	
10.85	0.264	0.277	0.000	-0.017	0.067	-0.053	
10.90	0.264	0.281	-0.001	-0.021	0.066	-0.090	
10.95	0.263	0.284	-0.002	-0.010	0.059	-0.133	
11.00	0.263	0.287	-0.002	-0.004	0.051	-0.159	
11.05	0.263	0.289	-0.002	-0.007	0.043	-0.185	
11.10	0.263	0.291	-0.003	-0.009	0.032	-0.194	
11.15	0.263	0.292	-0.003	-0.007	0.023	-0.187	
11.20	0.263	0.293	-0.004	-0.006	0.014	-0.190	
11.25	0.263	0.294	-0.004	-0.008	0.005	-0.211	
11.30	0.262	0.294	-0.005	-0.003	-0.008	-0.223	
11.35	0.262	0.293	-0.005	0.010	-0.019	-0.205	
11.40	0.262	0.292	-0.003	0.018	-0.028	-0.186	
11.45	0.262	0.290	-0.002	0.013	-0.038	-0.167	
11.50	0.262	0.288	-0.002	0.004	-0.046	-0.131	
11.55	0.262	0.285	-0.002	0.001	-0.051	-0.097	
11.60	0.262	0.283	-0.002	0.011	-0.054	-0.093	
11.65	0.261	0.280	-0.001	0.026	-0.060	-0.086	
11.70	0.261	0.277	0.001	0.026	-0.064	-0.053	
11.75	0.261	0.274	0.002	0.015	-0.065	-0.020	
11.80	0.262	0.270	0.003	0.001	-0.066	0.015	
11.85	0.262	0.267	0.002	-0.007	-0.064	0.052	
11.90	0.262	0.264	0.001	0.001	-0.060	0.081	
11.95	0.262	0.261	0.002	0.010	-0.056	0.105	
12.00	0.262	0.258	0.003	0.008	-0.050	0.128	
12.05	0.262	0.256	0.002	0.002	-0.043	0.147	
12.10	0.262	0.254	0.003	-0.007	-0.036	0.176	
12.15	0.262	0.252	0.003	-0.029	-0.024	0.190	
12.20	0.263	0.252	-0.001	-0.024	-0.016	0.192	
12.25	0.262	0.251	-0.002	0.011	-0.006	0.203	
12.30	0.262	0.251	0.002	0.021	0.006	0.189	
12.35	0.262	0.251	0.002	0.008	0.013	0.176	
12.40	0.262	0.252	0.002	0.002	0.022	0.183	
12.45	0.263	0.253	0.002	-0.000	0.032	0.173	
12.50	0.263	0.256	0.002	-0.001	0.040	0.145	
12.55	0.263	0.258	0.002	-0.002	0.046	0.128	
12.60	0.263	0.260	0.002	-0.005	0.053	0.102	
12.65	0.263	0.263	0.001	-0.010	0.058	0.057	
12.70	0.263	0.266	0.000	-0.010	0.058	0.032	
12.75	0.263	0.269	0.000	-0.007	0.059	0.028	
12.80	0.263	0.272	-0.000	-0.008	0.062	-0.005	
12.85	0.263	0.275	-0.000	-0.013	0.060	-0.061	
12.90	0.263	0.278	-0.002	-0.015	0.055	-0.097	
12.95	0.263	0.281	-0.003	-0.005	0.050	-0.111	
13.00	0.263	0.283	-0.002	0.003	0.044	-0.114	
13.05	0.263	0.285	-0.002	0.003	0.039	-0.126	
13.10	0.262	0.287	-0.002	0.001	0.032	-0.154	
13.15	0.262	0.288	-0.002	-0.001	0.023	-0.181	
13.20	0.262	0.289	-0.002	-0.005	0.013	-0.195	
13.25	0.262	0.290	-0.002	-0.008	0.002	-0.181	
13.30	0.262	0.289	-0.003	-0.003	-0.005	-0.161	
13.35	0.262	0.289	-0.003	0.008	-0.012	-0.168	
13.40	0.262	0.288	-0.002	0.013	-0.022	-0.163	
13.45	0.262	0.287	-0.001	0.007	-0.030	-0.135	
13.50	0.262	0.285	-0.001	0.004	-0.036	-0.108	
13.55	0.262	0.283	-0.001	0.012	-0.040	-0.089	
13.60	0.262	0.281	0.000	0.016	-0.044	-0.082	
13.65	0.262	0.279	0.001	0.010	-0.049	-0.072	
13.70	0.262	0.276	0.001	-0.001	-0.052	-0.042	
13.75	0.262	0.274	0.000	-0.003	-0.053	-0.012	
13.80	0.262	0.271	0.000	0.006	-0.053	0.016	
13.85	0.262	0.268	0.001	0.010	-0.051	0.034	
13.90	0.262	0.266	0.002	0.008	-0.050	0.046	
13.95	0.262	0.263	0.002	0.007	-0.048	0.079	
14.00	0.262	0.261	0.003	0.000	-0.042	0.111	
14.05	0.262	0.259	0.002	-0.004	-0.036	0.128	
14.10	0.262	0.257	0.002	-0.002	-0.029	0.141	
14.15	0.262	0.256	0.002	0.002	-0.021	0.145	
14.20	0.262	0.255	0.002	0.004	-0.014	0.146	
14.25	0.263	0.255	0.003	-0.000	-0.007	0.159	
14.30	0.263	0.254	0.002	-0.007	0.002	0.172	
14.35	0.263	0.255	0.002	-0.010	0.011	0.166	
14.40	0.263	0.256	0.001	-0.016	0.019	0.151	
14.45	0.263	0.257	0.000	-0.019	0.026	0.138	
14.50	0.263	0.258	-0.001	-0.015	0.033	0.117	
14.55	0.263	0.260	-0.002	-0.010	0.038	0.097	
14.60	0.263	0.262	-0.001	-0.013	0.042	0.088	
14.65	0.263	0.264	-0.004	-0.007	0.047	0.068	
14.70	0.262	0.267	-0.003	0.013	0.050	0.030	
14.75	0.262	0.269	-0.001	0.014	0.050	-0.002	
14.80	0.262	0.272	-0.001	0.009	0.048	-0.014	
14.85	0.262	0.274	-0.000	0.006	0.048	-0.023	
14.90	0.262	0.276	-0.000	-0.001	0.047	-0.049	
14.95	0.262	0.279	-0.001	0.001	0.044	-0.093	
15.00	0.262	0.281	-0.000	0.004	0.037	-0.121	
15.05	0.262	0.283	-0.000	-0.000	0.031	-0.126	
15.10	0.262	0.284	-0.000	-0.006	0.024	-0.130	
15.15	0.262	0.285	-0.001	-0.012	0.018	-0.140	
15.20	0.262	0.286	-0.002	-0.003	0.011	-0.158	
15.25	0.262	0.286	-0.001	0.014	0.001	-0.158	
15.30	0.262	0.286	-0.000	0.017	-0.006	-0.144	
15.35	0.262	0.286	0.001	0.007	-0.013	-0.130	
15.40	0.262	0.285	0.001	-0.009	-0.019	-0.115	
15.45	0.262	0.284	-0.001	-0.008	-0.024	-0.113	
15.50	0.262	0.282	-0.001	0.008	-0.031	-0.100	
15.55	0.262	0.281	0.001	0.011	-0.034	-0.078	
15.60	0.262	0.279	0.001	-0.001	-0.037	-0.070	
15.65	0.262	0.277	0.000	-0.006	-0.042	-0.045	
15.70	0.262	0.275	0.000	-0.004	-0.042	-0.011	
15.75	0.262	0.273	0.000	-0.001	-0.042	0.002	
15.80	0.262	0.270	0.000	0.001	-0.042	0.011	
15.85	0.262	0.268	0.000	0.005	-0.041	0.025	
15.90	0.262	0.266	0.000	0.008	-0.040	0.045	
15.95	0.262	0.264	0.001	0.005	-0.036	0.065	
16.00	0.262	0.263	0.001	-0.003	-0.033	0.081	
16.05	0.262	0.261	0.000	-0.005	-0.029	0.104	
16.10	0.262	0.260	0.000	-0.001	-0.023	0.120	
16.15	0.262	0.259	0.001	-0.005	-0.017	0.141	
16.20	0.262	0.258	0.000	-0.008	-0.008	0.151	
16.25	0.262	0.258	-0.001	0.001	-0.001	0.144	
16.30	0.262	0.258	0.000	0.010	0.006	0.135	
16.35	0.262	0.259	0.001	0.005	0.013	0.115	
16.40	0.262	0.259	0.001	-0.006	0.017	0.104	
16.45	0.262	0.260	-0.000	-0.003	0.023	0.104	
16.50	0.262	0.261	0.000	0.006	0.028	0.102	
16.55	0.262	0.263	0.001	-0.005	0.034	0.078	
16.60	0.263	0.265	-0.001	-0.010	0.036	0.047	
16.65	0.262	0.267	-0.001	0.003	0.038	0.033	
16.70	0.262	0.269	0.001	0.003	0.039	0.023	
16.75	0.262	0.271	0.000	-0.006	0.040	0.014	
16.80	0.262	0.273	-0.000	-0.010	0.041	-0.010	
16.85	0.262	0.275	-0.001	-0.006	0.039	-0.042	
16.90	0.262	0.277	-0.001	0.009	0.037	-0.069	
16.95	0.262	0.279	-0.001	0.022	0.032	-0.089	
17.00	0.262	0.280	0.002	0.012	0.027	-0.090	
17.05	0.263	0.281	0.002	-0.021	0.023	-0.092	
17.10	0.262	0.282	-0.001	-0.035	0.018	-0.110	
17.15	0.262	0.283	-0.003	-0.023	0.013	-0.134	
17.20	0.262	0.284	-0.004	0.003	0.005	-0.148	
17.25	0.262	0.284	-0.002	0.023	-0.004	-0.133	
17.30	0.262	0.283	-0.001	0.031	-0.009	-0.105	
17.35	0.262	0.283	0.001	0.029	-0.013	-0.096	
17.40	0.262	0.282	0.003	0.012	-0.018	-0.102	
17.45	0.262	0.281	0.002	-0.001	-0.024	-0.089	
17.50	0.262	0.279	0.002	-0.011	-0.028	-0.057	
17.55	0.262	0.278	0.001	-0.013	-0.029	-0.040	
17.60	0.262	0.276	0.000	-0.004	-0.031	-0.043	
17.65	0.262	0.275	0.001	-0.005	-0.034	-0.039	
17.70	0.262	0.273	0.000	-0.008	-0.036	-0.003	
17.75	0.262	0.271	-0.000	-0.007	-0.034	0.024	
17.80	0.262	0.270	-0.001	-0.000	-0.032	0.020	
17.85	0.262	0.268	-0.000	0.005	-0.032	0.027	
17.90	0.262	0.266	0.000	-0.005	-0.030	0.044	
17.95	0.262	0.265	-0.001	-0.008	-0.028	0.064	
18.00	0.262	0.263	-0.001	0.002	-0.024	0.093	
18.05	0.262	0.263	-0.000	0.008	-0.017	0.096	
18.10	0.262	0.262	0.000	0.009	-0.014	0.087	
18.15	0.262	0.261	0.000	0.010	-0.010	0.102	
18.20	0.262	0.261	0.001	0.005	-0.004	0.116	
18.25	0.262	0.261	0.001	-0.005	0.003	0.107	
18.30	0.262	0.261	0.000	-0.009	0.008	0.089	
18.35	0.262	0.262	0.000	-0.008	0.011	0.084	
18.40	0.262	0.262	-0.000	-0.005	0.015	0.095	
18.45	0.262	0.263	-0.001	0.003	0.021	0.094	
18.50	0.262	0.264	0.000	0.010	0.025	0.076	
18.55	0.262	0.266	0.001	0.003	0.029	0.055	
18.60	0.262	0.267	0.000	-0.002	0.031	0.036	
18.65	0.262	0.269	0.000	-0.000	0.032	0.021	
18.70	0.262	0.270	0.000	0.002	0.033	0.010	
18.75	0.262	0.272	0.001	-0.005	0.033	0.000	
18.80	0.263	0.274	-0.000	-0.014	0.033	-0.021	
18.85	0.262	0.275	-0.001	-0.011	0.031	-0.052	
18.90	0.262	0.277	-0.002	-0.001	0.027	-0.074	
18.95	0.262	0.278	-0.001	0.008	0.023	-0.076	
19.00	0.262	0.279	-0.000	0.009	0.020	-0.078	
19.05	0.262	0.280	-0.000	0.005	0.016	-0.087	
19.10	0.262	0.281	0.000	0.000	0.011	-0.100	
19.15	0.262	0.281	-0.000	-0.004	0.006	-0.118	
19.20	0.262	0.281	-0.000	-0.007	-0.001	-0.121	
19.25	0.262	0.281	-0.001	-0.002	-0.007	-0.109	
19.30	0.262	0.281	-0.001	0.008	-0.012	-0.088	
19.35	0.262	0.280	0.000	0.005	-0.015	-0.069	
19.40	0.262	0.279	-0.000	-0.003	-0.018	-0.067	
19.45	0.262	0.278	-0.001	0.003	-0.023	-0.055	
19.50	0.262	0.277	0.000	0.008	-0.025	-0.028	
19.55	0.262	0.276	0.001	-0.002	-0.025	-0.015	
19.60	0.262	0.274	0.000	-0.019	-0.026	-0.013	
19.65	0.262	0.273	-0.002	-0.017	-0.026	-0.011	
19.70	0.262	0.272	-0.002	0.005	-0.027	-0.003	
19.75	0.262	0.270	-0.001	0.016	-0.027	0.016	
19.80	0.262	0.269	-0.000	0.014	-0.025	0.033	
19.85	0.262	0.268	0.000	0.011	-0.023	0.042	
19.90	0.262	0.267	0.001	0.005	-0.021	0.051	
19.95	0.262	0.265	0.001	-0.006	-0.018	0.066	
20.00	0.262	0.265	0.000	-0.012	-0.014	0.063	
20.05	0.262	0.264	-0.000	-0.011	-0.012	0.064	
20.10	0.262	0.264	-0.001	-0.004	-0.008	0.072	
20.15	0.262	0.264	-0.001	0.008	-0.005	0.079	
20.20	0.262	0.263	0.000	0.004	-0.000	0.094	
20.25	0.262	0.263	-0.000	-0.007	0.006	0.094	
20.30	0.262	0.264	-0.001	-0.006	0.010	0.079	
20.35	0.262	0.264	-0.001	-0.003	0.013	0.073	
20.40	0.262	0.265	-0.001	0.002	0.017	0.065	
20.45	0.262	0.266	-0.001	0.011	0.020	0.040	
20.50	0.262	0.267	0.001	0.006	0.021	0.020	
20.55	0.262	0.268	0.000	-0.010	0.021	0.021	
20.60	0.262	0.269	-0.002	-0.005	0.023	0.027	
20.65	0.262	0.270	-0.001	0.014	0.025	0.019	
20.70	0.262	0.272	0.001	0.008	0.025	0.001	
20.75	0.262	0.273	0.000	-0.004	0.024	-0.013	
20.80	0.262	0.274	-0.000	0.004	0.024	-0.028	
20.85	0.262	0.275	0.001	0.007	0.022	-0.055	
20.90	0.262	0.277	0.001	-0.004	0.018	-0.077	
20.95	0.262	0.277	0.000	-0.011	0.013	-0.065	
21.00	0.262	0.278	-0.000	-0.011	0.012	-0.049	
21.05	0.262	0.279	-0.001	-0.002	0.009	-0.061	
21.10	0.262	0.279	-0.001	0.012	0.006	-0.081	
21.15	0.262	0.279	0.001	0.013	0.001	-0.089	
21.20	0.262	0.279	0.001	-0.000	-0.004	-0.078	
21.25	0.262	0.279	0.000	-0.006	-0.007	-0.076	
21.30	0.262	0.278	0.000	-0.004	-0.011	-0.076	
21.35	0.262	0.277	0.000	-0.002	-0.015	-0.058	
21.40	0.262	0.277	0.000	-0.000	-0.018	-0.030	
21.45	0.262	0.276	0.000	-0.000	-0.018	-0.006	
21.50	0.262	0.275	0.000	0.000	-0.017	-0.009	
21.55	0.262	0.274	0.000	0.000	-0.018	-0.028	
21.60	0.262	0.273	0.000	0.002	-0.021	-0.023	
21.65	0.262	0.272	0.000	0.005	-0.022	0.006	
21.70	0.262	0.271	0.000	0.008	-0.020	0.032	
21.75	0.262	0.270	0.001	0.005	-0.018	0.049	
21.80	0.262	0.269	0.001	-0.004	-0.014	0.040	
21.85	0.262	0.269	0.000	-0.006	-0.014	0.026	
21.90	0.262	0.268	0.000	0.002	-0.013	0.033	
21.95	0.262	0.267	0.000	0.012	-0.010	0.045	
22.00	0.262	0.267	0.002	0.013	-0.008	0.052	
22.05	0.262	0.266	0.003	-0.001	-0.005	0.050	
22.10	0.262	0.266	0.002	-0.024	-0.003	0.047	
22.15	0.263	0.266	-0.001	-0.027	-0.001	0.058	
22.20	0.262	0.266	-0.002	-0.005	0.003	0.063	
22.25	0.262	0.266	-0.001	0.009	0.006	0.054	
22.30	0.262	0.267	-0.000	0.005	0.008	0.042	
22.35	0.262	0.267	-0.000	-0.002	0.010	0.037	
22.40	0.262	0.268	-0.000	-0.009	0.012	0.038	
22.45	0.262	0.268	-0.001	-0.009	0.014	0.045	
22.50	0.262	0.269	-0.002	-0.003	0.017	0.035	
22.55	0.262	0.270	-0.002	0.003	0.018	0.000	
22.60	0.262	0.271	-0.001	0.009	0.016	-0.011	
22.65	0.262	0.272	-0.000	0.009	0.017	-0.008	
22.70	0.262	0.273	-0.000	0.004	0.016	-0.019	
22.75	0.262	0.273	-0.000	-0.001	0.014	-0.022	
22.80	0.262	0.274	-0.000	-0.003	0.013	-0.014	
22.85	0.262	0.275	-0.001	0.004	0.014	-0.024	
22.90	0.262	0.276	0.000	0.011	0.012	-0.049	
22.95	0.262	0.276	0.001	0.008	0.008	-0.066	
23.00	0.262	0.276	0.001	0.005	0.005	-0.073	
23.05	0.262	0.276	0.001	0.002	0.000	-0.056	
23.10	0.262	0.276	0.001	-0.006	-0.001	-0.034	
23.15	0.262	0.276	0.000	-0.008	-0.002	-0.031	
23.20	0.262	0.276	0.000	-0.005	-0.004	-0.040	
23.25	0.262	0.276	0.000	-0.002	-0.007	-0.044	
23.30	0.262	0.275	0.000	-0.000	-0.009	-0.039	
23.35	0.262	0.275	0.000	-0.000	-0.011	-0.028	
23.40	0.262	0.274	0.000	0.000	-0.011	-0.022	
23.45	0.262	0.274	0.000	0.000	-0.013	-0.023	
23.50	0.262	0.273	0.000	0.000	-0.015	-0.004	
23.55	0.262	0.272	0.000	0.002	-0.013	0.015	
23.60	0.262	0.272	0.000	0.004	-0.012	0.015	
23.65	0.262	0.271	0.000	0.006	-0.012	0.016	
23.70	0.262	0.271	0.001	0.000	-0.011	0.016	
23.75	0.262	0.270	0.001	-0.013	-0.010	0.017	
23.80	0.262	0.270	-0.001	-0.013	-0.009	0.017	
23.85	0.262	0.269	-0.001	0.000	-0.008	0.018	
23.90	0.262	0.269	-0.000	0.006	-0.007	0.022	
23.95	0.262	0.268	-0.000	0.004	-0.006	0.031	
24.00	0.262	0.268	0.000	0.002	-0.004	0.048	
24.05	0.262	0.268	0.000	0.002	-0.001	0.060	
24.10	0.262	0.268	0.000	0.005	0.002	0.053	
24.15	0.262	0.268	0.000	0.008	0.005	0.033	
24.20	0.262	0.268	0.001	0.005	0.005	0.018	
24.25	0.262	0.269	0.001	-0.004	0.006	0.010	
24.30	0.262	0.269	0.000	-0.007	0.006	0.011	
24.35	0.262	0.269	0.000	-0.002	0.007	0.020	
24.40	0.262	0.270	0.000	0.002	0.008	0.023	
24.45	0.262	0.270	0.001	-0.003	0.009	0.022	
24.50	0.262	0.271	0.000	-0.010	0.011	0.010	
24.55	0.262	0.271	-0.001	-0.009	0.011	-0.014	
24.60	0.262	0.272	-0.000	-0.016	0.009	-0.023	
24.65	0.262	0.272	-0.003	-0.016	0.008	-0.014	
24.70	0.262	0.273	-0.003	0.008	0.008	-0.004	
24.75	0.262	0.273	-0.001	0.020	0.008	-0.015	
24.80	0.262	0.274	-0.000	0.014	0.006	-0.033	
24.85	0.262	0.274	0.000	0.010	0.004	-0.027	
24.90	0.262	0.274	0.000	0.011	0.004	-0.022	
24.95	0.262	0.274	0.001	0.010	0.003	-0.033	
25.00	0.262	0.274	0.002	0.003	-0.000	-0.031	
25.05	0.262	0.274	0.002	-0.003	-0.001	-0.026	
25.10	0.262	0.274	0.001	-0.009	-0.002	-0.031	
25.15	0.262	0.274	0.000	-0.010	-0.004	-0.026	
25.20	0.262	0.274	0.000	-0.005	-0.005	-0.017	
25.25	0.262	0.273	0.000	-0.002	-0.006	-0.013	
25.30	0.262	0.273	0.000	-0.000	-0.006	-0.009	
25.35	0.262	0.273	0.000	-0.000	-0.007	-0.000	
25.40	0.262	0.272	0.000	0.000	-0.006	0.008	
25.45	0.262	0.272	0.000	0.000	-0.006	0.009	
25.50	0.262	0.272	0.000	-0.000	-0.005	0.004	
25.55	0.262	0.271	0.000	-0.000	-0.005	-0.001	
25.60	0.262	0.271	0.000	-0.001	-0.005	-0.002	
25.65	0.262	0.271	-0.000	-0.003	-0.006	0.009	
25.70	0.262	0.271	-0.000	-0.003	-0.005	0.025	
25.75	0.262	0.270	-0.001	0.003	-0.003	0.033	
25.80	0.262	0.270	0.000	0.009	-0.001	0.026	
25.85	0.262	0.270	0.001	0.002	-0.000	0.013	
25.90	0.262	0.270	0.000	-0.006	0.000	0.006	
25.95	0.262	0.270	-0.000	-0.006	0.000	0.008	
26.00	0.262	0.270	-0.001	0.002	0.000	0.015	
26.05	0.262	0.270	0.000	0.009	0.002	0.022	
26.10	0.262	0.270	0.001	0.003	0.003	0.023	
26.15	0.262	0.271	0.000	-0.003	0.004	0.024	
26.20	0.262	0.271	0.000	-0.002	0.005	0.023	
26.25	0.262	0.271	0.000	0.000	0.007	0.003	
26.30	0.262	0.272	0.000	0.004	0.006	-0.023	
26.35	0.262	0.272	0.000	0.008	0.004	-0.030	
26.40	0.262	0.272	0.001	0.005	0.002	-0.017	
26.45	0.262	0.272	0.001	-0.005	0.002	0.007	
26.50	0.262	0.272	0.000	-0.008	0.004	0.009	
26.55	0.262	0.273	0.000	-0.005	0.004	-0.015	
26.60	0.262	0.273	0.000	-0.002	0.002	-0.029	
26.65	0.262	0.273	0.000	-0.000	0.000	-0.023	
26.70	0.262	0.273	0.000	-0.000	-0.001	-0.002	
26.75	0.262	0.272	0.000	0.000	0.001	0.004	
26.80	0.262	0.273	0.000	0.000	0.001	-0.021	
26.85	0.262	0.273	0.000	0.000	-0.002	-0.028	
26.90	0.262	0.272	0.000	0.000	-0.004	0.002	
26.95	0.262	0.272	0.000	-0.000	-0.001	0.017	
27.00	0.262	0.272	0.000	-0.001	-0.000	-0.005	
27.05	0.262	0.272	0.000	-0.004	-0.002	-0.018	
27.10	0.262	0.272	-0.000	-0.009	-0.003	-0.010	
27.15	0.262	0.272	-0.001	-0.016	-0.003	0.000	
27.20	0.262	0.272	-0.002	-0.010	-0.003	0.010	
27.25	0.262	0.271	-0.002	0.010	-0.002	0.013	
27.30	0.262	0.271	-0.001	0.016	-0.002	0.012	
27.35	0.262	0.271	-0.000	0.011	-0.001	0.010	
27.40	0.262	0.271	0.000	0.008	-0.001	0.012	
27.45	0.262	0.271	0.000	0.009	0.000	0.019	
27.50	0.262	0.271	0.001	0.005	0.002	0.010	
27.55	0.262	0.271	0.001	-0.005	0.001	0.006	
27.60	0.262	0.271	0.000	-0.008	0.002	0.011	
27.65	0.262	0.272	0.000	-0.005	0.003	0.005	
27.70	0.262	0.272	0.000	-0.002	0.003	-0.007	
27.75	0.262	0.272	0.000	-0.000	0.002	-0.014	
27.80	0.262	0.272	0.000	-0.000	0.001	-0.008	
27.85	0.262	0.272	0.000	0.000	0.001	-0.002	
27.90	0.262	0.272	0.000	0.000	0.001	0.001	
27.95	0.262	0.272	0.000	-0.000	0.001	-0.001	
28.00	0.262	0.272	0.000	-0.000	0.001	-0.011	
28.05	0.262	0.272	0.000	-0.002	0.000	-0.015	
28.10	0.262	0.272	-0.000	-0.005	-0.001	-0.008	
28.15	0.262	0.272	-0.000	-0.008	-0.001	0.006	
28.20	0.262	0.272	-0.001	-0.003	0.000	0.005	
28.25	0.262	0.272	-0.001	0.008	-0.000	0.001	
28.30	0.262	0.272	-0.000	0.013	0.001	-0.007	
28.35	0.262	0.272	0.001	0.004	-0.001	-0.023	
28.40	0.262	0.272	0.000	-0.004	-0.003	-0.021	
28.45	0.262	0.272	0.000	-0.004	-0.003	-0.007	
28.50	0.262	0.272	-0.000	0.000	-0.004	0.013	
28.55	0.262	0.271	-0.000	0.013	-0.001	0.018	
28.60	0.262	0.272	0.001	0.019	-0.001	0.005	
28.65	0.262	0.271	0.002	0.006	-0.002	0.007	
28.70	0.262	0.271	0.002	-0.006	-0.000	0.013	
28.75	0.262	0.271	0.001	-0.011	0.000	0.004	
28.80	0.263	0.271	0.000	-0.008	-0.001	0.003	
28.85	0.262	0.271	0.000	-0.001	0.000	0.014	
28.90	0.263	0.271	0.001	-0.002	0.001	0.015	
28.95	0.263	0.271	0.000	-0.005	0.002	0.009	
29.00	0.263	0.272	0.000	-0.003	0.003	-0.001	
29.05	0.263	0.272	0.000	-0.001	0.002	-0.010	
29.10	0.263	0.272	0.000	-0.000	0.001	-0.004	
29.15	0.263	0.272	0.000	-0.000	0.001	0.004	
29.20	0.263	0.272	0.000	0.000	0.001	0.012	
29.25	0.263	0.272	0.000	0.000	0.003	0.010	
29.30	0.263	0.272	0.000	0.000	0.003	-0.013	
29.35	0.263	0.272	0.000	0.000	0.001	-0.027	
29.40	0.263	0.272	0.000	0.001	-0.000	-0.022	
29.45	0.263	0.272	0.000	0.003	-0.001	-0.010	
29.50	0.263	0.272	0.000	0.004	-0.002	0.011	
29.55	0.263	0.272	0.001	-0.004	0.001	0.015	
29.60	0.263	0.272	0.000	-0.015	0.001	-0.005	
29.65	0.263	0.272	-0.001	-0.021	-0.000	-0.021	
29.70	0.263	0.272	-0.003	-0.011	-0.002	-0.025	
29.75	0.262	0.272	-0.003	0.017	-0.004	-0.008	
29.80	0.262	0.272	0.000	0.026	-0.002	0.008	
29.85	0.262	0.272	0.001	0.008	-0.002	0.016	
29.90	0.262	0.271	0.000	-0.003	-0.001	0.015	
29.95	0.262	0.272	0.000	-0.004	0.000	-0.004	
30.00	0.262	0.272	0.000	-0.002	-0.002	-0.004	
30.05	0.262	0.271	0.000	-0.000	-0.001	0.012	
30.10	0.262	0.271	0.000	-0.000	-0.000	0.021	
30.15	0.262	0.271	0.000	0.000	0.001	0.019	
30.20	0.262	0.272	0.000	0.000	0.002	0.012	
30.25	0.262	0.272	0.000	0.000	0.003	0.002	
30.30	0.262	0.272	0.000	0.000	0.002	-0.006	
30.35	0.262	0.272	0.000	0.000	0.002	-0.006	
30.40	0.262	0.272	0.000	0.000	0.001	-0.006	
30.45	0.262	0.272	0.000	0.000	0.001	-0.001	
30.50	0.262	0.272	0.000	0.000	0.001	0.003	
30.55	0.262	0.272	0.000	0.000	0.002	-0.002	
30.60	0.262	0.272	0.000	0.000	0.001	-0.008	
30.65	0.262	0.272	0.000	0.000	0.000	-0.010	
30.70	0.262	0.272	0.000	0.000	0.000	-0.005	
30.75	0.262	0.272	0.000	0.000	0.000	-0.004	
30.80	0.262	0.272	0.000	0.000	-0.000	-0.005	
30.85	0.262	0.272	0.000	0.001	-0.000	-0.008	
30.90	0.262	0.272	0.000	0.003	-0.001	-0.007	
30.95	0.262	0.272	0.000	0.003	-0.001	-0.001	
31.00	0.262	0.272	0.001	-0.003	-0.001	-0.003	
31.05	0.263	0.272	0.000	-0.010	-0.002	-0.005	
31.10	0.262	0.272	-0.001	-0.003	-0.002	0.005	
31.15	0.262	0.272	-0.000	0.003	-0.001	0.008	
31.20	0.262	0.272	-0.000	0.003	-0.001	-0.002	
31.25	0.262	0.272	0.000	0.001	-0.001	-0.006	
31.30	0.262	0.272	0.000	0.001	-0.002	-0.002	
31.35	0.262	0.272	0.000	0.002	-0.002	0.004	
31.40	0.262	0.272	0.000	0.005	-0.001	0.013	
31.45	0.262	0.271	0.000	0.008	-0.000	0.019	
31.50	0.262	0.272	0.001	0.005	0.001	0.018	
31.55	0.263	0.271	0.001	-0.005	0.002	0.007	
31.60	0.263	0.272	0.000	-0.008	0.002	-0.014	
31.65	0.263	0.272	0.000	-0.005	-0.001	-0.008	
31.70	0.263	0.272	0.000	-0.002	0.001	0.006	
31.75	0.263	0.272	0.000	0.000	0.001	0.002	
31.80	0.263	0.272	0.000	0.002	0.001	0.005	
31.85	0.263	0.272	0.000	0.005	0.001	0.014	
31.90	0.263	0.272	0.000	0.008	0.003	0.010	
31.95	0.263	0.272	0.001	0.005	0.003	-0.015	
32.00	0.263	0.272	0.001	-0.005	0.000	-0.021	
32.05	0.263	0.272	0.000	-0.009	-0.000	-0.008	
32.10	0.263	0.272	0.000	-0.010	-0.000	-0.005	
32.15	0.263	0.272	-0.000	-0.018	-0.000	-0.008	
32.20	0.263	0.272	-0.001	-0.029	-0.001	-0.016	
32.25	0.263	0.272	-0.004	-0.021	-0.002	-0.014	
32.30	0.262	0.272	-0.005	0.014	-0.002	-0.008	
32.35	0.262	0.272	-0.002	0.037	-0.003	-0.003	
32.40	0.262	0.272	0.001	0.027	-0.003	0.006	
32.45	0.262	0.272	0.001	0.005	-0.002	0.009	
32.50	0.262	0.271	0.000	-0.005	-0.002	0.007	
32.55	0.262	0.271	0.000	-0.004	-0.002	0.007	
32.60	0.262	0.271	0.000	0.000	-0.001	0.010	
32.65	0.262	0.271	0.000	0.004	-0.000	0.011	
32.70	0.262	0.271	0.000	0.008	-0.000	0.009	
32.75	0.262	0.271	0.001	0.003	0.000	0.011	
32.80	0.262	0.271	0.001	-0.009	0.001	0.015	
32.85	0.262	0.271	0.000	-0.014	0.002	0.007	
32.90	0.262	0.272	-0.001	-0.005	0.002	-0.012	
32.95	0.262	0.272	-0.001	0.011	-0.000	-0.010	
33.00	0.262	0.271	0.001	0.012	0.000	0.008	
33.05	0.262	0.272	0.001	-0.000	0.002	0.012	
33.10	0.262	0.272	0.000	-0.007	0.002	0.001	
33.15	0.262	0.272	0.000	-0.006	0.002	-0.013	
33.20	0.262	0.272	-0.000	-0.006	0.000	-0.013	
33.25	0.262	0.272	-0.000	-0.008	0.000	-0.004	
33.30	0.262	0.272	-0.001	-0.005	-0.000	0.009	
33.35	0.262	0.272	-0.001	0.005	0.002	0.007	
33.40	0.262	0.272	-0.000	0.008	0.001	-0.009	
33.45	0.262	0.272	-0.000	0.006	-0.000	-0.008	
33.50	0.262	0.272	0.000	0.006	0.001	-0.007	
33.55	0.262	0.272	0.000	0.008	-0.000	-0.014	
33.60	0.262	0.272	0.001	0.005	-0.002	-0.006	
33.65	0.262	0.272	0.001	-0.004	-0.001	-0.001	
33.70	0.262	0.272	0.000	-0.007	-0.001	-0.012	
33.75	0.262	0.272	0.000	-0.002	-0.003	-0.011	
33.80	0.262	0.272	0.000	0.002	-0.003	0.005	
33.85	0.262	0.271	0.001	-0.004	-0.002	0.021	
33.90	0.263	0.271	0.000	-0.010	0.000	0.018	
33.95	0.262	0.272	-0.001	-0.003	0.000	-0.003	
34.00	0.262	0.271	-0.000	0.003	-0.001	-0.001	
34.05	0.262	0.271	-0.000	0.003	-0.000	0.011	
34.10	0.262	0.271	0.000	0.001	0.001	0.005	
34.15	0.262	0.271	0.000	0.000	0.000	-0.000	
34.20	0.262	0.271	0.000	-0.000	0.000	0.003	
34.25	0.262	0.271	0.000	-0.000	0.000	0.010	
34.30	0.262	0.271	0.000	-0.002	0.002	0.008	
34.35	0.262	0.272	-0.000	-0.005	0.002	-0.006	
34.40	0.262	0.272	-0.000	-0.008	0.000	-0.010	
34.45	0.262	0.272	-0.001	-0.005	-0.000	0.008	
34.50	0.262	0.272	-0.001	0.005	0.002	0.019	
34.55	0.262	0.272	-0.000	0.008	0.003	0.004	
34.60	0.262	0.272	-0.000	0.002	0.002	-0.013	
34.65	0.262	0.272	-0.000	-0.006	0.001	-0.011	
34.70	0.262	0.272	-0.001	-0.017	0.001	-0.009	
34.75	0.262	0.272	-0.002	-0.021	0.000	-0.011	
34.80	0.262	0.272	-0.004	-0.005	-0.000	-0.009	
34.85	0.262	0.272	-0.003	0.018	-0.001	-0.005	
34.90	0.262	0.272	-0.001	0.022	-0.000	-0.006	
34.95	0.262	0.272	-0.000	0.014	-0.001	-0.016	
35.00	0.262	0.272	0.000	0.009	-0.003	-0.013	
35.05	0.262	0.272	0.001	0.003	-0.003	0.010	
35.10	0.262	0.271	0.000	0.000	-0.001	0.020	
35.15	0.262	0.272	0.000	0.006	-0.000	0.008	
35.20	0.262	0.271	0.001	0.006	-0.000	-0.004	
35.25	0.262	0.272	0.002	-0.001	-0.001	-0.010	
35.30	0.262	0.271	0.001	-0.010	-0.003	0.008	
35.35	0.262	0.271	0.000	-0.014	-0.000	0.028	
35.40	0.262	0.271	-0.000	-0.013	0.002	0.016	
35.45	0.262	0.272	-0.001	-0.008	0.002	-0.002	
35.50	0.262	0.272	-0.001	0.000	0.001	-0.005	
35.55	0.262	0.272	-0.001	0.001	0.001	-0.004	
35.60	0.262	0.272	-0.001	0.003	0.000	-0.003	
35.65	0.262	0.272	-0.001	0.010	0.000	0.003	
35.70	0.262	0.272	0.000	0.005	0.001	0.005	
35.75	0.262	0.272	-0.000	-0.006	0.001	0.009	
35.80	0.262	0.272	-0.001	-0.004	0.002	0.014	
35.85	0.262	0.272	-0.001	0.000	0.003	0.006	
35.90	0.262	0.272	-0.001	0.006	0.003	-0.009	
35.95	0.262	0.272	0.000	0.011	0.002	-0.020	
36.00	0.262	0.272	0.001	0.004	0.000	-0.021	
36.05	0.262	0.272	0.000	0.000	-0.000	-0.018	
36.10	0.262	0.272	0.000	0.007	-0.002	-0.013	
36.15	0.262	0.272	0.001	0.015	-0.002	0.001	
36.20	0.262	0.272	0.002	0.011	-0.001	0.005	
36.25	0.262	0.272	0.003	-0.006	-0.001	-0.004	
36.30	0.262	0.272	0.001	-0.011	-0.002	0.001	
36.35	0.262	0.272	0.001	-0.008	-0.001	0.012	
36.40	0.262	0.272	0.000	-0.007	0.000	0.002	
36.45	0.262	0.272	0.000	-0.004	-0.001	-0.014	
36.50	0.262	0.272	0.001	-0.010	-0.002	-0.009	
36.55	0.262	0.272	-0.001	-0.010	-0.002	0.013	
36.60	0.262	0.271	-0.001	0.003	-0.000	0.024	
36.65	0.262	0.272	-0.000	0.010	0.001	0.016	
36.70	0.262	0.272	0.000	0.009	0.001	0.004	
36.75	0.262	0.272	0.001	0.002	0.001	0.002	
36.80	0.262	0.272	0.000	-0.002	0.002	-0.001	
36.85	0.262	0.272	0.000	0.003	0.002	-0.017	
36.90	0.262	0.272	0.000	0.009	-0.001	-0.020	
36.95	0.262	0.272	0.002	0.008	-0.002	0.004	
37.00	0.262	0.272	0.002	-0.009	-0.000	0.021	
37.05	0.262	0.272	0.000	-0.020	0.002	0.014	
37.10	0.262	0.272	-0.001	-0.011	0.001	0.006	
37.15	0.262	0.272	-0.001	0.005	0.002	0.008	
37.20	0.262	0.272	0.000	0.010	0.003	-0.001	
37.25	0.262	0.272	0.001	-0.003	0.002	-0.011	
37.30	0.262	0.272	0.000	-0.022	0.001	-0.016	
37.35	0.262	0.272	-0.003	-0.012	-0.000	-0.009	
37.40	0.262	0.272	-0.002	0.019	0.000	0.002	
37.45	0.262	0.272	0.000	0.025	0.001	-0.005	
37.50	0.262	0.272	0.001	0.010	-0.000	-0.017	
37.55	0.262	0.272	0.001	-0.004	-0.002	-0.018	
37.60	0.262	0.272	0.000	-0.009	-0.003	-0.006	
37.65	0.262	0.272	0.000	-0.005	-0.002	0.005	
37.70	0.262	0.272	0.000	-0.003	-0.002	0.009	
37.75	0.262	0.272	-0.000	-0.003	-0.001	0.014	
37.80	0.262	0.272	-0.000	-0.003	-0.000	0.012	
37.85	0.262	0.272	-0.001	0.003	0.001	-0.003	
37.90	0.262	0.272	0.000	0.010	-0.000	-0.017	
37.95	0.262	0.272	0.001	0.003	-0.002	-0.009	
38.00	0.262	0.272	0.000	-0.003	-0.002	0.008	
38.05	0.262	0.272	0.000	-0.003	-0.001	0.018	
38.10	0.262	0.271	0.000	-0.001	0.001	0.017	
38.15	0.262	0.272	0.000	0.001	0.001	0.006	
38.20	0.262	0.272	0.000	0.005	0.000	0.009	
38.25	0.262	0.272	0.000	0.008	0.003	0.003	
38.30	0.262	0.272	0.001	0.005	0.001	-0.014	
38.35	0.262	0.272	0.001	-0.005	-0.001	0.002	
38.40	0.262	0.272	0.000	-0.008	0.002	0.011	
38.45	0.262	0.272	0.000	-0.003	0.002	-0.005	
38.50	0.262	0.272	0.000	0.003	0.000	-0.004	
38.55	0.262	0.272	0.000	0.007	0.001	0.001	
38.60	0.262	0.272	0.001	0.003	0.002	-0.013	
38.65	0.263	0.272	0.001	-0.008	-0.001	-0.019	
38.70	0.263	0.272	0.000	-0.013	-0.001	-0.007	
38.75	0.263	0.272	-0.001	-0.006	-0.001	-0.002	
38.80	0.262	0.272	-0.000	-0.000	-0.001	0.000	
38.85	0.263	0.272	-0.000	-0.002	-0.001	0.005	
38.90	0.262	0.272	-0.001	0.001	0.000	-0.002	
38.95	0.262	0.272	-0.000	0.005	-0.001	-0.008	
39.00	0.262	0.272	-0.000	0.003	-0.002	0.007	
39.05	0.262	0.272	0.000	0.002	-0.000	0.016	
39.10	0.262	0.272	0.000	0.002	0.001	0.005	
39.15	0.262	0.272	0.000	0.003	0.001	-0.013	
39.20	0.262	0.272	0.000	0.005	-0.002	-0.011	
39.25	0.262	0.272	0.001	0.003	-0.001	0.005	
39.30	0.263	0.272	0.000	0.002	0.000	0.002	
39.35	0.262	0.272	0.001	0.007	-0.001	-0.002	
39.40	0.263	0.272	0.002	-0.000	-0.001	0.007	
39.45	0.263	0.272	0.001	-0.009	-0.000	0.012	
39.50	0.263	0.272	0.000	-0.006	0.001	0.007	
39.55	0.263	0.272	0.001	-0.011	0.000	0.003	
39.60	0.263	0.272	-0.001	-0.010	0.001	0.004	
39.65	0.263	0.272	-0.001	0.002	0.002	-0.007	
39.70	0.263	0.272	-0.000	0.007	0.000	-0.016	
39.75	0.263	0.272	0.000	0.004	-0.002	0.001	
39.80	0.263	0.272	0.000	-0.004	0.000	0.018	
39.85	0.263	0.272	0.000	-0.019	0.002	0.007	
39.90	0.263	0.272	-0.002	-0.019	0.001	-0.012	
39.95	0.262	0.272	-0.003	0.006	-0.001	-0.009	
40.00	0.262	0.272	-0.001	0.019	-0.000	0.007	
40.05	0.262	0.272	-0.000	0.012	0.002	-0.000	
40.10	0.262	0.272	0.000	0.005	0.000	-0.023	
40.15	0.262	0.272	0.000	0.001	-0.003	-0.015	
40.20	0.262	0.272	0.000	0.000	-0.002	0.007	
40.25	0.262	0.272	0.000	0.000	-0.001	0.009	
40.30	0.262	0.272	0.000	0.000	-0.001	0.007	
40.35	0.262	0.272	0.000	-0.000	0.000	-0.001	
40.40	0.262	0.272	0.000	-0.000	-0.001	-0.009	
40.45	0.262	0.271	0.000	-0.002	-0.001	-0.003	
40.50	0.262	0.272	-0.000	-0.004	-0.001	-0.002	
40.55	0.262	0.271	-0.000	-0.006	-0.002	0.008	
40.60	0.262	0.271	-0.001	-0.000	-0.000	0.021	
40.65	0.262	0.271	-0.001	0.013	0.001	0.024	
40.70	0.262	0.271	0.001	0.013	0.003	0.015	
40.75	0.262	0.272	0.001	0.001	0.003	-0.008	
40.80	0.262	0.272	0.000	-0.003	0.001	-0.024	
40.85	0.262	0.272	0.000	0.001	-0.000	-0.023	
40.90	0.262	0.272	0.001	-0.001	-0.002	0.005	
40.95	0.262	0.271	0.000	-0.003	0.001	0.026	
41.00	0.262	0.272	0.000	-0.002	0.002	0.019	
41.05	0.262	0.272	0.001	-0.007	0.003	0.005	
41.10	0.262	0.272	-0.001	-0.008	0.002	-0.014	
41.15	0.262	0.272	-0.000	-0.006	0.000	-0.011	
41.20	0.262	0.272	-0.001	-0.011	0.001	-0.003	
41.25	0.262	0.272	-0.002	-0.004	0.001	-0.011	
41.30	0.262	0.272	-0.002	0.010	-0.001	-0.010	
41.35	0.262	0.272	-0.000	0.009	-0.000	-0.007	
41.40	0.262	0.272	-0.000	0.002	-0.001	-0.010	
41.45	0.262	0.272	-0.000	-0.004	-0.002	0.000	
41.50	0.262	0.272	-0.001	0.000	-0.001	0.015	
41.55	0.262	0.272	-0.001	0.013	0.001	0.008	
41.60	0.262	0.272	0.001	0.013	0.001	-0.013	
41.65	0.262	0.272	0.001	0.002	-0.001	-0.019	
41.70	0.262	0.272	0.000	-0.002	-0.003	0.001	
41.75	0.262	0.271	0.000	0.004	-0.001	0.016	
41.80	0.262	0.272	0.001	0.003	0.000	0.005	
41.85	0.262	0.272	0.001	-0.005	-0.001	0.005	
41.90	0.262	0.271	0.000	-0.008	0.001	0.005	
41.95	0.262	0.272	0.000	-0.005	0.000	-0.011	
42.00	0.262	0.272	0.000	-0.002	-0.002	-0.007	
42.05	0.262	0.271	0.000	-0.001	-0.001	0.011	
42.10	0.262	0.271	0.000	-0.002	0.000	0.012	
42.15	0.262	0.272	-0.000	-0.004	0.000	0.007	
42.20	0.262	0.271	-0.000	-0.007	0.001	0.011	
42.25	0.262	0.272	-0.001	-0.002	0.002	0.010	
42.30	0.262	0.272	-0.001	0.009	0.002	-0.003	
42.35	0.262	0.272	0.001	0.004	0.001	-0.012	
42.40	0.262	0.272	-0.000	-0.011	-0.001	0.004	
42.45	0.262	0.272	-0.001	-0.021	0.002	0.011	
42.50	0.262	0.272	-0.003	-0.016	0.003	-0.017	
42.55	0.262	0.272	-0.003	0.008	-0.001	-0.028	
42.60	0.262	0.272	-0.001	0.018	-0.002	-0.006	
42.65	0.262	0.272	-0.001	0.007	-0.001	0.013	
42.70	0.262	0.272	-0.001	0.004	0.001	0.004	
42.75	0.262	0.272	-0.000	0.004	-0.000	-0.012	
42.80	0.262	0.272	-0.000	0.003	-0.002	0.003	
42.85	0.262	0.272	-0.001	0.010	0.000	0.012	
42.90	0.262	0.272	0.001	0.012	0.001	-0.012	
42.95	0.262	0.272	0.001	0.003	-0.002	-0.020	
43.00	0.262	0.272	0.001	0.002	-0.002	-0.002	
43.05	0.262	0.272	0.001	0.001	-0.001	0.006	
43.10	0.262	0.272	0.001	-0.005	-0.001	0.007	
43.15	0.262	0.271	0.000	-0.005	-0.001	0.013	
43.20	0.262	0.271	0.000	0.000	0.001	0.010	
43.25	0.262	0.272	0.001	-0.000	0.000	0.002	
43.30	0.262	0.271	0.000	-0.002	0.000	0.001	
43.35	0.262	0.272	0.000	0.003	0.001	-0.004	
43.40	0.262	0.272	0.001	0.003	-0.001	-0.000	
43.45	0.262	0.271	0.001	0.004	0.000	0.011	
43.50	0.262	0.272	0.001	0.004	0.001	0.009	
43.55	0.262	0.272	0.002	-0.003	0.001	-0.000	
43.60	0.262	0.272	0.001	-0.011	0.001	-0.008	
43.65	0.262	0.272	0.000	-0.014	-0.000	-0.003	
43.70	0.262	0.272	-0.001	-0.005	0.001	0.001	
43.75	0.262	0.272	-0.000	0.003	0.001	-0.008	
43.80	0.262	0.272	-0.000	0.004	-0.001	-0.003	
43.85	0.262	0.272	0.000	0.004	-0.000	0.012	
43.90	0.262	0.272	0.000	0.004	0.002	0.007	
43.95	0.262	0.272	0.001	-0.003	0.002	-0.017	
44.00	0.262	0.272	0.000	-0.010	-0.002	-0.010	
44.05	0.262	0.272	-0.001	-0.003	-0.000	0.009	
44.10	0.262	0.272	-0.000	0.003	0.001	-0.006	
44.15	0.262	0.272	-0.000	0.003	-0.001	-0.018	
44.20	0.262	0.272	0.000	0.001	-0.002	-0.007	
44.25	0.262	0.272	0.000	0.000	-0.001	-0.001	
44.30	0.262	0.272	0.000	0.000	-0.002	-0.001	
44.35	0.262	0.271	0.000	0.000	-0.002	0.011	
44.40	0.262	0.271	0.000	0.000	-0.000	0.017	
44.45	0.262	0.271	0.000	0.000	0.001	0.005	
44.50	0.262	0.272	0.000	0.000	0.000	-0.006	
44.55	0.262	0.271	0.000	0.000	-0.001	-0.002	
44.60	0.262	0.271	0.000	0.000	-0.000	0.003	
44.65	0.262	0.271	0.000	0.000	-0.000	0.003	
44.70	0.262	0.271	0.000	0.000	0.000	0.002	
44.75	0.262	0.271	0.000	-0.000	0.000	0.003	
44.80	0.262	0.271	0.000	-0.000	0.000	0.006	
44.85	0.262	0.271	0.000	-0.003	0.001	0.010	
44.90	0.262	0.271	-0.000	-0.008	0.002	0.002	
44.95	0.262	0.272	-0.001	-0.017	0.001	-0.006	
45.00	0.262	0.271	-0.002	-0.021	0.000	-0.000	
45.05	0.262	0.272	-0.004	-0.004	0.001	-0.001	
45.10	0.262	0.272	-0.003	0.019	0.000	-0.004	
45.15	0.262	0.272	-0.001	0.025	0.001	-0.008	
45.20	0.262	0.272	0.000	0.019	-0.001	-0.006	
45.25	0.262	0.272	0.001	0.011	-0.000	0.001	
45.30	0.262	0.272	0.001	0.001	-0.000	-0.001	
45.35	0.262	0.272	0.001	0.000	-0.000	-0.003	
45.40	0.262	0.272	0.001	-0.000	-0.000	-0.005	
45.45	0.262	0.272	0.001	-0.008	-0.002	0.004	
45.50	0.262	0.271	0.000	-0.013	0.000	0.006	
45.55	0.262	0.272	-0.000	-0.012	0.000	-0.013	
45.60	0.262	0.272	-0.001	-0.005	-0.002	-0.011	
45.65	0.262	0.271	-0.001	0.009	-0.002	0.011	
45.70	0.262	0.271	0.000	0.016	0.000	0.013	
45.75	0.262	0.272	0.001	0.010	0.000	-0.004	
45.80	0.262	0.271	0.001	-0.003	-0.001	-0.003	
45.85	0.262	0.271	0.000	-0.006	-0.000	0.006	
45.90	0.262	0.271	0.000	0.000	0.000	-0.005	
45.95	0.262	0.271	0.000	0.006	-0.001	-0.010	
46.00	0.262	0.271	0.001	0.004	-0.001	-0.001	
46.05	0.262	0.271	0.001	-0.004	-0.001	0.011	
46.10	0.262	0.271	0.000	-0.006	-0.000	0.019	
46.15	0.262	0.271	0.000	0.000	0.001	0.017	
46.20	0.262	0.271	0.000	0.006	0.001	0.015	
46.25	0.262	0.271	0.001	0.004	0.003	0.001	
46.30	0.262	0.272	0.001	-0.005	0.002	-0.024	
46.35	0.262	0.272	0.000	-0.008	-0.001	-0.016	
46.40	0.262	0.271	0.000	-0.005	-0.000	0.005	
46.45	0.262	0.272	0.000	-0.002	0.001	0.005	
46.50	0.262	0.272	0.000	-0.000	0.001	0.000	
46.55	0.262	0.272	0.000	-0.000	0.001	-0.007	
46.60	0.262	0.272	0.000	-0.000	-0.000	-0.014	
46.65	0.262	0.272	0.000	-0.002	-0.001	-0.007	
46.70	0.262	0.272	-0.000	-0.005	-0.001	0.005	
46.75	0.262	0.271	-0.000	-0.008	-0.000	0.010	
46.80	0.262	0.272	-0.001	-0.005	0.001	0.000	
46.85	0.262	0.272	-0.001	0.005	-0.001	-0.004	
46.90	0.262	0.271	-0.000	0.008	-0.000	-0.004	
46.95	0.262	0.272	-0.000	0.005	-0.000	-0.015	
47.00	0.262	0.272	0.000	0.002	-0.002	-0.012	
47.05	0.262	0.271	0.000	0.000	-0.003	0.018	
47.10	0.262	0.271	0.000	0.000	0.000	0.027	
47.15	0.262	0.271	0.000	0.000	0.002	0.003	
47.20	0.262	0.271	0.000	0.000	0.000	-0.015	
47.25	0.262	0.271	0.000	0.000	-0.001	-0.008	
47.30	0.262	0.271	0.000	0.000	-0.001	0.009	
47.35	0.262	0.271	0.000	-0.000	0.000	0.019	
47.40	0.262	0.271	0.000	-0.000	0.002	0.010	
47.45	0.262	0.272	0.000	-0.002	0.001	-0.003	
47.50	0.262	0.271	-0.000	-0.006	0.000	0.006	
47.55	0.262	0.271	-0.000	-0.012	0.002	0.010	
47.60	0.262	0.272	-0.002	-0.011	0.002	-0.006	
47.65	0.262	0.272	-0.002	0.006	0.001	-0.013	
47.70	0.262	0.272	-0.001	0.025	0.001	-0.015	
47.75	0.262	0.272	0.001	0.024	-0.000	-0.018	
47.80	0.262	0.272	0.002	0.004	-0.002	-0.002	
47.85	0.262	0.272	0.001	-0.014	-0.000	0.014	
47.90	0.262	0.272	-0.000	-0.009	0.000	0.017	
47.95	0.262	0.272	0.000	0.003	0.002	0.012	
48.00	0.262	0.272	0.001	0.001	0.002	-0.008	
48.05	0.262	0.272	0.000	-0.002	0.000	-0.021	
48.10	0.262	0.272	0.000	0.002	-0.000	-0.022	
48.15	0.262	0.272	0.000	0.006	-0.002	-0.011	
48.20	0.262	0.272	0.001	0.003	-0.002	0.004	
48.25	0.262	0.272	0.001	-0.010	-0.001	0.010	
48.30	0.262	0.271	0.000	-0.018	-0.000	0.009	
48.35	0.262	0.272	-0.001	-0.014	-0.000	0.002	
48.40	0.262	0.271	-0.002	-0.005	-0.001	0.004	
48.45	0.262	0.272	-0.002	0.003	0.000	0.001	
48.50	0.262	0.272	-0.001	0.010	-0.001	0.000	
48.55	0.262	0.271	-0.000	0.012	-0.000	0.009	
48.60	0.262	0.272	0.000	0.009	0.000	0.011	
48.65	0.262	0.271	0.000	0.008	0.001	0.007	
48.70	0.262	0.272	0.001	0.002	0.002	-0.009	
48.75	0.262	0.272	0.001	-0.008	-0.000	-0.009	
48.80	0.262	0.272	-0.000	-0.003	-0.000	0.011	
48.85	0.262	0.272	0.000	0.010	0.002	0.009	
48.90	0.262	0.272	0.001	0.009	0.002	-0.014	
48.95	0.262	0.272	0.002	0.001	-0.001	-0.016	
49.00	0.262	0.272	0.001	-0.009	-0.001	0.010	
49.05	0.262	0.272	0.000	-0.014	0.001	0.022	
49.10	0.262	0.272	-0.000	-0.011	0.003	-0.001	
49.15	0.262	0.272	-0.001	-0.003	0.001	-0.021	
49.20	0.262	0.272	-0.001	0.010	-0.001	-0.013	
49.25	0.262	0.272	0.001	0.007	-0.001	-0.005	
49.30	0.262	0.272	0.001	-0.007	-0.001	0.002	
49.35	0.262	0.272	-0.001	-0.002	-0.000	0.006	
49.40	0.262	0.272	0.000	0.011	-0.000	0.001	
49.45	0.262	0.272	0.001	-0.002	-0.000	-0.005	
49.50	0.262	0.272	-0.001	-0.010	-0.001	-0.010	
49.55	0.262	0.272	-0.001	-0.000	-0.002	-0.003	
49.60	0.262	0.272	0.000	-0.000	-0.001	0.005	
49.65	0.262	0.272	-0.001	-0.001	-0.001	0.001	
49.70	0.262	0.272	-0.001	0.007	-0.002	0.010	
49.75	0.262	0.271	0.001	-0.004	0.001	0.013	
49.80	0.262	0.272	-0.001	-0.015	0.001	-0.001	
49.85	0.262	0.272	-0.002	0.000	-0.000	-0.003	
49.90	0.262	0.272	-0.001	0.011	0.000	-0.001	
49.95	0.262	0.272	-0.000	0.009	-0.001	0.002	
50.00	0.262	0.271	0.000	0.007	0.000	0.011	
50.05	0.262	0.272	0.000	0.006	0.002	0.001	
50.10	0.262	0.272	0.001	-0.003	0.000	-0.002	
50.15	0.262	0.272	0.001	-0.018	0.001	0.000	
50.20	0.262	0.272	-0.001	-0.018	0.001	-0.010	
50.25	0.262	0.272	-0.003	0.009	-0.001	-0.007	
50.30	0.262	0.272	-0.000	0.028	-0.000	0.003	
50.35	0.262	0.272	0.002	0.006	-0.000	0.011	
50.40	0.262	0.272	0.000	-0.019	0.002	0.004	
50.45	0.262	0.272	-0.001	-0.016	0.001	-0.016	
50.50	0.262	0.272	-0.002	-0.003	-0.001	-0.011	
50.55	0.262	0.272	-0.001	0.010	-0.001	-0.001	
50.60	0.262	0.272	-0.000	0.013	-0.001	-0.004	
50.65	0.262	0.272	0.001	0.002	-0.001	-0.002	
50.70	0.262	0.272	0.000	-0.008	-0.001	0.005	
50.75	0.262	0.272	-0.001	-0.002	-0.000	0.006	
50.80	0.262	0.272	-0.000	0.005	-0.000	-0.002	
50.85	0.262	0.272	0.000	0.007	-0.000	-0.011	
50.90	0.262	0.272	0.000	0.009	-0.002	-0.012	
50.95	0.262	0.271	0.001	0.004	-0.002	0.002	
51.00	0.262	0.271	0.001	-0.008	-0.002	0.017	
51.05	0.262	0.271	0.000	-0.011	-0.000	0.020	
51.10	0.262	0.271	-0.001	-0.001	0.001	0.010	
51.15	0.262	0.271	0.000	0.010	0.001	-0.006	
51.20	0.262	0.271	0.001	0.007	0.000	-0.011	
51.25	0.262	0.271	0.001	0.003	-0.001	0.001	
51.30	0.262	0.271	0.001	-0.001	-0.000	0.019	
51.35	0.262	0.271	0.001	-0.010	0.003	0.011	
51.40	0.262	0.272	-0.000	-0.005	0.001	-0.006	
51.45	0.262	0.271	0.000	0.005	-0.000	0.008	
51.50	0.262	0.271	0.001	0.001	0.003	0.006	
51.55	0.262	0.272	0.000	-0.004	0.003	-0.028	
51.60	0.262	0.272	0.000	-0.003	-0.002	-0.032	
51.65	0.262	0.272	0.000	-0.003	-0.003	0.001	
51.70	0.262	0.271	-0.000	-0.005	-0.000	0.014	
51.75	0.262	0.272	-0.000	-0.009	0.000	-0.002	
51.80	0.262	0.272	-0.001	-0.008	-0.001	0.000	
51.85	0.262	0.271	-0.002	0.002	-0.000	0.012	
51.90	0.262	0.272	-0.001	0.013	0.001	0.007	
51.95	0.262	0.272	0.000	0.017	0.001	-0.001	
52.00	0.262	0.272	0.001	0.009	0.001	-0.010	
52.05	0.262	0.272	0.001	-0.004	-0.000	-0.019	
52.10	0.262	0.272	0.000	-0.008	-0.002	-0.009	
52.15	0.262	0.271	-0.000	0.003	-0.002	0.007	
52.20	0.262	0.271	0.001	0.008	-0.001	0.011	
52.25	0.262	0.271	0.001	-0.000	-0.001	0.014	
52.30	0.262	0.271	0.000	-0.002	0.001	0.013	
52.35	0.262	0.272	0.000	0.004	0.001	0.000	
52.40	0.262	0.271	0.001	0.003	0.001	-0.007	
52.45	0.262	0.272	0.001	-0.003	0.001	-0.014	
52.50	0.262	0.272	0.000	-0.003	-0.001	-0.015	
52.55	0.262	0.271	0.000	0.003	-0.002	-0.002	
52.60	0.262	0.271	0.001	0.000	-0.001	0.013	
52.65	0.263	0.271	0.001	-0.014	-0.000	0.027	
52.70	0.263	0.271	-0.000	-0.027	0.003	0.017	
52.75	0.263	0.272	-0.002	-0.030	0.002	-0.004	
52.80	0.262	0.271	-0.004	-0.015	0.001	-0.006	
52.85	0.262	0.272	-0.004	0.012	0.002	-0.011	
52.90	0.262	0.272	-0.002	0.025	-0.000	-0.011	
52.95	0.262	0.272	-0.001	0.019	0.000	-0.003	
53.00	0.262	0.272	-0.000	0.009	0.000	-0.009	
53.05	0.262	0.272	0.000	0.003	-0.001	-0.009	
53.10	0.262	0.272	0.000	0.001	-0.002	0.012	
53.15	0.262	0.271	0.000	0.002	0.001	0.020	
53.20	0.262	0.272	0.000	0.005	0.001	0.007	
53.25	0.262	0.272	0.000	0.008	0.001	-0.007	
53.30	0.262	0.272	0.001	0.005	0.001	-0.020	
53.35	0.262	0.272	0.001	-0.004	-0.002	-0.012	
53.40	0.262	0.272	0.000	-0.007	-0.001	0.008	
53.45	0.262	0.272	0.000	-0.002	0.000	0.005	
53.50	0.262	0.272	0.000	0.002	-0.000	-0.007	
53.55	0.262	0.272	0.001	-0.003	-0.001	-0.005	
53.60	0.262	0.272	0.000	-0.008	-0.001	0.006	
53.65	0.262	0.271	-0.001	0.001	-0.000	0.011	
53.70	0.262	0.272	0.000	0.011	0.001	0.004	
53.75	0.262	0.272	0.001	0.008	-0.000	0.004	
53.80	0.262	0.271	0.001	-0.003	0.001	0.004	
53.85	0.262	0.272	0.000	-0.008	0.001	-0.006	
53.90	0.262	0.272	0.000	-0.005	-0.000	-0.002	
53.95	0.262	0.272	0.000	-0.002	0.000	0.008	
54.00	0.262	0.272	0.000	-0.000	0.001	0.006	
54.05	0.262	0.272	0.000	-0.000	0.001	-0.004	
54.10	0.262	0.272	0.000	-0.000	0.000	-0.008	
54.15	0.262	0.272	0.000	-0.000	0.000	-0.005	
54.20	0.262	0.272	0.000	-0.002	0.000	-0.001	
54.25	0.262	0.272	-0.000	-0.005	0.000	0.001	
54.30	0.262	0.272	-0.000	-0.008	0.000	0.003	
54.35	0.262	0.272	-0.001	-0.005	0.000	0.005	
54.40	0.262	0.272	-0.001	0.005	0.001	-0.001	
54.45	0.262	0.272	-0.000	0.008	0.000	-0.008	
54.50	0.262	0.272	-0.000	0.005	-0.000	-0.009	
54.55	0.262	0.272	0.000	0.002	-0.001	-0.010	
54.60	0.262	0.272	0.000	0.001	-0.002	0.001	
54.65	0.262	0.272	0.000	0.002	-0.000	0.011	
54.70	0.262	0.272	0.000	0.005	0.000	0.001	
54.75	0.262	0.272	0.000	0.008	-0.001	-0.004	
54.80	0.262	0.272	0.001	0.005	-0.000	-0.003	
54.85	0.262	0.272	0.001	-0.003	-0.000	-0.007	
54.90	0.262	0.272	0.000	-0.003	-0.001	-0.003	
54.95	0.262	0.272	0.000	0.005	-0.001	0.008	
55.00	0.262	0.271	0.001	0.008	-0.001	0.023	
55.05	0.262	0.271	0.002	0.003	0.002	0.019	
55.10	0.262	0.272	0.002	-0.003	0.002	0.002	
55.15	0.263	0.272	0.001	-0.011	0.002	-0.009	
55.20	0.263	0.272	0.000	-0.015	0.001	-0.016	
55.25	0.263	0.272	-0.000	-0.019	-0.001	-0.009	
55.30	0.263	0.272	-0.001	-0.026	-0.001	0.011	
55.35	0.263	0.272	-0.004	-0.015	0.001	0.016	
55.40	0.262	0.272	-0.004	0.014	0.002	-0.001	
55.45	0.262	0.272	-0.001	0.023	0.001	-0.011	
55.50	0.262	0.272	-0.000	0.011	0.000	-0.005	
55.55	0.262	0.272	-0.000	0.004	-0.000	0.007	
55.60	0.262	0.272	-0.001	0.009	0.002	0.004	
55.65	0.262	0.272	0.000	0.018	0.001	-0.013	
55.70	0.262	0.272	0.002	0.010	-0.001	-0.005	
55.75	0.262	0.272	0.002	-0.003	0.000	0.003	
55.80	0.262	0.272	0.001	-0.003	0.000	-0.004	
55.85	0.262	0.272	0.001	-0.001	-0.000	-0.010	
55.90	0.262	0.272	0.001	-0.007	-0.001	-0.018	
55.95	0.262	0.272	0.000	-0.008	-0.003	-0.010	
56.00	0.262	0.272	0.000	-0.005	-0.003	0.012	
56.05	0.262	0.272	0.000	-0.002	-0.001	0.025	
56.10	0.262	0.272	0.000	-0.000	0.001	0.011	
56.15	0.262	0.272	0.000	-0.000	0.001	-0.012	
56.20	0.262	0.272	0.000	-0.000	-0.002	0.000	
56.25	0.262	0.271	0.000	-0.002	0.001	0.012	
56.30	0.262	0.272	-0.000	-0.005	0.001	-0.008	
56.35	0.262	0.272	-0.000	-0.010	-0.001	-0.015	
56.40	0.262	0.272	-0.001	-0.009	-0.002	0.004	
56.45	0.262	0.271	-0.002	-0.002	-0.000	0.019	
56.50	0.262	0.272	-0.002	0.006	0.002	0.007	
56.55	0.262	0.272	-0.001	0.015	0.001	-0.005	
56.60	0.262	0.272	0.001	0.011	0.000	-0.003	
56.65	0.262	0.272	0.000	0.004	0.000	0.001	
56.70	0.262	0.272	0.000	0.005	0.001	-0.002	
56.75	0.262	0.272	0.001	0.002	0.000	-0.004	
56.80	0.262	0.272	0.001	-0.002	-0.000	0.008	
56.85	0.262	0.272	0.001	-0.008	0.001	0.011	
56.90	0.262	0.272	-0.000	-0.014	0.002	-0.006	
56.95	0.262	0.272	-0.001	-0.008	0.000	-0.018	
57.00	0.262	0.272	-0.001	0.004	-0.001	-0.013	
57.05	0.262	0.272	-0.000	0.011	-0.001	-0.008	
57.10	0.262	0.272	0.000	0.012	-0.002	-0.003	
57.15	0.262	0.272	0.001	0.015	-0.002	0.011	
57.20	0.262	0.272	0.002	0.005	0.000	0.009	
57.25	0.262	0.272	0.002	-0.009	0.000	-0.011	
57.30	0.262	0.272	0.000	-0.010	-0.002	-0.010	
57.35	0.262	0.272	0.000	-0.003	-0.002	0.012	
57.40	0.262	0.271	0.000	0.003	0.000	0.013	
57.45	0.262	0.272	0.001	0.001	0.001	-0.005	
57.50	0.263	0.272	0.000	-0.002	-0.001	-0.008	
57.55	0.262	0.272	0.000	0.002	-0.002	0.011	
57.60	0.263	0.271	0.001	0.000	0.001	0.019	
57.65	0.263	0.272	0.000	-0.000	0.002	0.001	
57.70	0.263	0.272	0.000	0.005	0.000	-0.006	
57.75	0.263	0.272	0.001	0.003	0.001	-0.006	
57.80	0.263	0.272	0.001	-0.009	-0.000	-0.010	
57.85	0.263	0.272	0.000	-0.017	-0.001	-0.002	
57.90	0.263	0.272	-0.001	-0.021	-0.000	0.007	
57.95	0.263	0.272	-0.002	-0.011	0.000	0.012	
58.00	0.262	0.272	-0.002	0.009	0.001	0.017	
58.05	0.262	0.272	-0.001	0.016	0.002	0.010	
58.10	0.262	0.272	-0.000	0.009	0.002	-0.010	
58.15	0.262	0.272	0.000	0.004	0.001	-0.016	
58.20	0.262	0.272	0.000	0.000	0.000	-0.011	
58.25	0.262	0.272	0.000	-0.002	-0.000	-0.007	
58.30	0.262	0.272	-0.000	-0.005	-0.000	-0.006	
58.35	0.262	0.272	-0.000	-0.008	-0.001	-0.001	
58.40	0.262	0.272	-0.001	-0.005	-0.000	0.003	
58.45	0.262	0.272	-0.001	0.005	-0.000	0.001	
58.50	0.262	0.272	-0.000	0.008	-0.001	0.005	
58.55	0.262	0.272	-0.000	0.006	0.001	0.002	
58.60	0.262	0.272	0.000	0.006	-0.000	-0.005	
58.65	0.262	0.272	0.000	0.008	-0.001	0.001	
58.70	0.262	0.272	0.001	0.005	0.000	0.006	
58.75	0.262	0.272	0.001	-0.004	0.001	-0.003	
58.80	0.262	0.272	0.000	-0.006	-0.000	-0.012	
58.85	0.262	0.272	0.000	-0.000	-0.002	-0.002	
58.90	0.262	0.272	0.000	0.006	-0.000	0.007	
58.95	0.262	0.272	0.001	0.004	0.000	-0.005	
59.00	0.263	0.272	0.001	-0.005	-0.001	-0.011	
59.05	0.263	0.272	0.000	-0.008	-0.002	0.005	
59.10	0.263	0.271	0.000	-0.005	-0.000	0.019	
59.15	0.263	0.272	0.000	-0.002	0.000	0.018	
59.20	0.263	0.271	0.000	-0.000	0.002	0.005	
59.25	0.263	0.272	0.000	-0.000	0.001	-0.009	
59.30	0.263	0.272	0.000	0.000	-0.001	0.005	
59.35	0.263	0.272	0.000	0.000	0.002	0.013	
59.40	0.263	0.272	0.000	0.000	0.002	-0.006	
59.45	0.263	0.272	0.000	0.000	0.001	-0.015	
59.50	0.263	0.272	0.000	0.000	0.000	-0.012	
59.55	0.263	0.272	0.000	0.000	-0.000	-0.007	
59.60	0.263	0.272	0.000	0.000	-0.001	0.002	
59.65	0.263	0.272	0.000	0.000	0.000	0.009	
59.70	0.263	0.272	0.000	0.000	0.001	0.001	
59.75	0.263	0.272	0.000	0.000	0.000	-0.010	
59.80	0.263	0.272	0.000	0.000	-0.000	-0.016	
59.85	0.263	0.272	0.000	0.000	-0.002	-0.015	
59.90	0.263	0.272	0.000	0.000	-0.003	-0.003	
59.95	0.263	0.272	0.000	0.000	-0.002	0.009	
60.00	0.263	0.272	0.000	0.000	-0.001	0.015	
