Vernier Format 2
run27.txt 10/10/2025 15:20:36
Run 1
Time	Position	Position	Velocity	Acceleration	Velocity	Acceleration	
T	P	P	V	A	V	A	
s	m	m	m/s	m/s^2	m/s	m/s^2	

0.00	0.259	0.265	-0.111	0.121	-0.088	0.155	
0.05	0.253	0.260	-0.106	0.153	-0.082	0.195	
0.10	0.248	0.256	-0.098	0.212	-0.072	0.260	
0.15	0.243	0.253	-0.085	0.280	-0.057	0.349	
0.20	0.240	0.250	-0.073	0.409	-0.036	0.430	
0.25	0.235	0.249	-0.043	0.522	-0.012	0.461	
0.30	0.236	0.249	-0.016	0.537	0.011	0.463	
0.35	0.234	0.250	0.007	0.593	0.035	0.451	
0.40	0.235	0.253	0.048	0.556	0.058	0.403	
0.45	0.240	0.256	0.071	0.378	0.077	0.319	
0.50	0.243	0.261	0.082	0.266	0.090	0.231	
0.55	0.247	0.265	0.094	0.215	0.099	0.144	
0.60	0.252	0.271	0.104	0.155	0.104	0.053	
0.65	0.258	0.276	0.110	0.078	0.105	-0.041	
0.70	0.264	0.281	0.113	-0.015	0.101	-0.138	
0.75	0.270	0.286	0.109	-0.116	0.091	-0.228	
0.80	0.275	0.291	0.100	-0.208	0.077	-0.293	
0.85	0.280	0.294	0.088	-0.294	0.060	-0.330	
0.90	0.284	0.297	0.071	-0.367	0.043	-0.359	
0.95	0.287	0.298	0.050	-0.403	0.024	-0.384	
1.00	0.289	0.299	0.029	-0.404	0.005	-0.398	
1.05	0.290	0.299	0.010	-0.402	-0.016	-0.400	
1.10	0.290	0.298	-0.011	-0.408	-0.037	-0.372	
1.15	0.289	0.295	-0.032	-0.396	-0.054	-0.329	
1.20	0.287	0.292	-0.052	-0.356	-0.069	-0.304	
1.25	0.283	0.288	-0.069	-0.291	-0.085	-0.260	
1.30	0.280	0.283	-0.081	-0.220	-0.097	-0.172	
1.35	0.275	0.278	-0.091	-0.148	-0.103	-0.072	
1.40	0.270	0.273	-0.095	-0.090	-0.104	0.026	
1.45	0.265	0.268	-0.099	-0.036	-0.099	0.105	
1.50	0.260	0.263	-0.100	0.040	-0.093	0.174	
1.55	0.256	0.258	-0.101	0.207	-0.082	0.253	
1.60	0.249	0.255	-0.079	0.359	-0.068	0.336	
1.65	0.248	0.251	-0.054	0.328	-0.048	0.408	
1.70	0.245	0.250	-0.045	0.285	-0.025	0.441	
1.75	0.243	0.249	-0.035	0.393	-0.004	0.453	
1.80	0.240	0.249	-0.006	0.499	0.020	0.451	
1.85	0.242	0.251	0.025	0.428	0.044	0.408	
1.90	0.244	0.254	0.038	0.322	0.062	0.351	
1.95	0.246	0.257	0.052	0.288	0.078	0.293	
2.00	0.249	0.262	0.067	0.259	0.093	0.206	
2.05	0.253	0.267	0.081	0.194	0.100	0.104	
2.10	0.257	0.272	0.087	0.098	0.102	0.014	
2.15	0.262	0.277	0.090	0.010	0.101	-0.077	
2.20	0.266	0.282	0.088	-0.074	0.094	-0.154	
2.25	0.271	0.286	0.082	-0.145	0.084	-0.201	
2.30	0.275	0.291	0.073	-0.198	0.074	-0.250	
2.35	0.278	0.294	0.062	-0.252	0.060	-0.308	
2.40	0.281	0.297	0.048	-0.307	0.042	-0.357	
2.45	0.283	0.298	0.031	-0.344	0.023	-0.387	
2.50	0.284	0.299	0.012	-0.355	0.003	-0.398	
2.55	0.284	0.299	-0.005	-0.350	-0.018	-0.382	
2.60	0.283	0.297	-0.023	-0.332	-0.036	-0.353	
2.65	0.282	0.295	-0.039	-0.304	-0.053	-0.323	
2.70	0.280	0.292	-0.053	-0.272	-0.068	-0.283	
2.75	0.276	0.288	-0.067	-0.213	-0.082	-0.217	
2.80	0.273	0.283	-0.076	-0.135	-0.091	-0.125	
2.85	0.269	0.279	-0.080	-0.069	-0.094	-0.035	
2.90	0.264	0.274	-0.083	-0.004	-0.093	0.030	
2.95	0.260	0.269	-0.081	0.068	-0.092	0.098	
3.00	0.256	0.264	-0.076	0.144	-0.085	0.188	
3.05	0.252	0.261	-0.066	0.203	-0.072	0.263	
3.10	0.250	0.257	-0.055	0.246	-0.058	0.326	
3.15	0.247	0.255	-0.043	0.309	-0.039	0.376	
3.20	0.245	0.253	-0.024	0.362	-0.019	0.401	
3.25	0.245	0.253	-0.004	0.364	0.002	0.398	
3.30	0.245	0.254	0.014	0.345	0.022	0.362	
3.35	0.246	0.255	0.030	0.335	0.038	0.333	
3.40	0.248	0.257	0.047	0.314	0.055	0.296	
3.45	0.251	0.261	0.063	0.257	0.070	0.215	
3.50	0.254	0.265	0.075	0.171	0.077	0.130	
3.55	0.258	0.268	0.080	0.089	0.082	0.065	
3.60	0.262	0.273	0.083	0.019	0.084	-0.003	
3.65	0.267	0.277	0.082	-0.050	0.081	-0.070	
3.70	0.271	0.281	0.077	-0.109	0.076	-0.129	
3.75	0.275	0.285	0.071	-0.163	0.068	-0.185	
3.80	0.278	0.288	0.062	-0.229	0.058	-0.246	
3.85	0.281	0.291	0.048	-0.293	0.044	-0.308	
3.90	0.283	0.293	0.031	-0.332	0.025	-0.331	
3.95	0.284	0.293	0.014	-0.344	0.009	-0.313	
4.00	0.284	0.293	-0.004	-0.341	-0.005	-0.303	
4.05	0.284	0.293	-0.021	-0.319	-0.021	-0.303	
4.10	0.282	0.291	-0.036	-0.283	-0.037	-0.277	
4.15	0.280	0.289	-0.049	-0.253	-0.049	-0.243	
4.20	0.277	0.286	-0.062	-0.215	-0.061	-0.207	
4.25	0.274	0.283	-0.072	-0.152	-0.071	-0.142	
4.30	0.270	0.279	-0.077	-0.090	-0.075	-0.071	
4.35	0.266	0.275	-0.081	-0.025	-0.078	0.005	
4.40	0.262	0.271	-0.080	0.051	-0.075	0.086	
4.45	0.258	0.267	-0.075	0.116	-0.069	0.148	
4.50	0.254	0.264	-0.068	0.170	-0.060	0.202	
4.55	0.251	0.261	-0.058	0.228	-0.048	0.254	
4.60	0.248	0.259	-0.045	0.284	-0.034	0.290	
4.65	0.246	0.258	-0.029	0.320	-0.019	0.311	
4.70	0.245	0.257	-0.012	0.333	-0.003	0.322	
4.75	0.245	0.257	0.005	0.327	0.014	0.320	
4.80	0.246	0.259	0.021	0.308	0.031	0.287	
4.85	0.247	0.261	0.036	0.285	0.043	0.237	
4.90	0.249	0.263	0.050	0.261	0.054	0.193	
4.95	0.252	0.266	0.063	0.221	0.063	0.140	
5.00	0.256	0.270	0.073	0.153	0.069	0.073	
5.05	0.260	0.273	0.079	0.068	0.070	0.011	
5.10	0.264	0.277	0.080	-0.011	0.069	-0.051	
5.15	0.268	0.280	0.077	-0.081	0.066	-0.125	
5.20	0.272	0.283	0.071	-0.145	0.057	-0.196	
5.25	0.275	0.286	0.062	-0.201	0.044	-0.229	
5.30	0.278	0.288	0.051	-0.252	0.033	-0.246	
5.35	0.280	0.289	0.036	-0.278	0.020	-0.268	
5.40	0.281	0.290	0.023	-0.290	0.006	-0.287	
5.45	0.283	0.290	0.007	-0.305	-0.009	-0.295	
5.50	0.282	0.289	-0.009	-0.286	-0.024	-0.277	
5.55	0.281	0.287	-0.022	-0.256	-0.037	-0.243	
5.60	0.280	0.285	-0.034	-0.243	-0.049	-0.205	
5.65	0.278	0.282	-0.046	-0.225	-0.058	-0.161	
5.70	0.275	0.279	-0.058	-0.168	-0.065	-0.106	
5.75	0.272	0.276	-0.064	-0.096	-0.069	-0.038	
5.80	0.269	0.272	-0.066	-0.051	-0.070	0.036	
5.85	0.265	0.269	-0.069	-0.006	-0.065	0.098	
5.90	0.262	0.266	-0.068	0.063	-0.059	0.140	
5.95	0.258	0.263	-0.063	0.139	-0.052	0.194	
6.00	0.255	0.260	-0.053	0.191	-0.039	0.245	
6.05	0.253	0.259	-0.042	0.208	-0.026	0.269	
6.10	0.251	0.258	-0.032	0.211	-0.012	0.282	
6.15	0.250	0.258	-0.021	0.215	0.002	0.289	
6.20	0.249	0.258	-0.015	0.301	0.017	0.287	
6.25	0.247	0.259	0.009	0.384	0.032	0.257	
6.30	0.250	0.261	0.033	0.301	0.044	0.210	
6.35	0.252	0.264	0.040	0.191	0.053	0.170	
6.40	0.254	0.267	0.048	0.142	0.061	0.127	
6.45	0.257	0.270	0.054	0.100	0.066	0.073	
6.50	0.259	0.273	0.058	0.054	0.069	-0.000	
6.55	0.263	0.277	0.059	0.004	0.066	-0.072	
6.60	0.265	0.280	0.058	-0.038	0.060	-0.117	
6.65	0.268	0.283	0.056	-0.092	0.054	-0.162	
6.70	0.271	0.286	0.050	-0.152	0.044	-0.210	
6.75	0.274	0.288	0.040	-0.190	0.033	-0.250	
6.80	0.275	0.289	0.030	-0.205	0.019	-0.284	
6.85	0.276	0.290	0.020	-0.222	0.003	-0.286	
6.90	0.277	0.289	0.008	-0.242	-0.010	-0.265	
6.95	0.277	0.289	-0.006	-0.242	-0.023	-0.236	
7.00	0.277	0.287	-0.017	-0.223	-0.034	-0.196	
7.05	0.276	0.285	-0.028	-0.194	-0.043	-0.163	
7.10	0.274	0.283	-0.038	-0.148	-0.050	-0.143	
7.15	0.272	0.280	-0.043	-0.106	-0.057	-0.120	
7.20	0.269	0.277	-0.048	-0.075	-0.064	-0.064	
7.25	0.267	0.273	-0.051	-0.037	-0.064	0.010	
7.30	0.264	0.270	-0.052	0.012	-0.062	0.069	
7.35	0.262	0.267	-0.050	0.068	-0.057	0.130	
7.40	0.259	0.264	-0.044	0.115	-0.048	0.179	
7.45	0.257	0.262	-0.038	0.154	-0.039	0.207	
7.50	0.255	0.261	-0.029	0.186	-0.027	0.227	
7.55	0.254	0.260	-0.019	0.203	-0.015	0.232	
7.60	0.253	0.259	-0.008	0.211	-0.005	0.250	
7.65	0.253	0.259	0.003	0.210	0.009	0.274	
7.70	0.254	0.260	0.013	0.206	0.024	0.259	
7.75	0.255	0.262	0.024	0.195	0.037	0.208	
7.80	0.256	0.264	0.033	0.165	0.045	0.153	
7.85	0.258	0.266	0.040	0.127	0.051	0.122	
7.90	0.260	0.269	0.046	0.085	0.057	0.091	
7.95	0.263	0.272	0.049	0.037	0.062	0.028	
8.00	0.265	0.275	0.050	-0.028	0.060	-0.038	
8.05	0.268	0.278	0.046	-0.093	0.057	-0.092	
8.10	0.270	0.281	0.039	-0.122	0.052	-0.154	
8.15	0.272	0.283	0.034	-0.135	0.041	-0.192	
8.20	0.273	0.285	0.027	-0.161	0.031	-0.198	
8.25	0.274	0.287	0.018	-0.190	0.021	-0.212	
8.30	0.275	0.287	0.007	-0.206	0.010	-0.227	
8.35	0.275	0.288	-0.004	-0.198	-0.001	-0.239	
8.40	0.275	0.287	-0.013	-0.185	-0.015	-0.224	
8.45	0.274	0.286	-0.023	-0.166	-0.025	-0.185	
8.50	0.272	0.285	-0.030	-0.140	-0.033	-0.156	
8.55	0.271	0.283	-0.036	-0.127	-0.040	-0.130	
8.60	0.269	0.281	-0.043	-0.103	-0.046	-0.100	
8.65	0.266	0.278	-0.048	-0.052	-0.051	-0.060	
8.70	0.264	0.276	-0.048	-0.003	-0.053	-0.003	
8.75	0.262	0.273	-0.047	0.038	-0.051	0.058	
8.80	0.259	0.270	-0.045	0.086	-0.046	0.093	
8.85	0.257	0.268	-0.039	0.131	-0.041	0.113	
8.90	0.255	0.266	-0.031	0.158	-0.036	0.151	
8.95	0.254	0.264	-0.022	0.174	-0.026	0.195	
9.00	0.253	0.263	-0.013	0.188	-0.015	0.214	
9.05	0.252	0.263	-0.004	0.206	-0.004	0.219	
9.10	0.252	0.263	0.008	0.210	0.007	0.221	
9.15	0.253	0.264	0.018	0.193	0.018	0.207	
9.20	0.254	0.265	0.027	0.170	0.028	0.175	
9.25	0.256	0.267	0.035	0.142	0.036	0.129	
9.30	0.258	0.269	0.042	0.107	0.041	0.079	
9.35	0.260	0.271	0.046	0.069	0.043	0.045	
9.40	0.263	0.273	0.049	0.029	0.046	0.014	
9.45	0.265	0.275	0.050	-0.024	0.046	-0.035	
9.50	0.268	0.278	0.046	-0.071	0.042	-0.087	
9.55	0.270	0.280	0.042	-0.108	0.037	-0.128	
9.60	0.272	0.281	0.035	-0.143	0.029	-0.152	
9.65	0.274	0.283	0.027	-0.169	0.020	-0.156	
9.70	0.275	0.283	0.018	-0.188	0.014	-0.168	
9.75	0.275	0.284	0.008	-0.199	0.005	-0.199	
9.80	0.276	0.284	-0.002	-0.193	-0.008	-0.197	
9.85	0.275	0.283	-0.012	-0.176	-0.016	-0.171	
9.90	0.274	0.282	-0.020	-0.165	-0.025	-0.142	
9.95	0.273	0.281	-0.028	-0.150	-0.031	-0.104	
10.00	0.271	0.279	-0.035	-0.119	-0.034	-0.084	
10.05	0.270	0.277	-0.040	-0.082	-0.039	-0.066	
10.10	0.267	0.275	-0.044	-0.041	-0.042	-0.019	
10.15	0.265	0.273	-0.044	-0.005	-0.041	0.036	
10.20	0.263	0.271	-0.044	0.028	-0.037	0.067	
10.25	0.261	0.269	-0.042	0.066	-0.034	0.086	
10.30	0.259	0.268	-0.037	0.103	-0.030	0.125	
10.35	0.257	0.266	-0.031	0.139	-0.021	0.158	
10.40	0.255	0.265	-0.023	0.166	-0.013	0.166	
10.45	0.255	0.265	-0.014	0.170	-0.005	0.176	
10.50	0.254	0.265	-0.006	0.170	0.005	0.174	
10.55	0.254	0.265	0.003	0.180	0.013	0.155	
10.60	0.254	0.266	0.013	0.175	0.020	0.141	
10.65	0.255	0.268	0.021	0.148	0.027	0.129	
10.70	0.257	0.269	0.028	0.118	0.033	0.115	
10.75	0.258	0.271	0.033	0.086	0.040	0.074	
10.80	0.260	0.273	0.036	0.050	0.042	0.013	
10.85	0.262	0.275	0.037	0.027	0.041	-0.032	
10.90	0.264	0.277	0.039	-0.000	0.038	-0.062	
10.95	0.266	0.279	0.038	-0.044	0.034	-0.085	
11.00	0.268	0.281	0.034	-0.077	0.030	-0.123	
11.05	0.269	0.282	0.030	-0.101	0.021	-0.149	
11.10	0.271	0.283	0.024	-0.121	0.014	-0.154	
11.15	0.272	0.283	0.018	-0.143	0.006	-0.161	
11.20	0.273	0.283	0.010	-0.170	-0.002	-0.169	
11.25	0.273	0.283	-0.000	-0.172	-0.011	-0.170	
11.30	0.272	0.282	-0.008	-0.146	-0.020	-0.147	
11.35	0.272	0.281	-0.015	-0.119	-0.026	-0.117	
11.40	0.271	0.280	-0.020	-0.095	-0.031	-0.097	
11.45	0.270	0.278	-0.023	-0.087	-0.036	-0.068	
11.50	0.269	0.276	-0.029	-0.074	-0.038	-0.035	
11.55	0.267	0.274	-0.032	-0.038	-0.040	0.002	
11.60	0.265	0.272	-0.032	0.000	-0.038	0.045	
11.65	0.264	0.270	-0.031	0.025	-0.034	0.074	
11.70	0.262	0.269	-0.030	0.055	-0.030	0.093	
11.75	0.261	0.267	-0.026	0.083	-0.025	0.112	
11.80	0.259	0.266	-0.021	0.093	-0.019	0.129	
11.85	0.258	0.265	-0.017	0.105	-0.013	0.151	
11.90	0.258	0.265	-0.011	0.127	-0.004	0.174	
11.95	0.257	0.265	-0.004	0.151	0.006	0.172	
12.00	0.257	0.265	0.005	0.156	0.014	0.146	
12.05	0.258	0.266	0.013	0.131	0.020	0.121	
12.10	0.259	0.267	0.019	0.091	0.026	0.106	
12.15	0.260	0.269	0.021	0.064	0.031	0.091	
12.20	0.261	0.270	0.024	0.060	0.035	0.065	
12.25	0.262	0.273	0.028	0.035	0.039	0.019	
12.30	0.264	0.275	0.028	-0.008	0.037	-0.021	
12.35	0.265	0.276	0.026	-0.032	0.036	-0.042	
12.40	0.266	0.278	0.025	-0.047	0.033	-0.071	
12.45	0.268	0.280	0.021	-0.059	0.028	-0.095	
12.50	0.268	0.281	0.019	-0.077	0.024	-0.124	
12.55	0.270	0.282	0.014	-0.106	0.016	-0.155	
12.60	0.270	0.283	0.008	-0.118	0.007	-0.158	
12.65	0.270	0.283	0.002	-0.115	-0.000	-0.146	
12.70	0.270	0.283	-0.004	-0.114	-0.007	-0.142	
12.75	0.270	0.282	-0.009	-0.115	-0.015	-0.132	
12.80	0.269	0.281	-0.016	-0.103	-0.021	-0.118	
12.85	0.268	0.280	-0.020	-0.075	-0.027	-0.098	
12.90	0.267	0.278	-0.023	-0.049	-0.031	-0.068	
12.95	0.266	0.277	-0.025	-0.024	-0.034	-0.027	
13.00	0.265	0.275	-0.025	-0.010	-0.034	0.018	
13.05	0.263	0.273	-0.026	0.012	-0.031	0.045	
13.10	0.262	0.272	-0.025	0.054	-0.029	0.069	
13.15	0.261	0.270	-0.020	0.079	-0.024	0.086	
13.20	0.260	0.269	-0.016	0.081	-0.020	0.084	
13.25	0.259	0.268	-0.012	0.090	-0.016	0.087	
13.30	0.259	0.268	-0.007	0.101	-0.013	0.116	
13.35	0.258	0.267	-0.002	0.104	-0.004	0.147	
13.40	0.258	0.267	0.003	0.102	0.005	0.128	
13.45	0.259	0.268	0.008	0.098	0.008	0.105	
13.50	0.259	0.268	0.013	0.091	0.014	0.103	
13.55	0.260	0.269	0.018	0.083	0.020	0.085	
13.60	0.261	0.270	0.022	0.069	0.023	0.059	
13.65	0.262	0.271	0.025	0.036	0.025	0.036	
13.70	0.264	0.273	0.025	0.008	0.026	0.029	
13.75	0.265	0.274	0.026	-0.014	0.029	0.008	
13.80	0.267	0.276	0.024	-0.038	0.028	-0.036	
13.85	0.267	0.277	0.021	-0.052	0.024	-0.067	
13.90	0.269	0.278	0.020	-0.080	0.021	-0.091	
13.95	0.269	0.279	0.014	-0.108	0.015	-0.102	
14.00	0.270	0.279	0.007	-0.100	0.010	-0.104	
14.05	0.270	0.280	0.003	-0.086	0.005	-0.118	
14.10	0.270	0.280	-0.001	-0.090	-0.002	-0.120	
14.15	0.270	0.280	-0.005	-0.100	-0.008	-0.102	
14.20	0.270	0.279	-0.011	-0.104	-0.012	-0.087	
14.25	0.269	0.279	-0.017	-0.085	-0.016	-0.077	
14.30	0.268	0.278	-0.020	-0.054	-0.021	-0.054	
14.35	0.267	0.276	-0.021	-0.040	-0.022	-0.017	
14.40	0.266	0.275	-0.024	-0.032	-0.021	-0.006	
14.45	0.264	0.274	-0.025	-0.012	-0.022	-0.005	
14.50	0.263	0.273	-0.025	0.017	-0.023	0.025	
14.55	0.262	0.272	-0.024	0.055	-0.020	0.056	
14.60	0.261	0.271	-0.019	0.080	-0.017	0.070	
14.65	0.260	0.270	-0.015	0.079	-0.013	0.082	
14.70	0.259	0.270	-0.011	0.078	-0.007	0.076	
14.75	0.259	0.270	-0.007	0.083	-0.006	0.079	
14.80	0.259	0.269	-0.003	0.092	-0.001	0.112	
14.85	0.258	0.269	0.002	0.106	0.006	0.125	
14.90	0.259	0.270	0.009	0.099	0.014	0.095	
14.95	0.259	0.271	0.013	0.070	0.017	0.046	
15.00	0.260	0.272	0.015	0.054	0.017	0.023	
15.05	0.261	0.272	0.018	0.044	0.018	0.027	
15.10	0.262	0.273	0.019	0.035	0.020	0.021	
15.15	0.263	0.274	0.021	0.029	0.021	-0.004	
15.20	0.264	0.276	0.023	0.005	0.020	-0.034	
15.25	0.265	0.276	0.022	-0.034	0.017	-0.046	
15.30	0.266	0.277	0.019	-0.060	0.015	-0.054	
15.35	0.267	0.278	0.015	-0.062	0.012	-0.076	
15.40	0.268	0.279	0.013	-0.065	0.007	-0.091	
15.45	0.268	0.279	0.009	-0.078	0.002	-0.083	
15.50	0.269	0.279	0.004	-0.080	-0.001	-0.080	
15.55	0.269	0.279	0.001	-0.068	-0.005	-0.096	
15.60	0.269	0.278	-0.002	-0.062	-0.012	-0.091	
15.65	0.269	0.277	-0.005	-0.063	-0.015	-0.064	
15.70	0.268	0.277	-0.008	-0.063	-0.018	-0.037	
15.75	0.268	0.275	-0.012	-0.060	-0.019	-0.014	
15.80	0.267	0.275	-0.014	-0.055	-0.019	-0.000	
15.85	0.266	0.274	-0.018	-0.038	-0.019	0.018	
15.90	0.265	0.273	-0.019	-0.005	-0.017	0.027	
15.95	0.264	0.272	-0.018	0.021	-0.016	0.034	
16.00	0.263	0.271	-0.017	0.039	-0.014	0.049	
16.05	0.263	0.271	-0.014	0.057	-0.011	0.066	
16.10	0.262	0.270	-0.010	0.056	-0.007	0.085	
16.15	0.262	0.270	-0.008	0.041	-0.002	0.082	
16.20	0.261	0.270	-0.007	0.045	0.001	0.067	
16.25	0.261	0.270	-0.004	0.057	0.004	0.067	
16.30	0.261	0.270	-0.000	0.058	0.008	0.075	
16.35	0.261	0.271	0.002	0.058	0.012	0.069	
16.40	0.261	0.271	0.005	0.057	0.015	0.049	
16.45	0.261	0.272	0.008	0.047	0.017	0.031	
16.50	0.262	0.273	0.011	0.026	0.018	0.011	
16.55	0.263	0.274	0.011	0.008	0.018	-0.009	
16.60	0.263	0.275	0.011	0.004	0.017	-0.023	
16.65	0.264	0.276	0.011	-0.001	0.016	-0.030	
16.70	0.264	0.277	0.011	-0.006	0.014	-0.041	
16.75	0.265	0.277	0.010	-0.008	0.011	-0.049	
16.80	0.265	0.278	0.010	-0.016	0.010	-0.061	
16.85	0.266	0.278	0.009	-0.035	0.006	-0.090	
16.90	0.266	0.279	0.007	-0.053	-0.000	-0.097	
16.95	0.266	0.278	0.003	-0.060	-0.005	-0.071	
17.00	0.267	0.278	0.000	-0.056	-0.007	-0.050	
17.05	0.266	0.277	-0.003	-0.043	-0.009	-0.045	
17.10	0.266	0.277	-0.004	-0.033	-0.012	-0.040	
17.15	0.266	0.276	-0.005	-0.033	-0.014	-0.025	
17.20	0.266	0.275	-0.008	-0.025	-0.014	-0.018	
17.25	0.265	0.275	-0.008	-0.017	-0.015	-0.012	
17.30	0.265	0.274	-0.009	-0.008	-0.017	0.024	
17.35	0.264	0.273	-0.009	0.010	-0.012	0.042	
17.40	0.264	0.273	-0.007	0.010	-0.010	0.019	
17.45	0.264	0.272	-0.008	0.013	-0.011	0.014	
17.50	0.263	0.272	-0.007	0.027	-0.011	0.038	
17.55	0.263	0.271	-0.005	0.023	-0.008	0.070	
17.60	0.263	0.271	-0.004	0.022	-0.002	0.079	
17.65	0.262	0.271	-0.003	0.033	0.001	0.066	
17.70	0.262	0.271	-0.001	0.044	0.004	0.047	
17.75	0.262	0.271	0.002	0.046	0.006	0.036	
17.80	0.262	0.271	0.004	0.034	0.007	0.039	
17.85	0.263	0.272	0.005	0.021	0.010	0.039	
17.90	0.263	0.273	0.006	0.018	0.011	0.033	
17.95	0.263	0.273	0.007	0.016	0.014	0.011	
18.00	0.264	0.274	0.008	0.006	0.013	-0.023	
18.05	0.264	0.275	0.007	-0.002	0.009	-0.022	
18.10	0.264	0.275	0.007	-0.005	0.010	0.002	
18.15	0.265	0.275	0.007	-0.015	0.012	-0.007	
18.20	0.265	0.276	0.006	-0.023	0.010	-0.042	
18.25	0.265	0.277	0.004	-0.019	0.006	-0.057	
18.30	0.265	0.277	0.004	-0.025	0.004	-0.052	
18.35	0.266	0.277	0.002	-0.040	0.001	-0.048	
18.40	0.266	0.277	-0.001	-0.039	-0.001	-0.045	
18.45	0.266	0.277	-0.002	-0.022	-0.003	-0.046	
18.50	0.265	0.277	-0.002	-0.017	-0.006	-0.041	
18.55	0.265	0.276	-0.003	-0.030	-0.008	-0.024	
18.60	0.265	0.276	-0.006	-0.032	-0.008	-0.019	
18.65	0.265	0.275	-0.007	-0.016	-0.009	-0.022	
18.70	0.264	0.275	-0.007	-0.010	-0.011	-0.011	
18.75	0.264	0.274	-0.008	-0.006	-0.010	0.007	
18.80	0.264	0.274	-0.008	0.018	-0.010	0.020	
18.85	0.263	0.273	-0.006	0.032	-0.008	0.030	
18.90	0.263	0.273	-0.004	0.025	-0.006	0.029	
18.95	0.263	0.273	-0.003	0.017	-0.006	0.033	
19.00	0.263	0.272	-0.003	0.018	-0.003	0.043	
19.05	0.263	0.272	-0.002	0.022	-0.001	0.042	
19.10	0.263	0.272	-0.000	0.022	0.001	0.041	
19.15	0.263	0.272	0.000	0.024	0.003	0.039	
19.20	0.263	0.273	0.002	0.027	0.006	0.023	
19.25	0.263	0.273	0.003	0.026	0.005	0.009	
19.30	0.263	0.273	0.005	0.019	0.006	0.011	
19.35	0.263	0.274	0.005	0.012	0.007	0.012	
19.40	0.263	0.274	0.006	0.012	0.007	0.008	
19.45	0.264	0.274	0.006	0.010	0.008	-0.002	
19.50	0.264	0.275	0.007	0.003	0.007	-0.012	
19.55	0.264	0.275	0.007	-0.005	0.006	-0.014	
19.60	0.265	0.275	0.006	-0.017	0.006	-0.024	
19.65	0.265	0.276	0.005	-0.028	0.004	-0.043	
19.70	0.265	0.276	0.003	-0.036	0.001	-0.048	
19.75	0.265	0.276	0.002	-0.053	-0.001	-0.037	
19.80	0.265	0.276	-0.001	-0.080	-0.003	-0.023	
19.85	0.265	0.275	-0.006	-0.097	-0.003	-0.014	
19.90	0.265	0.275	-0.016	-0.023	-0.004	-0.016	
19.95	0.263	0.275	-0.013	0.124	-0.005	-0.020	
20.00	0.263	0.275	0.006	0.112	-0.006	-0.021	
20.05	0.265	0.274	0.007	-0.050	-0.008	-0.011	
20.10	0.265	0.274	-0.010	-0.050	-0.008	0.009	
20.15	0.263	0.274	-0.004	0.050	-0.006	0.017	
20.20	0.264	0.273	0.004	0.014	-0.005	0.015	
20.25	0.264	0.273	-0.002	-0.038	-0.005	0.020	
20.30	0.264	0.273	-0.004	-0.025	-0.004	0.035	
20.35	0.263	0.273	-0.004	-0.008	-0.001	0.042	
20.40	0.263	0.273	-0.004	0.009	0.001	0.035	
20.45	0.263	0.273	-0.003	0.023	0.002	0.039	
20.50	0.263	0.273	-0.002	0.028	0.005	0.034	
20.55	0.263	0.273	-0.000	0.026	0.006	0.012	
20.60	0.263	0.274	0.001	0.018	0.006	0.003	
20.65	0.263	0.274	0.002	0.011	0.006	-0.002	
20.70	0.263	0.274	0.002	0.012	0.006	-0.008	
20.75	0.263	0.274	0.002	0.018	0.006	-0.014	
20.80	0.263	0.275	0.004	0.015	0.004	-0.015	
20.85	0.264	0.275	0.005	0.002	0.003	-0.001	
20.90	0.264	0.275	0.004	-0.003	0.005	-0.005	
20.95	0.264	0.275	0.004	-0.001	0.004	-0.024	
21.00	0.264	0.275	0.004	-0.007	0.002	-0.033	
21.05	0.264	0.276	0.003	-0.017	0.000	-0.042	
21.10	0.264	0.276	0.002	-0.018	-0.003	-0.034	
21.15	0.265	0.275	0.001	-0.017	-0.004	-0.016	
21.20	0.265	0.275	0.000	-0.014	-0.004	-0.014	
21.25	0.265	0.275	0.000	-0.011	-0.005	-0.012	
21.30	0.265	0.275	-0.000	-0.012	-0.005	-0.008	
21.35	0.265	0.274	-0.001	-0.012	-0.006	0.002	
21.40	0.264	0.274	-0.002	-0.008	-0.005	0.012	
21.45	0.264	0.274	-0.002	-0.005	-0.004	0.013	
21.50	0.264	0.274	-0.003	0.005	-0.004	0.018	
21.55	0.264	0.273	-0.002	0.014	-0.003	0.026	
21.60	0.264	0.273	-0.000	0.011	-0.000	0.014	
21.65	0.264	0.273	-0.000	0.001	-0.001	0.003	
21.70	0.264	0.273	-0.000	-0.008	-0.002	0.017	
21.75	0.264	0.273	-0.001	-0.009	0.001	0.025	
21.80	0.264	0.273	-0.002	-0.004	0.002	0.015	
21.85	0.264	0.273	-0.002	-0.000	0.001	0.020	
21.90	0.264	0.273	-0.001	-0.005	0.003	0.038	
21.95	0.264	0.274	-0.001	-0.018	0.007	0.029	
22.00	0.264	0.274	-0.003	-0.027	0.007	-0.007	
22.05	0.264	0.274	-0.008	0.038	0.005	-0.029	
22.10	0.262	0.275	0.000	0.105	0.003	-0.032	
22.15	0.264	0.275	0.010	0.037	0.001	-0.019	
22.20	0.264	0.275	0.004	-0.038	0.002	-0.013	
22.25	0.264	0.275	0.001	-0.035	0.000	-0.012	
22.30	0.264	0.275	0.000	-0.014	-0.000	-0.000	
22.35	0.264	0.275	0.000	0.003	0.002	-0.009	
22.40	0.264	0.275	0.001	0.004	0.000	-0.036	
22.45	0.264	0.275	0.001	-0.007	-0.004	-0.033	
22.50	0.264	0.275	0.000	-0.013	-0.005	0.000	
22.55	0.264	0.274	-0.000	-0.013	-0.003	0.017	
22.60	0.264	0.274	-0.001	-0.007	-0.001	0.004	
22.65	0.264	0.274	-0.001	0.003	-0.003	-0.004	
22.70	0.264	0.274	-0.000	0.005	-0.003	0.004	
22.75	0.264	0.274	-0.000	0.001	-0.002	0.008	
22.80	0.264	0.274	-0.001	0.005	-0.002	0.006	
22.85	0.264	0.274	0.000	0.011	-0.001	-0.001	
22.90	0.264	0.274	0.001	0.007	-0.002	0.001	
22.95	0.264	0.274	0.000	0.005	-0.002	0.016	
23.00	0.264	0.274	0.001	0.010	-0.000	0.024	
23.05	0.264	0.274	0.002	0.005	0.001	0.032	
23.10	0.264	0.274	0.002	-0.007	0.003	0.028	
23.15	0.264	0.274	0.001	-0.008	0.005	0.003	
23.20	0.264	0.274	0.001	-0.009	0.003	-0.018	
23.25	0.264	0.274	0.000	-0.010	0.001	-0.010	
23.30	0.264	0.274	-0.001	0.001	0.002	0.006	
23.35	0.264	0.274	0.000	0.010	0.003	0.004	
23.40	0.264	0.275	0.001	0.004	0.003	-0.015	
23.45	0.264	0.275	0.001	-0.009	0.001	-0.024	
23.50	0.264	0.275	-0.001	-0.009	-0.000	-0.010	
23.55	0.264	0.275	-0.000	-0.004	0.001	-0.006	
23.60	0.264	0.275	-0.000	-0.007	-0.000	-0.014	
23.65	0.264	0.275	-0.001	-0.008	-0.001	-0.015	
23.70	0.264	0.275	-0.001	-0.009	-0.002	-0.011	
23.75	0.264	0.275	-0.002	-0.002	-0.003	-0.004	
23.80	0.264	0.274	-0.002	0.016	-0.002	-0.002	
23.85	0.264	0.274	0.000	0.015	-0.002	-0.009	
23.90	0.264	0.274	0.000	-0.004	-0.003	-0.009	
23.95	0.264	0.274	-0.001	-0.003	-0.004	0.007	
24.00	0.264	0.274	-0.000	0.008	-0.003	0.026	
24.05	0.264	0.274	0.000	0.002	-0.001	0.029	
24.10	0.264	0.274	-0.001	0.003	0.001	0.017	
24.15	0.264	0.274	0.000	0.012	0.001	0.011	
24.20	0.264	0.274	0.001	0.010	0.002	0.012	
24.25	0.264	0.274	0.002	0.003	0.002	0.012	
24.30	0.264	0.274	0.001	-0.002	0.003	0.008	
24.35	0.264	0.274	0.001	0.001	0.003	-0.001	
24.40	0.264	0.274	0.002	-0.001	0.002	-0.002	
24.45	0.264	0.275	0.002	-0.027	0.003	-0.003	
24.50	0.264	0.275	-0.001	-0.053	0.002	-0.007	
24.55	0.264	0.275	-0.004	-0.049	0.002	-0.013	
24.60	0.264	0.275	-0.011	0.036	0.001	-0.018	
24.65	0.262	0.275	-0.000	0.113	0.000	-0.017	
24.70	0.264	0.275	0.009	0.040	-0.000	-0.026	
24.75	0.264	0.275	0.003	-0.033	-0.003	-0.016	
24.80	0.264	0.274	0.001	-0.028	-0.003	0.014	
24.85	0.264	0.274	0.000	-0.013	-0.000	0.015	
24.90	0.264	0.275	0.001	-0.009	-0.000	-0.011	
24.95	0.264	0.275	-0.000	-0.015	-0.003	-0.012	
25.00	0.264	0.274	-0.001	-0.013	-0.003	0.008	
25.05	0.264	0.274	-0.002	-0.005	-0.001	0.006	
25.10	0.264	0.274	-0.002	0.001	-0.002	0.003	
25.15	0.264	0.274	-0.001	0.007	-0.001	0.013	
25.20	0.264	0.274	-0.001	0.007	0.000	0.007	
25.25	0.264	0.274	-0.001	0.009	-0.000	-0.001	
25.30	0.264	0.274	0.000	0.013	-0.001	0.013	
25.35	0.264	0.274	0.001	0.007	0.001	0.023	
25.40	0.264	0.274	0.001	0.002	0.003	0.003	
25.45	0.264	0.274	0.001	-0.001	0.001	-0.009	
25.50	0.264	0.274	0.000	-0.003	0.001	0.001	
25.55	0.264	0.274	0.000	0.003	0.001	0.009	
25.60	0.264	0.274	0.001	0.003	0.002	0.010	
25.65	0.264	0.274	0.001	0.002	0.003	0.002	
25.70	0.264	0.275	0.001	-0.000	0.003	-0.013	
25.75	0.264	0.275	0.001	-0.011	0.001	-0.015	
25.80	0.264	0.275	0.000	-0.015	0.000	-0.006	
25.85	0.264	0.275	-0.001	-0.005	0.001	-0.007	
25.90	0.264	0.275	-0.001	0.011	0.000	-0.012	
25.95	0.264	0.275	0.001	0.012	-0.001	-0.008	
26.00	0.264	0.275	0.001	-0.000	-0.001	-0.005	
26.05	0.264	0.275	0.000	-0.007	-0.001	-0.006	
26.10	0.264	0.275	0.000	-0.006	-0.001	-0.005	
26.15	0.264	0.275	-0.000	-0.006	-0.001	-0.013	
26.20	0.264	0.275	-0.000	-0.009	-0.003	-0.014	
26.25	0.264	0.274	-0.001	-0.007	-0.004	0.007	
26.30	0.264	0.274	-0.001	0.001	-0.002	0.025	
26.35	0.264	0.274	-0.001	0.002	-0.001	0.032	
26.40	0.264	0.274	-0.001	0.005	0.002	0.020	
26.45	0.264	0.274	-0.001	0.015	0.002	-0.008	
26.50	0.264	0.274	0.001	0.015	-0.000	-0.012	
26.55	0.264	0.274	0.001	0.005	-0.000	-0.001	
26.60	0.264	0.274	0.001	0.002	0.000	0.007	
26.65	0.264	0.274	0.001	0.000	0.001	0.007	
26.70	0.264	0.274	0.001	-0.008	0.001	0.008	
26.75	0.264	0.274	0.000	-0.011	0.002	0.011	
26.80	0.264	0.275	-0.000	-0.007	0.003	0.000	
26.85	0.264	0.275	-0.001	0.005	0.002	-0.011	
26.90	0.264	0.275	0.000	0.014	0.001	-0.016	
26.95	0.264	0.275	0.002	0.002	-0.000	-0.007	
27.00	0.264	0.275	0.001	-0.011	0.000	0.006	
27.05	0.264	0.275	0.000	-0.014	0.001	0.003	
27.10	0.264	0.275	-0.001	-0.014	0.001	-0.009	
27.15	0.264	0.275	-0.002	-0.003	-0.001	-0.011	
27.20	0.264	0.275	-0.001	0.013	-0.000	-0.008	
27.25	0.264	0.275	0.000	0.008	-0.001	-0.014	
27.30	0.264	0.275	-0.000	-0.003	-0.002	-0.010	
27.35	0.264	0.275	-0.001	-0.001	-0.002	-0.002	
27.40	0.264	0.274	-0.000	0.005	-0.002	0.006	
27.45	0.264	0.274	0.000	0.006	-0.001	0.007	
27.50	0.264	0.274	0.000	0.005	-0.002	0.002	
27.55	0.264	0.274	0.001	-0.003	-0.001	0.008	
27.60	0.264	0.274	0.000	-0.008	-0.001	0.017	
27.65	0.264	0.274	-0.001	-0.000	0.001	0.016	
27.70	0.264	0.274	0.000	0.007	0.001	0.005	
27.75	0.264	0.274	0.001	0.001	0.001	0.002	
27.80	0.264	0.274	0.000	-0.004	0.001	0.003	
27.85	0.264	0.274	-0.000	0.003	0.001	0.002	
27.90	0.264	0.275	0.001	0.004	0.001	0.009	
27.95	0.264	0.274	0.001	-0.008	0.002	0.013	
28.00	0.264	0.275	-0.001	-0.007	0.004	-0.010	
28.05	0.264	0.275	-0.001	0.008	0.001	-0.029	
28.10	0.264	0.275	0.001	0.011	-0.001	-0.015	
28.15	0.264	0.275	0.001	-0.001	-0.000	-0.001	
28.20	0.264	0.275	0.000	-0.007	-0.001	0.009	
28.25	0.264	0.275	0.000	-0.006	0.001	0.007	
28.30	0.264	0.275	-0.000	-0.004	0.001	-0.016	
28.35	0.264	0.275	-0.000	-0.006	-0.002	-0.020	
28.40	0.264	0.275	-0.001	-0.008	-0.002	0.002	
28.45	0.264	0.275	-0.000	-0.018	-0.000	0.001	
28.50	0.264	0.275	-0.003	-0.022	-0.001	-0.010	
28.55	0.264	0.274	-0.004	0.004	-0.002	-0.011	
28.60	0.264	0.275	-0.002	0.018	-0.003	-0.004	
28.65	0.264	0.274	-0.001	0.009	-0.003	0.012	
28.70	0.264	0.274	-0.001	0.001	-0.001	0.017	
28.75	0.264	0.274	-0.002	-0.003	-0.001	0.019	
28.80	0.263	0.274	-0.002	0.011	0.000	0.026	
28.85	0.263	0.274	-0.000	0.021	0.002	0.016	
28.90	0.263	0.274	0.001	0.015	0.003	-0.005	
28.95	0.264	0.274	0.001	0.003	0.002	-0.018	
29.00	0.264	0.275	0.001	0.001	0.000	-0.016	
29.05	0.264	0.274	0.001	0.002	-0.001	0.001	
29.10	0.264	0.274	0.001	-0.002	0.000	0.017	
29.15	0.264	0.274	0.001	0.001	0.002	0.010	
29.20	0.264	0.275	0.001	0.003	0.002	-0.004	
29.25	0.264	0.275	0.002	-0.002	0.001	-0.012	
29.30	0.264	0.275	0.001	-0.009	0.000	-0.011	
29.35	0.264	0.275	0.000	-0.011	-0.000	0.001	
29.40	0.264	0.275	0.000	-0.007	0.001	0.003	
29.45	0.264	0.275	-0.000	-0.006	0.001	-0.010	
29.50	0.264	0.275	-0.001	-0.002	-0.001	-0.013	
29.55	0.264	0.275	0.000	-0.008	-0.001	-0.003	
29.60	0.264	0.275	-0.001	-0.016	-0.001	-0.002	
29.65	0.264	0.275	-0.002	-0.005	-0.001	-0.005	
29.70	0.264	0.275	-0.002	0.005	-0.001	-0.011	
29.75	0.264	0.275	-0.002	0.008	-0.003	-0.011	
29.80	0.264	0.274	-0.001	0.005	-0.003	0.003	
29.85	0.264	0.274	-0.001	0.005	-0.002	0.012	
29.90	0.263	0.274	-0.001	0.015	-0.001	0.018	
29.95	0.263	0.274	0.001	0.014	-0.000	0.021	
30.00	0.264	0.274	0.001	0.002	0.001	0.020	
30.05	0.264	0.274	0.000	0.001	0.002	0.010	
30.10	0.264	0.274	0.001	0.010	0.002	-0.010	
30.15	0.264	0.274	0.002	0.014	0.000	-0.009	
30.20	0.264	0.274	0.003	0.004	0.001	0.000	
30.25	0.264	0.275	0.003	-0.013	0.001	-0.004	
30.30	0.264	0.274	0.001	-0.019	-0.000	0.003	
30.35	0.264	0.274	0.000	-0.013	0.002	0.004	
30.40	0.264	0.275	-0.000	-0.009	0.001	-0.000	
30.45	0.264	0.274	-0.001	-0.001	0.001	0.009	
30.50	0.264	0.275	-0.000	0.003	0.002	0.003	
30.55	0.264	0.275	-0.000	-0.001	0.002	-0.012	
30.60	0.264	0.275	-0.000	-0.007	0.001	-0.025	
30.65	0.264	0.275	-0.001	-0.005	-0.001	-0.027	
30.70	0.264	0.275	-0.001	0.005	-0.003	-0.011	
30.75	0.264	0.275	-0.000	0.007	-0.003	0.006	
30.80	0.264	0.274	-0.000	0.002	-0.001	0.006	
30.85	0.264	0.275	-0.000	-0.002	-0.001	-0.007	
30.90	0.264	0.274	-0.001	0.004	-0.003	0.000	
30.95	0.264	0.274	0.000	0.010	-0.002	0.016	
31.00	0.264	0.274	0.001	0.003	-0.000	0.010	
31.05	0.264	0.274	0.000	-0.005	-0.001	0.006	
31.10	0.264	0.274	0.000	-0.006	-0.000	0.017	
31.15	0.264	0.274	-0.000	-0.005	0.002	0.012	
31.20	0.264	0.274	-0.001	0.003	0.001	-0.004	
31.25	0.264	0.274	0.000	0.010	0.000	-0.004	
31.30	0.264	0.274	0.001	0.004	0.000	0.007	
31.35	0.264	0.274	0.000	-0.002	0.001	0.018	
31.40	0.264	0.274	0.000	0.002	0.003	0.008	
31.45	0.264	0.275	0.000	0.007	0.003	-0.016	
31.50	0.264	0.275	0.001	0.004	0.001	-0.021	
31.55	0.264	0.275	0.001	-0.005	-0.000	-0.007	
31.60	0.264	0.275	0.000	-0.008	0.001	0.000	
31.65	0.264	0.275	0.000	-0.003	0.000	-0.003	
31.70	0.264	0.275	0.000	0.003	-0.000	0.000	
31.75	0.264	0.275	0.000	0.007	0.001	-0.010	
31.80	0.264	0.275	0.001	0.003	-0.001	-0.020	
31.85	0.264	0.275	0.001	-0.010	-0.003	0.001	
31.90	0.264	0.274	0.000	-0.016	-0.001	0.015	
31.95	0.264	0.275	-0.001	-0.011	0.000	-0.000	
32.00	0.264	0.275	-0.001	-0.002	-0.001	-0.011	
32.05	0.264	0.274	-0.001	-0.001	-0.002	-0.004	
32.10	0.264	0.274	-0.001	-0.002	-0.002	0.013	
32.15	0.264	0.274	-0.001	0.003	-0.000	0.024	
32.20	0.264	0.274	-0.001	0.004	0.002	0.010	
32.25	0.264	0.274	-0.001	0.007	0.001	-0.003	
32.30	0.264	0.274	-0.000	0.011	0.000	-0.003	
32.35	0.264	0.274	0.000	0.012	0.001	-0.007	
32.40	0.264	0.275	0.001	0.008	-0.000	-0.011	
32.45	0.264	0.274	0.001	0.000	-0.001	-0.002	
32.50	0.264	0.274	0.001	0.002	-0.001	0.017	
32.55	0.264	0.274	0.001	0.003	0.001	0.023	
32.60	0.264	0.275	0.002	-0.002	0.003	0.009	
32.65	0.264	0.275	0.001	-0.008	0.002	-0.006	
32.70	0.264	0.275	0.000	-0.010	0.002	-0.019	
32.75	0.264	0.275	0.000	-0.007	-0.000	-0.018	
32.80	0.264	0.275	-0.000	-0.007	-0.001	-0.003	
32.85	0.264	0.275	-0.000	-0.009	0.000	-0.005	
32.90	0.264	0.275	-0.001	-0.007	-0.001	-0.018	
32.95	0.264	0.275	-0.001	-0.001	-0.002	-0.013	
33.00	0.264	0.274	-0.001	-0.003	-0.003	0.006	
33.05	0.264	0.274	-0.002	-0.006	-0.001	0.017	
33.10	0.264	0.274	-0.002	0.004	0.000	0.007	
33.15	0.264	0.275	-0.001	0.007	-0.000	-0.010	
33.20	0.264	0.274	-0.001	-0.000	-0.002	-0.004	
33.25	0.264	0.274	-0.002	0.007	-0.001	0.011	
33.30	0.263	0.274	-0.000	0.017	0.000	0.009	
33.35	0.264	0.274	0.001	0.011	-0.001	0.008	
33.40	0.264	0.274	0.001	0.008	0.000	0.014	
33.45	0.264	0.274	0.001	0.007	0.002	0.004	
33.50	0.264	0.274	0.002	0.004	0.001	-0.005	
33.55	0.264	0.274	0.002	0.001	0.000	-0.000	
33.60	0.264	0.274	0.002	-0.002	0.001	0.001	
33.65	0.264	0.275	0.002	-0.005	0.001	0.004	
33.70	0.264	0.274	0.001	-0.010	0.001	0.010	
33.75	0.264	0.275	0.000	-0.012	0.003	-0.002	
33.80	0.264	0.275	0.000	-0.010	0.001	-0.014	
33.85	0.264	0.275	-0.000	-0.010	-0.000	-0.002	
33.90	0.264	0.275	-0.001	-0.006	0.002	-0.004	
33.95	0.264	0.275	-0.001	0.003	0.000	-0.016	
34.00	0.264	0.275	-0.000	0.004	-0.001	-0.015	
34.05	0.264	0.275	-0.000	-0.002	-0.001	-0.015	
34.10	0.264	0.275	-0.001	0.000	-0.003	-0.009	
34.15	0.264	0.274	-0.001	0.010	-0.003	0.010	
34.20	0.264	0.274	0.001	0.010	-0.001	0.021	
34.25	0.264	0.274	0.000	0.003	0.001	0.013	
34.30	0.264	0.274	0.000	0.003	0.001	-0.008	
34.35	0.264	0.274	0.001	-0.001	-0.002	-0.007	
34.40	0.264	0.274	0.000	-0.004	-0.001	0.003	
34.45	0.264	0.274	0.000	-0.000	-0.000	0.002	
34.50	0.264	0.274	0.000	0.003	-0.001	0.008	
34.55	0.264	0.274	0.001	-0.004	0.000	0.015	
34.60	0.264	0.274	0.000	-0.022	0.001	0.013	
34.65	0.264	0.274	-0.001	-0.039	0.002	0.004	
34.70	0.264	0.274	-0.004	-0.044	0.002	-0.002	
34.75	0.264	0.275	-0.011	0.036	0.001	-0.005	
34.80	0.262	0.274	-0.001	0.122	0.000	0.005	
34.85	0.264	0.274	0.011	0.053	0.002	0.007	
34.90	0.264	0.275	0.005	-0.035	0.002	-0.012	
34.95	0.264	0.275	0.002	-0.038	-0.000	-0.013	
35.00	0.264	0.275	0.001	-0.017	0.000	-0.004	
35.05	0.264	0.275	0.001	-0.007	0.000	-0.009	
35.10	0.264	0.275	0.001	-0.014	-0.001	-0.012	
35.15	0.264	0.275	-0.001	-0.012	-0.001	-0.006	
35.20	0.264	0.275	-0.001	0.003	-0.001	-0.005	
35.25	0.264	0.275	-0.000	0.008	-0.002	-0.001	
35.30	0.264	0.274	0.001	-0.004	-0.001	0.008	
35.35	0.264	0.274	-0.000	-0.016	-0.000	-0.002	
35.40	0.264	0.274	-0.002	-0.009	-0.002	-0.005	
35.45	0.264	0.274	-0.002	0.005	-0.002	0.006	
35.50	0.264	0.274	-0.001	0.006	-0.001	0.009	
35.55	0.264	0.274	-0.001	0.006	-0.001	0.015	
35.60	0.264	0.274	-0.000	0.008	0.000	0.023	
35.65	0.264	0.274	0.000	0.005	0.002	0.013	
35.70	0.264	0.274	0.000	0.002	0.002	-0.009	
35.75	0.264	0.274	0.001	-0.006	0.001	-0.017	
35.80	0.264	0.274	-0.001	-0.004	0.000	-0.009	
35.85	0.264	0.274	-0.001	0.012	-0.001	0.004	
35.90	0.264	0.274	0.001	0.017	0.001	0.009	
35.95	0.264	0.275	0.002	0.010	0.001	-0.001	
36.00	0.264	0.274	0.002	0.002	0.000	-0.003	
36.05	0.264	0.275	0.002	-0.012	0.000	0.003	
36.10	0.264	0.274	0.000	-0.019	0.001	0.008	
36.15	0.264	0.275	-0.001	-0.009	0.002	-0.003	
36.20	0.264	0.275	-0.000	-0.001	0.001	-0.021	
36.25	0.264	0.275	-0.000	-0.004	-0.002	-0.014	
36.30	0.264	0.274	-0.000	-0.010	-0.001	0.005	
36.35	0.264	0.275	-0.002	-0.009	0.000	-0.000	
36.40	0.264	0.275	-0.002	0.005	-0.001	-0.015	
36.45	0.264	0.275	-0.001	0.013	-0.002	-0.013	
36.50	0.264	0.274	-0.000	0.008	-0.003	0.004	
36.55	0.264	0.274	0.000	0.003	-0.001	0.008	
36.60	0.264	0.274	0.000	-0.001	-0.001	0.005	
36.65	0.264	0.274	-0.000	-0.003	-0.001	0.012	
36.70	0.264	0.274	-0.000	-0.004	-0.000	0.018	
36.75	0.264	0.274	-0.001	0.002	0.001	0.021	
36.80	0.264	0.274	-0.000	0.009	0.002	0.011	
36.85	0.264	0.274	0.000	0.011	0.002	-0.009	
36.90	0.264	0.274	0.001	0.006	0.001	-0.016	
36.95	0.264	0.274	0.001	-0.004	0.000	-0.009	
37.00	0.264	0.274	0.000	-0.006	0.000	-0.003	
37.05	0.264	0.274	0.000	-0.001	0.000	0.002	
37.10	0.264	0.274	0.000	0.005	0.000	0.007	
37.15	0.264	0.274	0.001	0.004	0.001	0.012	
37.20	0.264	0.274	0.001	0.003	0.002	0.009	
37.25	0.264	0.275	0.001	0.001	0.003	-0.014	
37.30	0.264	0.275	0.001	-0.008	-0.000	-0.024	
37.35	0.264	0.274	0.000	-0.013	-0.002	-0.004	
37.40	0.264	0.275	-0.000	-0.014	0.001	-0.003	
37.45	0.264	0.275	-0.001	-0.010	-0.002	-0.006	
37.50	0.264	0.274	-0.002	-0.001	-0.001	0.006	
37.55	0.264	0.275	-0.001	0.006	0.000	-0.006	
37.60	0.264	0.275	-0.000	0.005	-0.002	-0.002	
37.65	0.264	0.274	-0.000	-0.003	-0.001	0.020	
37.70	0.264	0.274	-0.001	-0.002	0.001	0.012	
37.75	0.264	0.274	-0.001	0.008	0.000	-0.003	
37.80	0.264	0.274	-0.000	0.011	0.000	-0.004	
37.85	0.264	0.274	0.001	0.002	0.000	-0.002	
37.90	0.264	0.274	0.000	-0.007	0.000	-0.001	
37.95	0.264	0.274	-0.001	-0.001	0.000	-0.000	
38.00	0.264	0.274	-0.000	0.008	0.000	0.000	
38.05	0.264	0.274	0.000	0.011	0.000	0.000	
38.10	0.264	0.274	0.001	0.006	0.000	0.000	
38.15	0.264	0.274	0.001	-0.004	0.000	0.002	
38.20	0.264	0.274	0.000	-0.008	0.000	0.004	
38.25	0.264	0.274	0.000	-0.005	0.000	0.006	
38.30	0.264	0.274	0.000	-0.002	0.001	0.001	
38.35	0.264	0.275	0.000	-0.000	0.001	-0.011	
38.40	0.264	0.275	0.000	0.002	-0.001	-0.009	
38.45	0.264	0.274	0.000	0.005	-0.001	0.005	
38.50	0.264	0.274	0.000	0.008	0.001	0.004	
38.55	0.264	0.275	0.001	0.004	0.000	-0.010	
38.60	0.264	0.275	0.001	-0.007	-0.002	-0.005	
38.65	0.264	0.274	0.000	-0.014	-0.001	0.013	
38.70	0.264	0.274	-0.000	-0.017	0.001	0.005	
38.75	0.264	0.275	-0.002	-0.015	0.000	-0.012	
38.80	0.264	0.274	-0.002	-0.000	-0.001	-0.008	
38.85	0.264	0.274	-0.002	0.014	-0.001	0.004	
38.90	0.264	0.274	-0.000	0.014	-0.000	0.008	
38.95	0.264	0.274	0.000	0.007	0.000	-0.002	
39.00	0.264	0.274	0.001	-0.003	-0.001	-0.004	
39.05	0.264	0.274	-0.001	-0.002	-0.001	0.008	
39.10	0.264	0.274	-0.000	0.013	0.001	0.007	
39.15	0.264	0.274	0.002	0.009	0.001	-0.006	
39.20	0.264	0.274	0.001	-0.007	-0.001	-0.005	
39.25	0.264	0.274	-0.000	-0.001	-0.001	0.011	
39.30	0.264	0.274	0.000	0.012	0.002	0.009	
39.35	0.264	0.275	0.002	0.009	0.001	-0.001	
39.40	0.264	0.274	0.002	-0.002	0.001	0.001	
39.45	0.264	0.275	0.001	-0.002	0.002	-0.009	
39.50	0.264	0.275	0.002	-0.008	-0.000	-0.015	
39.55	0.264	0.274	0.000	-0.016	-0.000	-0.009	
39.60	0.264	0.275	-0.001	-0.010	-0.001	-0.003	
39.65	0.264	0.274	0.000	-0.016	-0.001	0.010	
39.70	0.264	0.274	-0.002	-0.023	0.000	0.014	
39.75	0.264	0.274	-0.004	-0.007	0.001	0.005	
39.80	0.264	0.275	-0.003	0.015	0.001	-0.008	
39.85	0.264	0.274	-0.001	0.018	-0.001	-0.002	
39.90	0.264	0.274	-0.000	0.008	0.001	0.003	
39.95	0.264	0.275	-0.001	0.007	0.001	-0.013	
40.00	0.264	0.274	0.000	0.009	-0.001	-0.019	
40.05	0.264	0.274	0.001	0.000	-0.002	-0.005	
40.10	0.264	0.274	0.000	-0.007	-0.002	0.009	
40.15	0.264	0.274	-0.001	0.000	-0.001	0.013	
40.20	0.264	0.274	0.000	0.009	-0.001	0.020	
40.25	0.264	0.274	0.001	0.005	0.001	0.030	
40.30	0.264	0.274	0.000	0.001	0.004	0.015	
40.35	0.264	0.275	0.000	0.005	0.004	-0.020	
40.40	0.264	0.275	0.001	0.003	0.000	-0.034	
40.45	0.264	0.275	0.001	-0.005	-0.002	-0.012	
40.50	0.264	0.274	0.000	-0.007	-0.001	0.014	
40.55	0.264	0.274	0.000	-0.002	0.001	0.009	
40.60	0.264	0.275	0.000	0.001	0.000	-0.006	
40.65	0.264	0.274	0.001	-0.004	-0.000	-0.006	
40.70	0.264	0.275	0.000	-0.011	-0.001	0.003	
40.75	0.264	0.274	-0.001	-0.008	0.000	0.012	
40.80	0.264	0.275	-0.001	-0.005	0.002	-0.002	
40.85	0.264	0.275	-0.001	-0.002	0.000	-0.016	
40.90	0.264	0.275	-0.001	0.008	-0.001	-0.011	
40.95	0.264	0.274	-0.000	0.011	-0.001	0.002	
41.00	0.264	0.274	0.000	0.008	-0.000	0.007	
41.05	0.264	0.274	0.001	-0.001	-0.000	0.003	
41.10	0.264	0.274	0.000	-0.009	-0.000	-0.003	
41.15	0.264	0.274	-0.001	-0.003	-0.000	-0.008	
41.20	0.264	0.274	-0.000	0.003	-0.001	-0.004	
41.25	0.264	0.274	-0.000	0.003	-0.001	0.006	
41.30	0.264	0.274	0.000	0.003	-0.000	0.011	
41.35	0.264	0.274	0.000	0.005	0.000	0.008	
41.40	0.264	0.274	0.000	0.008	0.001	0.000	
41.45	0.264	0.274	0.001	0.007	0.000	-0.006	
41.50	0.264	0.274	0.001	-0.001	-0.001	0.001	
41.55	0.264	0.274	0.001	-0.002	0.001	0.003	
41.60	0.264	0.274	0.001	-0.004	0.000	-0.001	
41.65	0.264	0.274	0.001	-0.015	-0.000	0.006	
41.70	0.264	0.274	-0.001	-0.013	0.001	-0.000	
41.75	0.264	0.275	-0.001	0.000	0.000	-0.011	
41.80	0.264	0.274	-0.000	0.006	-0.001	0.002	
41.85	0.264	0.274	-0.000	0.004	0.001	0.006	
41.90	0.264	0.275	0.000	0.002	-0.000	0.002	
41.95	0.264	0.274	0.000	0.000	0.001	0.006	
42.00	0.264	0.275	0.000	0.000	0.002	-0.017	
42.05	0.264	0.275	0.000	0.000	-0.002	-0.026	
42.10	0.264	0.274	0.000	-0.000	-0.002	-0.005	
42.15	0.264	0.274	0.000	-0.000	-0.002	0.011	
42.20	0.264	0.274	0.000	-0.001	-0.001	0.013	
42.25	0.264	0.274	-0.000	-0.003	-0.000	0.008	
42.30	0.264	0.274	-0.000	-0.005	-0.000	0.011	
42.35	0.264	0.274	-0.001	0.000	0.002	0.003	
42.40	0.264	0.274	-0.000	0.007	0.000	-0.008	
42.45	0.264	0.274	0.000	0.008	-0.000	-0.001	
42.50	0.264	0.274	0.000	0.009	0.001	-0.000	
42.55	0.264	0.274	0.001	0.004	-0.000	-0.004	
42.60	0.264	0.274	0.001	-0.006	-0.001	0.005	
42.65	0.264	0.274	0.000	-0.010	0.000	0.015	
42.70	0.264	0.274	-0.001	0.000	0.002	0.006	
42.75	0.264	0.274	0.001	0.003	0.001	-0.004	
42.80	0.264	0.274	0.000	-0.003	0.001	-0.006	
42.85	0.264	0.275	0.000	-0.005	0.000	-0.007	
42.90	0.264	0.274	-0.000	-0.006	-0.000	0.004	
42.95	0.264	0.274	-0.001	-0.000	0.002	-0.001	
43.00	0.264	0.275	-0.000	0.005	0.000	-0.014	
43.05	0.264	0.274	-0.000	0.003	-0.001	-0.010	
43.10	0.264	0.274	0.000	0.001	-0.001	-0.003	
43.15	0.264	0.274	0.000	-0.000	-0.002	0.009	
43.20	0.264	0.274	0.000	-0.001	0.001	0.014	
43.25	0.264	0.275	-0.000	-0.003	0.001	-0.000	
43.30	0.264	0.274	-0.000	-0.005	-0.000	-0.003	
43.35	0.264	0.274	-0.001	0.000	0.001	-0.007	
43.40	0.264	0.274	-0.000	0.007	-0.000	-0.016	
43.45	0.264	0.274	0.000	0.008	-0.002	-0.005	
43.50	0.264	0.274	0.000	0.009	-0.001	0.013	
43.55	0.264	0.274	0.001	0.004	-0.000	0.019	
43.60	0.264	0.274	0.001	-0.008	0.001	0.009	
43.65	0.264	0.274	0.000	-0.013	0.001	-0.006	
43.70	0.264	0.274	-0.001	-0.005	0.000	-0.011	
43.75	0.264	0.274	-0.000	0.003	-0.001	-0.001	
43.80	0.264	0.274	-0.000	0.003	0.000	0.011	
43.85	0.264	0.274	0.000	0.001	0.001	0.009	
43.90	0.264	0.274	0.000	-0.001	0.001	0.005	
43.95	0.264	0.274	-0.000	-0.005	0.002	-0.007	
44.00	0.264	0.275	-0.000	-0.008	0.000	-0.018	
44.05	0.264	0.274	-0.001	-0.004	-0.001	-0.011	
44.10	0.264	0.274	-0.001	0.007	-0.001	-0.002	
44.15	0.264	0.274	-0.000	0.013	-0.002	0.011	
44.20	0.264	0.274	0.000	0.013	0.001	0.016	
44.25	0.264	0.275	0.001	0.006	0.002	-0.004	
44.30	0.264	0.274	0.001	-0.006	-0.001	-0.005	
44.35	0.264	0.274	0.000	-0.013	0.001	0.001	
44.40	0.264	0.275	-0.000	-0.013	0.000	-0.011	
44.45	0.264	0.274	-0.001	-0.006	-0.002	-0.006	
44.50	0.264	0.274	-0.001	0.006	-0.000	0.005	
44.55	0.264	0.274	-0.000	0.011	-0.000	0.002	
44.60	0.264	0.274	0.000	0.010	-0.000	-0.002	
44.65	0.264	0.274	0.001	0.003	-0.000	-0.006	
44.70	0.264	0.274	0.000	-0.003	-0.002	0.004	
44.75	0.264	0.274	0.000	-0.003	0.000	0.010	
44.80	0.264	0.274	0.001	-0.009	0.000	0.005	
44.85	0.264	0.274	-0.001	-0.011	-0.000	0.014	
44.90	0.264	0.274	-0.001	-0.003	0.002	0.012	
44.95	0.264	0.274	-0.000	-0.014	0.002	-0.003	
45.00	0.264	0.274	-0.001	-0.047	0.001	-0.013	
45.05	0.264	0.275	-0.005	-0.073	0.000	-0.016	
45.10	0.264	0.274	-0.014	-0.002	-0.001	-0.007	
45.15	0.262	0.274	-0.010	0.154	-0.000	-0.002	
45.20	0.262	0.274	0.010	0.153	-0.000	-0.005	
45.25	0.264	0.274	0.014	-0.007	-0.001	-0.003	
45.30	0.264	0.274	0.005	-0.097	-0.001	0.007	
45.35	0.264	0.274	-0.000	-0.107	-0.000	0.013	
45.40	0.264	0.274	-0.005	-0.104	0.000	0.012	
45.45	0.264	0.274	-0.015	-0.028	0.001	0.005	
45.50	0.262	0.274	-0.012	0.103	0.001	-0.009	
45.55	0.262	0.274	0.006	0.064	0.000	-0.018	
45.60	0.264	0.274	-0.001	-0.055	-0.001	-0.014	
45.65	0.262	0.274	-0.009	-0.020	-0.002	-0.005	
45.70	0.262	0.274	-0.004	0.033	-0.002	0.004	
45.75	0.262	0.274	-0.002	0.032	-0.001	0.014	
45.80	0.262	0.274	-0.001	0.031	-0.000	0.020	
45.85	0.262	0.274	0.001	0.034	0.001	0.019	
45.90	0.262	0.274	0.002	0.050	0.003	-0.001	
45.95	0.262	0.275	0.004	0.090	0.001	-0.024	
46.00	0.262	0.274	0.014	0.066	-0.002	-0.006	
46.05	0.264	0.274	0.016	-0.047	0.000	0.015	
46.10	0.264	0.274	0.006	-0.097	0.001	0.009	
46.15	0.264	0.274	0.002	-0.066	0.001	0.006	
46.20	0.264	0.274	0.000	-0.044	0.002	-0.004	
46.25	0.264	0.275	-0.001	-0.045	0.001	-0.012	
46.30	0.264	0.274	-0.003	-0.062	0.000	-0.008	
46.35	0.264	0.275	-0.011	-0.016	-0.000	-0.006	
46.40	0.262	0.274	-0.005	0.034	-0.000	-0.004	
46.45	0.264	0.275	-0.004	0.009	-0.001	0.001	
46.50	0.262	0.274	-0.009	0.057	-0.000	0.005	
46.55	0.262	0.275	0.006	0.029	0.000	-0.003	
46.60	0.264	0.274	-0.002	-0.061	-0.001	-0.004	
46.65	0.262	0.274	-0.010	0.016	-0.001	0.007	
46.70	0.262	0.274	-0.000	0.091	0.001	0.004	
46.75	0.262	0.275	0.009	0.005	0.000	-0.013	
46.80	0.264	0.274	0.000	-0.089	-0.002	-0.011	
46.85	0.262	0.274	-0.009	-0.029	-0.001	0.007	
46.90	0.262	0.274	-0.002	0.036	-0.000	0.012	
46.95	0.262	0.274	-0.001	0.027	0.000	0.010	
47.00	0.262	0.274	0.000	0.017	0.001	0.002	
47.05	0.262	0.274	0.000	0.024	0.000	-0.003	
47.10	0.262	0.274	0.001	0.058	-0.000	0.007	
47.15	0.262	0.274	0.005	0.101	0.002	0.006	
47.20	0.262	0.275	0.015	0.066	0.001	-0.002	
47.25	0.264	0.274	0.016	-0.053	0.001	0.003	
47.30	0.264	0.275	0.006	-0.103	0.002	-0.005	
47.35	0.264	0.275	0.001	-0.069	-0.000	-0.007	
47.40	0.264	0.274	-0.000	-0.034	0.001	-0.004	
47.45	0.264	0.275	-0.001	-0.011	0.000	-0.008	
47.50	0.264	0.274	-0.001	0.004	-0.001	-0.001	
47.55	0.264	0.275	-0.000	0.008	0.000	-0.003	
47.60	0.264	0.275	-0.000	0.005	-0.001	-0.007	
47.65	0.264	0.274	0.000	0.002	-0.001	-0.005	
47.70	0.264	0.275	0.000	0.000	-0.001	-0.002	
47.75	0.264	0.274	0.000	0.000	-0.001	0.008	
47.80	0.264	0.274	0.000	0.000	-0.000	0.009	
47.85	0.264	0.274	0.000	0.002	0.000	-0.001	
47.90	0.264	0.275	0.000	0.005	-0.001	-0.003	
47.95	0.264	0.274	0.000	0.008	-0.001	0.007	
48.00	0.264	0.274	0.001	0.005	0.001	-0.001	
48.05	0.264	0.274	0.001	-0.005	-0.001	-0.010	
48.10	0.264	0.274	0.000	-0.008	-0.001	0.002	
48.15	0.264	0.274	0.000	-0.005	-0.000	0.008	
48.20	0.264	0.274	0.000	-0.003	0.000	0.008	
48.25	0.264	0.274	-0.000	-0.003	0.001	0.000	
48.30	0.264	0.274	-0.000	-0.003	0.000	-0.005	
48.35	0.264	0.274	-0.001	0.003	-0.000	0.005	
48.40	0.264	0.274	0.000	0.008	0.001	0.010	
48.45	0.264	0.274	0.001	-0.001	0.001	0.001	
48.50	0.264	0.274	-0.000	-0.008	0.001	-0.002	
48.55	0.264	0.274	-0.001	0.002	0.001	-0.005	
48.60	0.264	0.275	-0.000	0.019	0.000	-0.008	
48.65	0.264	0.274	0.002	0.017	0.000	-0.007	
48.70	0.264	0.275	0.002	-0.007	-0.000	-0.009	
48.75	0.264	0.274	0.001	-0.017	-0.001	-0.007	
48.80	0.264	0.274	-0.000	-0.014	-0.001	-0.004	
48.85	0.264	0.274	-0.001	-0.007	-0.002	0.008	
48.90	0.264	0.274	-0.000	-0.004	-0.001	0.024	
48.95	0.264	0.274	-0.001	-0.010	0.002	0.008	
49.00	0.264	0.275	-0.002	-0.003	0.000	-0.013	
49.05	0.264	0.274	-0.002	0.010	-0.001	-0.006	
49.10	0.264	0.274	-0.000	0.012	-0.000	0.004	
49.15	0.264	0.274	-0.000	0.008	0.000	0.007	
49.20	0.264	0.274	0.000	0.007	0.001	-0.000	
49.25	0.264	0.274	0.000	0.009	0.000	-0.008	
49.30	0.264	0.274	0.001	0.006	-0.000	-0.008	
49.35	0.264	0.274	0.001	-0.002	-0.001	0.003	
49.40	0.264	0.274	0.001	-0.005	-0.000	0.019	
49.45	0.264	0.274	0.001	-0.008	0.002	0.013	
49.50	0.264	0.275	0.000	-0.010	0.002	-0.012	
49.55	0.264	0.275	-0.001	-0.000	-0.000	-0.016	
49.60	0.264	0.274	0.000	0.008	-0.001	0.002	
49.65	0.264	0.274	0.001	0.004	0.000	0.012	
49.70	0.264	0.274	0.000	-0.000	0.002	-0.001	
49.75	0.264	0.275	0.000	0.002	0.000	-0.017	
49.80	0.264	0.274	0.001	-0.002	-0.001	-0.014	
49.85	0.264	0.275	0.000	-0.007	-0.002	-0.003	
49.90	0.264	0.274	0.000	-0.006	-0.001	0.007	
49.95	0.264	0.274	-0.000	-0.007	-0.000	0.010	
50.00	0.264	0.274	-0.001	-0.002	-0.000	0.006	
50.05	0.264	0.274	-0.000	-0.000	0.000	0.004	
50.10	0.264	0.274	-0.000	-0.006	0.000	0.004	
50.15	0.264	0.274	-0.001	-0.006	0.001	0.001	
50.20	0.264	0.274	-0.002	0.002	-0.000	0.004	
50.25	0.264	0.274	-0.001	0.012	0.001	0.005	
50.30	0.264	0.275	0.000	0.016	0.002	-0.016	
50.35	0.264	0.275	0.001	0.006	-0.001	-0.024	
50.40	0.264	0.274	0.001	-0.009	-0.002	-0.007	
50.45	0.264	0.274	-0.001	-0.008	-0.002	0.015	
50.50	0.264	0.274	-0.001	0.008	-0.000	0.024	
50.55	0.264	0.274	0.001	0.011	0.001	0.024	
50.60	0.264	0.274	0.001	-0.000	0.003	0.004	
50.65	0.264	0.275	0.000	-0.006	0.002	-0.025	
50.70	0.264	0.275	0.000	-0.003	-0.001	-0.018	
50.75	0.264	0.274	0.000	0.002	-0.001	0.008	
50.80	0.264	0.274	0.000	0.005	0.001	0.012	
50.85	0.264	0.275	0.001	-0.002	0.002	-0.007	
50.90	0.264	0.275	0.001	-0.018	-0.000	-0.016	
50.95	0.264	0.274	-0.001	-0.022	-0.001	-0.006	
51.00	0.264	0.275	-0.002	-0.008	-0.000	-0.008	
51.05	0.264	0.275	-0.002	0.008	-0.002	-0.006	
51.10	0.264	0.274	-0.001	0.015	-0.001	0.009	
51.15	0.264	0.274	-0.000	0.016	-0.000	0.012	
51.20	0.264	0.274	0.001	0.004	0.000	0.010	
51.25	0.264	0.274	0.000	-0.006	0.000	0.009	
51.30	0.264	0.274	-0.000	-0.006	0.001	0.002	
51.35	0.264	0.275	-0.001	0.002	0.001	-0.010	
51.40	0.264	0.274	0.000	0.011	-0.001	-0.009	
51.45	0.264	0.274	0.001	0.006	-0.000	-0.001	
51.50	0.264	0.274	0.001	0.002	-0.000	0.002	
51.55	0.264	0.274	0.001	-0.001	-0.000	0.010	
51.60	0.264	0.274	0.000	-0.003	0.001	0.009	
51.65	0.264	0.275	0.000	0.001	0.002	-0.011	
51.70	0.264	0.275	0.001	-0.001	-0.001	-0.015	
51.75	0.264	0.274	0.000	-0.003	-0.002	0.008	
51.80	0.264	0.274	0.000	0.001	0.001	0.017	
51.85	0.264	0.275	0.000	0.006	0.002	-0.003	
51.90	0.264	0.275	0.001	0.004	0.000	-0.019	
51.95	0.264	0.275	0.001	-0.007	-0.001	-0.011	
52.00	0.264	0.274	0.000	-0.013	-0.002	0.011	
52.05	0.264	0.274	-0.000	-0.013	0.001	0.018	
52.10	0.264	0.275	-0.001	-0.007	0.002	-0.003	
52.15	0.264	0.275	-0.001	0.004	-0.000	-0.015	
52.20	0.264	0.274	-0.000	0.006	-0.000	-0.014	
52.25	0.264	0.275	-0.000	0.000	-0.001	-0.017	
52.30	0.264	0.274	-0.000	-0.006	-0.003	-0.001	
52.35	0.264	0.274	-0.001	-0.002	-0.002	0.029	
52.40	0.264	0.274	-0.001	0.011	0.001	0.027	
52.45	0.264	0.274	0.000	0.020	0.002	0.004	
52.50	0.264	0.274	0.002	0.016	0.001	-0.010	
52.55	0.264	0.275	0.002	-0.003	0.000	-0.015	
52.60	0.264	0.274	0.001	-0.020	-0.001	-0.005	
52.65	0.264	0.274	-0.001	-0.017	-0.000	0.004	
52.70	0.264	0.274	-0.001	-0.002	-0.000	0.006	
52.75	0.264	0.274	-0.000	0.006	0.000	0.009	
52.80	0.264	0.274	-0.000	0.004	0.001	0.011	
52.85	0.264	0.274	0.000	0.002	0.002	0.001	
52.90	0.264	0.275	0.000	0.000	0.001	-0.014	
52.95	0.264	0.275	0.000	0.000	-0.001	-0.003	
53.00	0.264	0.274	0.000	-0.000	0.001	0.007	
53.05	0.264	0.275	0.000	-0.000	0.001	-0.009	
53.10	0.264	0.275	0.000	-0.002	-0.001	-0.010	
53.15	0.264	0.274	-0.000	-0.004	-0.000	0.001	
53.20	0.264	0.275	-0.000	-0.006	0.000	-0.007	
53.25	0.264	0.275	-0.001	-0.000	-0.002	-0.004	
53.30	0.264	0.274	-0.001	0.013	-0.001	0.005	
53.35	0.264	0.275	0.001	0.013	-0.000	0.003	
53.40	0.264	0.274	0.001	-0.001	-0.001	0.008	
53.45	0.264	0.274	0.000	-0.008	0.001	0.007	
53.50	0.264	0.274	0.000	-0.009	0.000	0.003	
53.55	0.264	0.274	-0.000	-0.010	0.000	0.006	
53.60	0.264	0.274	-0.001	-0.005	0.001	0.002	
53.65	0.264	0.275	-0.001	0.005	0.001	-0.010	
53.70	0.264	0.275	-0.000	0.008	0.000	-0.016	
53.75	0.264	0.275	-0.000	0.005	-0.001	-0.008	
53.80	0.264	0.274	0.000	0.004	-0.001	0.007	
53.85	0.264	0.274	0.000	0.005	0.000	0.015	
53.90	0.264	0.274	0.000	0.007	0.001	0.008	
53.95	0.264	0.275	0.001	0.003	0.001	-0.004	
54.00	0.264	0.275	0.001	-0.005	-0.000	-0.003	
54.05	0.264	0.274	-0.000	0.000	0.001	-0.001	
54.10	0.264	0.275	0.001	0.006	0.001	-0.012	
54.15	0.264	0.275	0.001	-0.000	-0.001	-0.007	
54.20	0.264	0.274	0.001	-0.003	-0.000	0.002	
54.25	0.264	0.275	0.001	-0.009	0.000	-0.007	
54.30	0.264	0.275	-0.000	-0.018	-0.002	-0.007	
54.35	0.264	0.274	-0.001	-0.021	-0.001	0.006	
54.40	0.264	0.274	-0.003	-0.006	-0.000	0.004	
54.45	0.264	0.274	-0.002	0.016	-0.001	0.008	
54.50	0.264	0.274	0.001	-0.009	0.000	0.017	
54.55	0.264	0.274	-0.001	-0.063	0.002	-0.006	
54.60	0.264	0.275	-0.006	-0.095	-0.001	-0.021	
54.65	0.264	0.274	-0.015	-0.043	-0.002	-0.001	
54.70	0.262	0.274	-0.014	0.082	-0.000	0.016	
54.75	0.262	0.274	-0.003	0.143	0.000	0.018	
54.80	0.262	0.274	0.003	0.135	0.002	0.004	
54.85	0.262	0.275	0.014	0.054	0.001	-0.015	
54.90	0.264	0.274	0.012	-0.089	-0.001	-0.011	
54.95	0.264	0.274	-0.005	-0.057	-0.001	0.007	
55.00	0.262	0.274	0.002	0.062	0.001	0.012	
55.05	0.264	0.275	0.011	0.016	0.001	0.001	
55.10	0.264	0.274	0.004	-0.048	0.001	-0.004	
55.15	0.264	0.275	0.001	-0.039	0.001	-0.008	
55.20	0.264	0.275	0.001	-0.031	-0.001	-0.005	
55.25	0.264	0.274	-0.001	-0.036	0.000	0.003	
55.30	0.264	0.275	-0.002	-0.057	0.001	-0.003	
55.35	0.264	0.275	-0.005	-0.094	-0.001	-0.004	
55.40	0.264	0.274	-0.015	-0.061	-0.000	0.001	
55.45	0.262	0.275	-0.016	0.055	-0.000	-0.001	
55.50	0.262	0.274	-0.006	0.101	-0.000	-0.003	
55.55	0.262	0.275	-0.002	0.064	-0.000	-0.005	
55.60	0.262	0.274	-0.000	0.025	-0.002	0.005	
55.65	0.262	0.274	-0.000	0.004	0.000	0.007	
55.70	0.262	0.275	-0.000	-0.001	0.000	-0.011	
55.75	0.262	0.274	-0.001	0.007	-0.002	-0.009	
55.80	0.261	0.274	0.000	0.020	-0.001	0.009	
55.85	0.262	0.274	0.002	0.030	-0.000	0.017	
55.90	0.262	0.274	0.002	0.060	0.001	0.019	
55.95	0.262	0.274	0.006	0.109	0.002	0.008	
56.00	0.262	0.275	0.018	0.062	0.002	-0.008	
56.05	0.264	0.274	0.017	-0.077	0.001	-0.011	
56.10	0.264	0.275	0.005	-0.115	0.001	-0.015	
56.15	0.264	0.275	0.001	-0.067	-0.001	-0.013	
56.20	0.264	0.274	0.000	-0.051	-0.001	-0.000	
56.25	0.264	0.274	-0.002	-0.057	-0.001	0.012	
56.30	0.264	0.274	-0.006	-0.057	0.001	0.012	
56.35	0.264	0.275	-0.012	0.011	0.000	0.005	
56.40	0.262	0.274	-0.004	0.074	0.001	0.003	
56.45	0.264	0.275	-0.001	0.060	0.002	-0.010	
56.50	0.262	0.275	0.002	0.034	-0.001	-0.016	
56.55	0.264	0.274	0.007	-0.061	-0.001	-0.002	
56.60	0.264	0.274	-0.009	-0.057	-0.001	0.010	
56.65	0.262	0.274	-0.008	0.103	0.001	0.006	
56.70	0.262	0.275	0.009	0.124	0.000	-0.012	
56.75	0.264	0.274	0.013	-0.002	-0.002	-0.008	
56.80	0.264	0.274	0.004	-0.058	-0.001	0.012	
56.85	0.264	0.274	0.002	-0.026	0.000	0.020	
56.90	0.264	0.274	0.003	-0.001	0.002	0.008	
56.95	0.264	0.275	0.004	-0.007	0.001	-0.004	
57.00	0.264	0.274	0.002	-0.015	0.001	-0.001	
57.05	0.264	0.275	0.001	-0.005	0.001	-0.008	
57.10	0.264	0.275	0.002	0.002	-0.001	-0.005	
57.15	0.264	0.274	0.002	-0.013	0.001	0.005	
57.20	0.265	0.275	0.001	-0.044	0.001	-0.004	
57.25	0.265	0.274	-0.002	-0.065	-0.001	0.006	
57.30	0.264	0.274	-0.006	-0.067	0.002	0.007	
57.35	0.264	0.275	-0.013	0.009	0.001	-0.009	
57.40	0.262	0.275	-0.005	0.086	-0.000	-0.008	
57.45	0.264	0.275	-0.000	0.084	0.000	-0.002	
57.50	0.262	0.275	0.003	0.076	0.000	-0.010	
57.55	0.264	0.275	0.010	0.007	-0.001	-0.013	
57.60	0.264	0.274	0.003	-0.049	-0.002	0.002	
57.65	0.264	0.274	0.001	-0.032	-0.001	0.011	
57.70	0.264	0.274	0.001	-0.020	-0.000	0.007	
57.75	0.264	0.274	0.000	-0.018	0.000	0.001	
57.80	0.264	0.274	-0.001	-0.025	-0.000	-0.004	
57.85	0.264	0.274	-0.001	-0.049	-0.000	-0.008	
57.90	0.264	0.274	-0.005	-0.075	-0.001	-0.005	
57.95	0.264	0.274	-0.014	-0.016	-0.001	0.005	
58.00	0.262	0.274	-0.011	0.123	-0.000	0.008	
58.05	0.262	0.274	0.007	0.119	-0.000	0.005	
58.10	0.264	0.274	0.004	0.036	0.000	0.002	
58.15	0.262	0.274	0.005	0.037	0.000	0.004	
58.20	0.264	0.274	0.012	-0.016	0.000	0.007	
58.25	0.264	0.274	0.003	-0.060	0.001	0.010	
58.30	0.264	0.274	0.001	-0.033	0.002	-0.000	
58.35	0.264	0.275	0.000	-0.007	0.001	-0.016	
58.40	0.264	0.274	0.002	0.006	-0.001	-0.007	
58.45	0.264	0.274	0.002	-0.005	0.000	0.003	
58.50	0.264	0.275	0.001	-0.013	0.000	-0.002	
58.55	0.264	0.274	0.000	-0.008	-0.000	0.003	
58.60	0.264	0.274	0.000	-0.005	0.001	-0.003	
58.65	0.264	0.275	-0.000	-0.005	-0.001	-0.002	
58.70	0.264	0.274	-0.000	-0.008	0.000	0.009	
58.75	0.264	0.275	-0.001	-0.006	0.001	-0.006	
58.80	0.264	0.274	-0.001	0.001	-0.001	-0.014	
58.85	0.264	0.274	-0.001	-0.001	-0.001	-0.005	
58.90	0.264	0.274	-0.001	-0.014	-0.001	0.005	
58.95	0.264	0.274	-0.002	-0.031	0.000	0.001	
59.00	0.264	0.274	-0.004	-0.040	-0.001	-0.001	
59.05	0.264	0.274	-0.011	0.043	-0.001	0.018	
59.10	0.262	0.274	0.000	0.123	0.002	0.017	
59.15	0.264	0.274	0.011	0.034	0.002	-0.010	
59.20	0.264	0.274	0.003	-0.067	-0.000	-0.016	
59.25	0.264	0.274	-0.001	-0.084	-0.001	0.001	
59.30	0.264	0.274	-0.004	-0.080	0.000	0.014	
59.35	0.264	0.274	-0.013	0.002	0.001	0.012	
59.40	0.262	0.274	-0.009	0.150	0.002	0.002	
59.45	0.262	0.274	0.011	0.147	0.001	-0.008	
59.50	0.264	0.275	0.014	-0.005	0.000	-0.010	
59.55	0.264	0.274	0.005	-0.078	0.000	-0.006	
59.60	0.264	0.275	0.002	-0.076	0.000	-0.004	
59.65	0.264	0.274	-0.001	-0.075	-0.000	-0.005	
59.70	0.264	0.275	-0.005	-0.071	-0.000	-0.007	
59.75	0.264	0.274	-0.012	-0.014	-0.002	0.002	
59.80	0.262	0.274	-0.005	0.020	0.000	0.003	
59.85	0.264	0.275	-0.006	-0.021	-0.000	-0.009	
59.90	0.262	0.274	-0.012	0.015	-0.002	-0.002	
59.95	0.262	0.274	-0.005	0.058	-0.001	0.007	
60.00	0.262	0.274	-0.002	0.060	-0.000	0.009	
