Vernier Format 2
run20.txt 10/10/2025 15:15:35
Run 1
Time	Position	Position	Velocity	Acceleration	Velocity	Acceleration	
T	P	P	V	A	V	A	
s	m	m	m/s	m/s^2	m/s	m/s^2	

0.00	0.279	0.276	-0.339	0.044	0.319	-0.172	
0.05	0.262	0.293	-0.337	0.068	0.313	-0.240	
0.10	0.245	0.308	-0.335	0.148	0.300	-0.342	
0.15	0.228	0.323	-0.327	0.348	0.280	-0.461	
0.20	0.212	0.336	-0.312	0.796	0.253	-0.577	
0.25	0.196	0.348	-0.257	1.377	0.221	-0.675	
0.30	0.185	0.359	-0.159	1.626	0.185	-0.753	
0.35	0.180	0.367	-0.064	1.281	0.146	-0.823	
0.40	0.181	0.374	-0.018	0.650	0.103	-0.889	
0.45	0.180	0.377	-0.013	0.244	0.055	-0.922	
0.50	0.179	0.379	-0.008	0.137	0.008	-0.915	
0.55	0.179	0.378	-0.001	0.111	-0.036	-0.896	
0.60	0.179	0.375	0.005	0.074	-0.081	-0.877	
0.65	0.179	0.370	0.008	0.030	-0.126	-0.829	
0.70	0.180	0.363	0.004	0.087	-0.165	-0.762	
0.75	0.180	0.354	0.003	0.422	-0.202	-0.689	
0.80	0.179	0.342	0.036	0.975	-0.234	-0.599	
0.85	0.182	0.330	0.103	1.455	-0.262	-0.507	
0.90	0.188	0.316	0.197	1.570	-0.286	-0.397	
0.95	0.202	0.301	0.286	1.154	-0.303	-0.252	
1.00	0.219	0.285	0.321	0.561	-0.312	-0.092	
1.05	0.235	0.270	0.327	0.220	-0.311	0.049	
1.10	0.252	0.254	0.332	0.086	-0.306	0.175	
1.15	0.268	0.239	0.339	-0.066	-0.294	0.310	
1.20	0.286	0.224	0.331	-0.302	-0.276	0.459	
1.25	0.302	0.211	0.305	-0.476	-0.248	0.619	
1.30	0.317	0.199	0.279	-0.562	-0.214	0.789	
1.35	0.330	0.189	0.249	-0.634	-0.172	0.984	
1.40	0.342	0.181	0.216	-0.711	-0.111	1.059	
1.45	0.352	0.178	0.178	-0.792	-0.051	0.840	
1.50	0.360	0.178	0.135	-0.851	-0.022	0.524	
1.55	0.365	0.176	0.092	-0.888	-0.008	0.387	
1.60	0.369	0.177	0.047	-0.918	0.006	0.488	
1.65	0.370	0.176	-0.001	-0.925	0.030	0.812	
1.70	0.369	0.178	-0.047	-0.905	0.090	1.065	
1.75	0.365	0.185	-0.091	-0.876	0.153	0.989	
1.80	0.360	0.194	-0.135	-0.828	0.195	0.770	
1.85	0.352	0.205	-0.176	-0.753	0.227	0.583	
1.90	0.342	0.217	-0.210	-0.681	0.251	0.431	
1.95	0.330	0.230	-0.243	-0.626	0.269	0.304	
2.00	0.317	0.245	-0.274	-0.559	0.282	0.172	
2.05	0.303	0.259	-0.299	-0.472	0.286	0.045	
2.10	0.288	0.273	-0.325	-0.306	0.286	-0.064	
2.15	0.270	0.288	-0.334	-0.054	0.281	-0.188	
2.20	0.253	0.302	-0.326	0.123	0.268	-0.326	
2.25	0.237	0.315	-0.318	0.248	0.247	-0.443	
2.30	0.222	0.327	-0.305	0.460	0.222	-0.533	
2.35	0.207	0.337	-0.284	0.889	0.194	-0.613	
2.40	0.191	0.346	-0.221	1.383	0.161	-0.688	
2.45	0.183	0.353	-0.128	1.506	0.124	-0.738	
2.50	0.179	0.359	-0.045	1.115	0.086	-0.761	
2.55	0.181	0.362	-0.010	0.567	0.047	-0.780	
2.60	0.179	0.363	0.000	0.211	0.008	-0.798	
2.65	0.181	0.363	0.003	0.035	-0.033	-0.800	
2.70	0.180	0.360	-0.002	0.000	-0.074	-0.766	
2.75	0.180	0.355	0.001	0.032	-0.111	-0.702	
2.80	0.180	0.349	0.002	0.095	-0.144	-0.639	
2.85	0.181	0.341	0.002	0.359	-0.174	-0.585	
2.90	0.179	0.331	0.022	0.906	-0.203	-0.519	
2.95	0.181	0.321	0.094	1.386	-0.227	-0.428	
3.00	0.188	0.308	0.184	1.408	-0.246	-0.318	
3.05	0.200	0.296	0.253	1.039	-0.259	-0.206	
3.10	0.215	0.282	0.289	0.605	-0.267	-0.089	
3.15	0.230	0.269	0.306	0.311	-0.269	0.045	
3.20	0.245	0.255	0.315	0.138	-0.262	0.175	
3.25	0.261	0.242	0.317	0.032	-0.250	0.288	
3.30	0.277	0.230	0.321	-0.123	-0.234	0.401	
3.35	0.294	0.219	0.310	-0.368	-0.210	0.504	
3.40	0.309	0.209	0.280	-0.552	-0.183	0.596	
3.45	0.322	0.200	0.250	-0.638	-0.150	0.673	
3.50	0.334	0.194	0.216	-0.689	-0.114	0.725	
3.55	0.344	0.189	0.181	-0.733	-0.077	0.758	
3.60	0.352	0.186	0.143	-0.785	-0.038	0.776	
3.65	0.358	0.185	0.102	-0.835	0.001	0.785	
3.70	0.362	0.186	0.059	-0.874	0.042	0.773	
3.75	0.364	0.189	0.014	-0.891	0.080	0.732	
3.80	0.364	0.194	-0.032	-0.878	0.115	0.672	
3.85	0.361	0.201	-0.075	-0.847	0.148	0.595	
3.90	0.356	0.209	-0.116	-0.809	0.176	0.503	
3.95	0.349	0.219	-0.156	-0.758	0.198	0.413	
4.00	0.340	0.229	-0.193	-0.691	0.216	0.337	
4.05	0.330	0.240	-0.226	-0.604	0.233	0.242	
4.10	0.317	0.252	-0.254	-0.503	0.241	0.134	
4.15	0.304	0.264	-0.276	-0.408	0.245	0.034	
4.20	0.290	0.277	-0.293	-0.335	0.245	-0.083	
4.25	0.275	0.289	-0.313	-0.198	0.237	-0.195	
4.30	0.258	0.301	-0.318	0.038	0.225	-0.294	
4.35	0.242	0.312	-0.306	0.237	0.208	-0.388	
4.40	0.227	0.322	-0.292	0.401	0.186	-0.481	
4.45	0.213	0.331	-0.270	0.645	0.159	-0.558	
4.50	0.200	0.338	-0.235	1.006	0.129	-0.609	
4.55	0.188	0.344	-0.168	1.299	0.098	-0.661	
4.60	0.182	0.348	-0.086	1.202	0.062	-0.697	
4.65	0.181	0.350	-0.031	0.759	0.027	-0.696	
4.70	0.181	0.351	-0.011	0.318	-0.008	-0.686	
4.75	0.181	0.349	-0.012	0.123	-0.042	-0.666	
4.80	0.179	0.346	-0.009	0.141	-0.075	-0.627	
4.85	0.179	0.341	0.006	0.139	-0.105	-0.587	
4.90	0.181	0.336	0.004	0.184	-0.133	-0.552	
4.95	0.179	0.328	0.013	0.452	-0.161	-0.497	
5.00	0.181	0.320	0.045	0.813	-0.184	-0.424	
5.05	0.183	0.310	0.095	1.143	-0.204	-0.339	
5.10	0.189	0.299	0.171	1.223	-0.218	-0.246	
5.15	0.201	0.288	0.235	0.946	-0.229	-0.143	
5.20	0.214	0.276	0.268	0.575	-0.233	-0.035	
5.25	0.228	0.264	0.286	0.306	-0.232	0.065	
5.30	0.243	0.252	0.295	0.142	-0.226	0.164	
5.35	0.258	0.241	0.298	0.032	-0.216	0.268	
5.40	0.273	0.231	0.297	-0.063	-0.200	0.379	
5.45	0.287	0.221	0.295	-0.219	-0.178	0.484	
5.50	0.303	0.213	0.279	-0.449	-0.150	0.562	
5.55	0.316	0.206	0.246	-0.603	-0.120	0.611	
5.60	0.327	0.201	0.214	-0.658	-0.089	0.656	
5.65	0.338	0.197	0.180	-0.701	-0.054	0.693	
5.70	0.346	0.195	0.144	-0.738	-0.019	0.707	
5.75	0.352	0.195	0.107	-0.777	0.018	0.695	
5.80	0.356	0.197	0.066	-0.815	0.051	0.666	
5.85	0.359	0.200	0.024	-0.836	0.084	0.629	
5.90	0.359	0.205	-0.018	-0.846	0.116	0.560	
5.95	0.357	0.212	-0.061	-0.841	0.140	0.484	
6.00	0.353	0.220	-0.104	-0.795	0.163	0.429	
6.05	0.346	0.228	-0.142	-0.717	0.184	0.359	
6.10	0.338	0.238	-0.175	-0.648	0.200	0.272	
6.15	0.329	0.249	-0.206	-0.591	0.212	0.171	
6.20	0.318	0.260	-0.234	-0.530	0.218	0.054	
6.25	0.305	0.271	-0.259	-0.460	0.216	-0.042	
6.30	0.292	0.281	-0.284	-0.314	0.213	-0.122	
6.35	0.276	0.292	-0.293	-0.114	0.205	-0.214	
6.40	0.262	0.302	-0.291	0.025	0.191	-0.300	
6.45	0.247	0.311	-0.289	0.125	0.174	-0.372	
6.50	0.233	0.320	-0.279	0.237	0.154	-0.444	
6.55	0.219	0.327	-0.266	0.388	0.129	-0.511	
6.60	0.206	0.333	-0.250	0.719	0.102	-0.560	
6.65	0.192	0.337	-0.199	1.115	0.073	-0.594	
6.70	0.185	0.340	-0.125	1.231	0.042	-0.605	
6.75	0.180	0.341	-0.059	0.993	0.012	-0.600	
6.80	0.181	0.341	-0.019	0.586	-0.019	-0.584	
6.85	0.180	0.339	-0.004	0.240	-0.046	-0.573	
6.90	0.181	0.337	-0.001	0.045	-0.076	-0.565	
6.95	0.180	0.332	-0.009	0.074	-0.105	-0.517	
7.00	0.179	0.326	-0.002	0.289	-0.128	-0.454	
7.05	0.179	0.319	0.020	0.529	-0.149	-0.406	
7.10	0.181	0.311	0.052	0.757	-0.169	-0.351	
7.15	0.184	0.302	0.090	1.042	-0.186	-0.267	
7.20	0.188	0.292	0.163	1.163	-0.196	-0.166	
7.25	0.201	0.282	0.228	0.879	-0.202	-0.076	
7.30	0.213	0.272	0.253	0.519	-0.203	0.003	
7.35	0.226	0.262	0.271	0.313	-0.202	0.098	
7.40	0.240	0.251	0.281	0.194	-0.194	0.199	
7.45	0.254	0.242	0.289	0.103	-0.181	0.280	
7.50	0.269	0.233	0.295	-0.068	-0.166	0.354	
7.55	0.285	0.225	0.285	-0.295	-0.145	0.422	
7.60	0.298	0.218	0.262	-0.446	-0.123	0.487	
7.65	0.311	0.213	0.237	-0.522	-0.097	0.557	
7.70	0.322	0.209	0.209	-0.576	-0.067	0.601	
7.75	0.332	0.206	0.180	-0.632	-0.035	0.605	
7.80	0.340	0.205	0.146	-0.695	-0.005	0.590	
7.85	0.346	0.205	0.109	-0.743	0.024	0.574	
7.90	0.351	0.208	0.071	-0.780	0.052	0.559	
7.95	0.354	0.211	0.031	-0.810	0.080	0.533	
8.00	0.354	0.216	-0.010	-0.819	0.106	0.479	
8.05	0.353	0.221	-0.052	-0.785	0.129	0.406	
8.10	0.349	0.229	-0.090	-0.730	0.147	0.327	
8.15	0.344	0.236	-0.125	-0.681	0.161	0.262	
8.20	0.336	0.245	-0.158	-0.632	0.173	0.209	
8.25	0.328	0.254	-0.188	-0.580	0.182	0.145	
8.30	0.317	0.263	-0.216	-0.524	0.188	0.056	
8.35	0.306	0.273	-0.241	-0.451	0.189	-0.054	
8.40	0.293	0.282	-0.261	-0.369	0.182	-0.154	
8.45	0.280	0.291	-0.281	-0.219	0.172	-0.228	
8.50	0.264	0.300	-0.288	0.008	0.159	-0.289	
8.55	0.250	0.307	-0.276	0.153	0.144	-0.353	
8.60	0.237	0.314	-0.266	0.195	0.124	-0.417	
8.65	0.224	0.320	-0.258	0.283	0.101	-0.456	
8.70	0.211	0.324	-0.247	0.542	0.078	-0.491	
8.75	0.198	0.328	-0.212	0.931	0.051	-0.521	
8.80	0.188	0.329	-0.140	1.058	0.025	-0.523	
8.85	0.185	0.330	-0.091	0.872	-0.001	-0.515	
8.90	0.180	0.329	-0.058	0.711	-0.026	-0.506	
8.95	0.179	0.327	-0.018	0.508	-0.052	-0.486	
9.00	0.179	0.324	-0.003	0.269	-0.077	-0.440	
9.05	0.179	0.320	0.002	0.181	-0.096	-0.398	
9.10	0.179	0.314	0.006	0.281	-0.115	-0.371	
9.15	0.179	0.308	0.023	0.545	-0.134	-0.329	
9.20	0.181	0.301	0.059	0.838	-0.150	-0.256	
9.25	0.184	0.293	0.113	0.993	-0.159	-0.180	
9.30	0.192	0.285	0.169	0.919	-0.168	-0.105	
9.35	0.202	0.276	0.211	0.695	-0.171	-0.021	
9.40	0.214	0.267	0.238	0.466	-0.169	0.047	
9.45	0.226	0.259	0.255	0.301	-0.166	0.115	
9.50	0.239	0.251	0.265	0.199	-0.158	0.206	
9.55	0.253	0.243	0.273	0.119	-0.145	0.289	
9.60	0.266	0.236	0.282	-0.039	-0.129	0.357	
9.65	0.282	0.230	0.273	-0.271	-0.109	0.415	
9.70	0.294	0.225	0.250	-0.417	-0.087	0.459	
9.75	0.306	0.221	0.227	-0.476	-0.063	0.495	
9.80	0.317	0.219	0.203	-0.531	-0.037	0.523	
9.85	0.327	0.217	0.175	-0.593	-0.010	0.536	
9.90	0.335	0.218	0.143	-0.657	0.018	0.520	
9.95	0.341	0.219	0.109	-0.711	0.043	0.478	
10.00	0.346	0.222	0.072	-0.755	0.066	0.428	
10.05	0.349	0.226	0.032	-0.768	0.086	0.381	
10.10	0.349	0.231	-0.007	-0.744	0.104	0.328	
10.15	0.348	0.236	-0.042	-0.722	0.119	0.271	
10.20	0.345	0.243	-0.079	-0.705	0.131	0.226	
10.25	0.340	0.250	-0.114	-0.668	0.141	0.179	
10.30	0.333	0.257	-0.146	-0.615	0.150	0.109	
10.35	0.325	0.265	-0.175	-0.553	0.152	0.036	
10.40	0.316	0.272	-0.201	-0.495	0.153	-0.030	
10.45	0.305	0.280	-0.225	-0.435	0.150	-0.102	
10.50	0.293	0.287	-0.244	-0.370	0.142	-0.156	
10.55	0.281	0.294	-0.265	-0.231	0.134	-0.203	
10.60	0.266	0.301	-0.272	-0.013	0.123	-0.269	
10.65	0.253	0.307	-0.263	0.136	0.106	-0.324	
10.70	0.240	0.312	-0.254	0.216	0.089	-0.363	
10.75	0.227	0.316	-0.242	0.309	0.071	-0.416	
10.80	0.215	0.319	-0.225	0.434	0.048	-0.467	
10.85	0.205	0.321	-0.201	0.593	0.022	-0.471	
10.90	0.195	0.321	-0.168	0.784	-0.000	-0.450	
10.95	0.187	0.321	-0.117	0.859	-0.022	-0.445	
11.00	0.184	0.319	-0.074	0.760	-0.046	-0.421	
11.05	0.180	0.316	-0.039	0.600	-0.065	-0.382	
11.10	0.180	0.312	-0.013	0.419	-0.083	-0.347	
11.15	0.179	0.307	-0.000	0.323	-0.100	-0.304	
11.20	0.180	0.302	0.011	0.394	-0.114	-0.258	
11.25	0.180	0.296	0.036	0.550	-0.126	-0.209	
11.30	0.184	0.289	0.068	0.689	-0.135	-0.157	
11.35	0.187	0.282	0.101	0.869	-0.142	-0.093	
11.40	0.192	0.275	0.161	0.911	-0.145	-0.017	
11.45	0.203	0.268	0.208	0.658	-0.143	0.041	
11.50	0.214	0.261	0.226	0.398	-0.140	0.089	
11.55	0.226	0.254	0.240	0.269	-0.135	0.161	
11.60	0.238	0.247	0.250	0.207	-0.124	0.234	
11.65	0.251	0.241	0.260	0.145	-0.110	0.274	
11.70	0.264	0.236	0.270	-0.011	-0.096	0.301	
11.75	0.279	0.232	0.263	-0.240	-0.081	0.348	
11.80	0.291	0.228	0.241	-0.385	-0.062	0.404	
11.85	0.303	0.225	0.220	-0.445	-0.039	0.428	
11.90	0.313	0.224	0.197	-0.502	-0.018	0.436	
11.95	0.323	0.223	0.171	-0.560	0.003	0.454	
12.00	0.330	0.224	0.141	-0.622	0.028	0.451	
12.05	0.337	0.226	0.108	-0.680	0.050	0.415	
12.10	0.341	0.229	0.073	-0.722	0.070	0.365	
12.15	0.344	0.233	0.034	-0.725	0.087	0.305	
12.20	0.345	0.238	-0.001	-0.703	0.100	0.247	
12.25	0.344	0.243	-0.035	-0.691	0.111	0.203	
12.30	0.341	0.249	-0.071	-0.672	0.120	0.164	
12.35	0.337	0.255	-0.103	-0.643	0.128	0.109	
12.40	0.331	0.262	-0.135	-0.613	0.132	0.031	
12.45	0.323	0.269	-0.165	-0.572	0.130	-0.022	
12.50	0.314	0.275	-0.192	-0.525	0.129	-0.058	
12.55	0.304	0.282	-0.217	-0.461	0.125	-0.110	
12.60	0.293	0.288	-0.242	-0.315	0.118	-0.162	
12.65	0.279	0.294	-0.252	-0.117	0.109	-0.216	
12.70	0.267	0.299	-0.250	0.006	0.096	-0.262	
12.75	0.254	0.303	-0.249	0.083	0.082	-0.289	
12.80	0.242	0.307	-0.242	0.168	0.067	-0.317	
12.85	0.230	0.310	-0.232	0.256	0.050	-0.340	
12.90	0.218	0.312	-0.218	0.372	0.033	-0.360	
12.95	0.208	0.314	-0.196	0.516	0.014	-0.378	
13.00	0.199	0.314	-0.167	0.661	-0.006	-0.368	
13.05	0.191	0.313	-0.129	0.770	-0.023	-0.353	
13.10	0.185	0.311	-0.083	0.740	-0.040	-0.360	
13.15	0.183	0.309	-0.049	0.587	-0.060	-0.343	
13.20	0.181	0.305	-0.029	0.503	-0.076	-0.287	
13.25	0.180	0.301	-0.003	0.498	-0.088	-0.240	
13.30	0.181	0.297	0.024	0.469	-0.099	-0.209	
13.35	0.183	0.291	0.040	0.530	-0.109	-0.172	
13.40	0.184	0.286	0.069	0.719	-0.118	-0.112	
13.45	0.189	0.279	0.118	0.795	-0.121	-0.046	
13.50	0.196	0.273	0.158	0.690	-0.121	0.003	
13.55	0.205	0.267	0.189	0.532	-0.120	0.043	
13.60	0.215	0.261	0.210	0.394	-0.117	0.088	
13.65	0.226	0.255	0.226	0.298	-0.112	0.152	
13.70	0.238	0.250	0.239	0.218	-0.101	0.203	
13.75	0.250	0.245	0.247	0.141	-0.091	0.231	
13.80	0.263	0.241	0.256	-0.007	-0.079	0.262	
13.85	0.277	0.237	0.250	-0.219	-0.065	0.305	
13.90	0.288	0.234	0.230	-0.355	-0.048	0.349	
13.95	0.300	0.232	0.211	-0.420	-0.029	0.363	
14.00	0.310	0.231	0.189	-0.479	-0.011	0.354	
14.05	0.319	0.231	0.163	-0.536	0.006	0.355	
14.10	0.326	0.232	0.135	-0.590	0.024	0.359	
14.15	0.332	0.234	0.105	-0.641	0.043	0.348	
14.20	0.337	0.236	0.071	-0.684	0.060	0.308	
14.25	0.339	0.240	0.034	-0.688	0.075	0.246	
14.30	0.340	0.244	0.001	-0.667	0.084	0.199	
14.35	0.339	0.248	-0.032	-0.656	0.093	0.177	
14.40	0.337	0.253	-0.065	-0.644	0.102	0.149	
14.45	0.333	0.258	-0.097	-0.615	0.109	0.094	
14.50	0.327	0.264	-0.127	-0.572	0.113	0.022	
14.55	0.320	0.270	-0.154	-0.532	0.111	-0.033	
14.60	0.312	0.275	-0.180	-0.495	0.109	-0.076	
14.65	0.302	0.281	-0.204	-0.441	0.104	-0.131	
14.70	0.292	0.286	-0.228	-0.309	0.095	-0.171	
14.75	0.279	0.290	-0.238	-0.121	0.086	-0.191	
14.80	0.267	0.294	-0.236	0.001	0.076	-0.217	
14.85	0.255	0.298	-0.236	0.079	0.064	-0.249	
14.90	0.243	0.301	-0.229	0.167	0.051	-0.275	
14.95	0.232	0.303	-0.218	0.241	0.036	-0.288	
15.00	0.222	0.305	-0.205	0.323	0.022	-0.296	
15.05	0.211	0.305	-0.187	0.430	0.007	-0.302	
15.10	0.203	0.305	-0.162	0.535	-0.009	-0.301	
15.15	0.195	0.305	-0.133	0.632	-0.024	-0.292	
15.20	0.189	0.303	-0.099	0.714	-0.038	-0.273	
15.25	0.185	0.301	-0.060	0.726	-0.051	-0.257	
15.30	0.183	0.298	-0.019	0.604	-0.064	-0.235	
15.35	0.184	0.294	0.005	0.420	-0.075	-0.189	
15.40	0.184	0.290	0.012	0.435	-0.083	-0.141	
15.45	0.184	0.286	0.038	0.644	-0.089	-0.108	
15.50	0.187	0.281	0.083	0.752	-0.093	-0.086	
15.55	0.193	0.276	0.122	0.685	-0.098	-0.052	
15.60	0.200	0.271	0.153	0.564	-0.100	0.009	
15.65	0.208	0.266	0.178	0.449	-0.097	0.060	
15.70	0.218	0.262	0.197	0.353	-0.093	0.091	
15.75	0.228	0.257	0.212	0.285	-0.089	0.138	
15.80	0.239	0.253	0.225	0.233	-0.080	0.193	
15.85	0.251	0.249	0.236	0.161	-0.068	0.228	
15.90	0.263	0.246	0.245	0.000	-0.056	0.241	
15.95	0.276	0.243	0.238	-0.208	-0.044	0.250	
16.00	0.287	0.241	0.220	-0.331	-0.031	0.269	
16.05	0.298	0.240	0.202	-0.394	-0.016	0.278	
16.10	0.307	0.240	0.181	-0.451	-0.003	0.279	
16.15	0.316	0.240	0.157	-0.502	0.011	0.287	
16.20	0.323	0.241	0.131	-0.558	0.026	0.288	
16.25	0.329	0.242	0.101	-0.614	0.040	0.271	
16.30	0.333	0.245	0.069	-0.653	0.054	0.232	
16.35	0.336	0.248	0.035	-0.672	0.064	0.186	
16.40	0.337	0.251	0.001	-0.669	0.072	0.142	
16.45	0.336	0.255	-0.033	-0.641	0.077	0.119	
16.50	0.334	0.259	-0.064	-0.609	0.084	0.098	
16.55	0.330	0.264	-0.094	-0.577	0.088	0.054	
16.60	0.324	0.268	-0.122	-0.534	0.089	0.012	
16.65	0.317	0.273	-0.147	-0.487	0.090	-0.041	
16.70	0.309	0.277	-0.170	-0.445	0.085	-0.088	
16.75	0.300	0.281	-0.192	-0.396	0.081	-0.126	
16.80	0.290	0.285	-0.209	-0.345	0.073	-0.168	
16.85	0.280	0.288	-0.230	-0.224	0.063	-0.189	
16.90	0.266	0.292	-0.237	-0.014	0.054	-0.206	
16.95	0.255	0.294	-0.227	0.128	0.042	-0.229	
17.00	0.244	0.296	-0.219	0.187	0.030	-0.246	
17.05	0.233	0.297	-0.210	0.251	0.017	-0.255	
17.10	0.223	0.298	-0.195	0.322	0.005	-0.255	
17.15	0.213	0.298	-0.176	0.377	-0.008	-0.247	
17.20	0.205	0.297	-0.157	0.440	-0.021	-0.223	
17.25	0.198	0.295	-0.138	0.590	-0.031	-0.199	
17.30	0.190	0.294	-0.098	0.721	-0.040	-0.188	
17.35	0.188	0.291	-0.055	0.664	-0.050	-0.176	
17.40	0.186	0.289	-0.030	0.564	-0.059	-0.147	
17.45	0.185	0.285	-0.004	0.540	-0.065	-0.111	
17.50	0.185	0.282	0.023	0.558	-0.069	-0.086	
17.55	0.187	0.279	0.052	0.588	-0.073	-0.062	
17.60	0.191	0.275	0.079	0.654	-0.076	-0.027	
17.65	0.194	0.271	0.119	0.683	-0.076	0.007	
17.70	0.203	0.267	0.156	0.540	-0.075	0.037	
17.75	0.211	0.263	0.173	0.386	-0.072	0.075	
17.80	0.220	0.260	0.190	0.311	-0.067	0.108	
17.85	0.230	0.257	0.204	0.244	-0.061	0.136	
17.90	0.240	0.254	0.215	0.171	-0.054	0.170	
17.95	0.252	0.251	0.221	0.095	-0.044	0.201	
18.00	0.263	0.249	0.224	0.029	-0.033	0.221	
18.05	0.274	0.248	0.227	-0.089	-0.022	0.243	
18.10	0.286	0.247	0.218	-0.273	-0.009	0.258	
18.15	0.296	0.247	0.197	-0.401	0.005	0.241	
18.20	0.306	0.247	0.175	-0.465	0.016	0.217	
18.25	0.314	0.249	0.150	-0.504	0.027	0.195	
18.30	0.321	0.250	0.124	-0.536	0.035	0.174	
18.35	0.326	0.252	0.097	-0.587	0.043	0.163	
18.40	0.330	0.255	0.065	-0.629	0.052	0.153	
18.45	0.333	0.257	0.033	-0.646	0.060	0.121	
18.50	0.334	0.261	0.001	-0.653	0.064	0.077	
18.55	0.333	0.264	-0.033	-0.637	0.067	0.046	
18.60	0.330	0.267	-0.065	-0.590	0.069	0.023	
18.65	0.326	0.271	-0.092	-0.542	0.069	-0.006	
18.70	0.321	0.274	-0.118	-0.510	0.069	-0.047	
18.75	0.315	0.278	-0.143	-0.484	0.064	-0.078	
18.80	0.307	0.281	-0.166	-0.456	0.061	-0.106	
18.85	0.298	0.284	-0.189	-0.412	0.054	-0.140	
18.90	0.288	0.286	-0.212	-0.282	0.046	-0.165	
18.95	0.276	0.288	-0.220	-0.091	0.037	-0.182	
19.00	0.265	0.290	-0.217	0.029	0.028	-0.189	
19.05	0.255	0.291	-0.215	0.091	0.018	-0.187	
19.10	0.244	0.292	-0.209	0.163	0.009	-0.195	
19.15	0.233	0.292	-0.199	0.241	-0.001	-0.212	
19.20	0.224	0.292	-0.184	0.313	-0.013	-0.211	
19.25	0.215	0.291	-0.167	0.366	-0.023	-0.186	
19.30	0.207	0.289	-0.147	0.415	-0.032	-0.155	
19.35	0.200	0.288	-0.125	0.469	-0.038	-0.130	
19.40	0.195	0.286	-0.106	0.603	-0.045	-0.109	
19.45	0.188	0.283	-0.064	0.710	-0.049	-0.096	
19.50	0.188	0.281	-0.022	0.602	-0.054	-0.092	
19.55	0.187	0.278	-0.003	0.485	-0.059	-0.071	
19.60	0.188	0.275	0.015	0.567	-0.062	-0.030	
19.65	0.188	0.271	0.048	0.741	-0.062	0.009	
19.70	0.192	0.269	0.100	0.726	-0.060	0.034	
19.75	0.199	0.265	0.131	0.519	-0.058	0.062	
19.80	0.206	0.263	0.146	0.387	-0.054	0.086	
19.85	0.213	0.260	0.164	0.344	-0.049	0.103	
19.90	0.222	0.258	0.182	0.296	-0.044	0.135	
19.95	0.232	0.255	0.195	0.227	-0.035	0.156	
20.00	0.242	0.254	0.204	0.158	-0.028	0.166	
20.05	0.252	0.252	0.210	0.101	-0.019	0.176	
20.10	0.263	0.252	0.214	0.048	-0.010	0.174	
20.15	0.273	0.252	0.219	-0.079	-0.003	0.188	
20.20	0.286	0.252	0.210	-0.277	0.009	0.198	
20.25	0.295	0.253	0.187	-0.400	0.019	0.184	
20.30	0.304	0.254	0.166	-0.448	0.027	0.167	
20.35	0.312	0.255	0.142	-0.479	0.036	0.138	
20.40	0.318	0.257	0.118	-0.515	0.041	0.118	
20.45	0.324	0.259	0.091	-0.554	0.047	0.104	
20.50	0.327	0.262	0.063	-0.586	0.052	0.072	
20.55	0.330	0.265	0.032	-0.613	0.054	0.041	
20.60	0.331	0.268	0.000	-0.622	0.056	0.014	
20.65	0.330	0.270	-0.030	-0.619	0.055	-0.004	
20.70	0.328	0.273	-0.063	-0.588	0.056	-0.026	
20.75	0.323	0.276	-0.091	-0.530	0.054	-0.062	
20.80	0.318	0.279	-0.114	-0.491	0.049	-0.093	
20.85	0.312	0.281	-0.139	-0.464	0.043	-0.110	
20.90	0.304	0.283	-0.162	-0.423	0.038	-0.125	
20.95	0.296	0.285	-0.181	-0.377	0.031	-0.142	
21.00	0.287	0.286	-0.203	-0.263	0.024	-0.152	
21.05	0.275	0.287	-0.211	-0.083	0.016	-0.163	
21.10	0.265	0.288	-0.207	0.028	0.007	-0.159	
21.15	0.255	0.288	-0.205	0.077	-0.000	-0.148	
21.20	0.244	0.288	-0.201	0.145	-0.007	-0.148	
21.25	0.234	0.287	-0.191	0.218	-0.015	-0.144	
21.30	0.225	0.286	-0.178	0.268	-0.022	-0.131	
21.35	0.216	0.285	-0.164	0.308	-0.029	-0.108	
21.40	0.209	0.283	-0.147	0.348	-0.032	-0.098	
21.45	0.202	0.282	-0.132	0.452	-0.037	-0.105	
21.50	0.195	0.280	-0.105	0.604	-0.045	-0.080	
21.55	0.191	0.277	-0.067	0.666	-0.046	-0.040	
21.60	0.188	0.275	-0.034	0.650	-0.047	-0.024	
21.65	0.188	0.272	-0.003	0.645	-0.049	-0.007	
21.70	0.188	0.270	0.029	0.664	-0.048	0.019	
21.75	0.190	0.268	0.063	0.677	-0.047	0.057	
21.80	0.194	0.265	0.101	0.598	-0.042	0.089	
21.85	0.201	0.263	0.127	0.438	-0.036	0.084	
21.90	0.207	0.262	0.141	0.352	-0.034	0.076	
21.95	0.215	0.260	0.159	0.331	-0.031	0.098	
22.00	0.223	0.258	0.176	0.292	-0.024	0.122	
22.05	0.233	0.257	0.190	0.226	-0.018	0.132	
22.10	0.243	0.257	0.199	0.148	-0.011	0.142	
22.15	0.253	0.256	0.204	0.085	-0.003	0.149	
22.20	0.263	0.256	0.206	0.031	0.004	0.142	
22.25	0.273	0.257	0.210	-0.084	0.011	0.128	
22.30	0.285	0.257	0.201	-0.263	0.017	0.125	
22.35	0.294	0.258	0.180	-0.381	0.024	0.124	
22.40	0.302	0.260	0.160	-0.434	0.030	0.107	
22.45	0.310	0.261	0.137	-0.474	0.034	0.085	
22.50	0.316	0.263	0.112	-0.508	0.038	0.061	
22.55	0.321	0.265	0.086	-0.544	0.041	0.039	
22.60	0.325	0.267	0.057	-0.563	0.042	0.029	
22.65	0.327	0.269	0.029	-0.570	0.043	0.023	
22.70	0.328	0.272	0.001	-0.581	0.045	-0.002	
22.75	0.327	0.274	-0.029	-0.586	0.044	-0.041	
22.80	0.325	0.276	-0.059	-0.567	0.040	-0.075	
22.85	0.321	0.278	-0.087	-0.529	0.036	-0.098	
22.90	0.316	0.280	-0.112	-0.483	0.030	-0.106	
22.95	0.310	0.281	-0.135	-0.434	0.025	-0.116	
23.00	0.302	0.282	-0.155	-0.399	0.019	-0.142	
23.05	0.294	0.283	-0.174	-0.370	0.011	-0.160	
23.10	0.285	0.283	-0.196	-0.263	0.001	-0.140	
23.15	0.274	0.283	-0.205	-0.081	-0.004	-0.101	
23.20	0.264	0.283	-0.200	0.042	-0.007	-0.097	
23.25	0.254	0.282	-0.197	0.096	-0.013	-0.111	
23.30	0.244	0.282	-0.191	0.143	-0.019	-0.103	
23.35	0.235	0.280	-0.183	0.203	-0.024	-0.075	
23.40	0.226	0.279	-0.171	0.266	-0.026	-0.056	
23.45	0.218	0.278	-0.156	0.308	-0.029	-0.059	
23.50	0.210	0.276	-0.138	0.327	-0.033	-0.052	
23.55	0.204	0.274	-0.127	0.415	-0.034	-0.031	
23.60	0.197	0.273	-0.102	0.586	-0.036	-0.006	
23.65	0.193	0.271	-0.062	0.658	-0.036	0.035	
23.70	0.191	0.269	-0.031	0.642	-0.031	0.049	
23.75	0.190	0.268	-0.000	0.637	-0.029	0.024	
23.80	0.191	0.266	0.032	0.634	-0.030	0.018	
23.85	0.193	0.265	0.068	0.564	-0.029	0.037	
23.90	0.199	0.263	0.088	0.497	-0.026	0.069	
23.95	0.202	0.262	0.112	0.504	-0.022	0.100	
24.00	0.210	0.261	0.143	0.429	-0.016	0.116	
24.05	0.217	0.261	0.157	0.320	-0.010	0.124	
24.10	0.225	0.260	0.172	0.257	-0.003	0.124	
24.15	0.234	0.260	0.183	0.196	0.004	0.105	
24.20	0.244	0.261	0.192	0.140	0.008	0.083	
24.25	0.253	0.261	0.197	0.075	0.010	0.085	
24.30	0.263	0.262	0.198	0.020	0.016	0.094	
24.35	0.273	0.263	0.202	-0.088	0.022	0.075	
24.40	0.284	0.264	0.194	-0.266	0.024	0.051	
24.45	0.293	0.265	0.172	-0.382	0.025	0.056	
24.50	0.301	0.266	0.151	-0.418	0.030	0.056	
24.55	0.308	0.268	0.130	-0.442	0.032	0.023	
24.60	0.314	0.270	0.108	-0.482	0.031	-0.003	
24.65	0.319	0.271	0.082	-0.531	0.031	-0.014	
24.70	0.323	0.273	0.054	-0.556	0.030	-0.025	
24.75	0.324	0.274	0.025	-0.552	0.029	-0.039	
24.80	0.325	0.276	-0.001	-0.549	0.026	-0.051	
24.85	0.324	0.277	-0.029	-0.551	0.024	-0.064	
24.90	0.322	0.278	-0.057	-0.533	0.020	-0.087	
24.95	0.319	0.279	-0.083	-0.500	0.014	-0.091	
25.00	0.314	0.279	-0.107	-0.463	0.010	-0.082	
25.05	0.308	0.280	-0.129	-0.429	0.007	-0.095	
25.10	0.301	0.280	-0.150	-0.391	0.001	-0.114	
25.15	0.293	0.280	-0.168	-0.344	-0.005	-0.115	
25.20	0.284	0.280	-0.188	-0.227	-0.012	-0.089	
25.25	0.273	0.279	-0.194	-0.059	-0.014	-0.060	
25.30	0.264	0.278	-0.190	0.035	-0.017	-0.048	
25.35	0.255	0.277	-0.188	0.089	-0.019	-0.043	
25.40	0.245	0.276	-0.183	0.161	-0.020	-0.048	
25.45	0.236	0.275	-0.172	0.226	-0.024	-0.039	
25.50	0.228	0.274	-0.159	0.270	-0.026	-0.007	
25.55	0.220	0.273	-0.145	0.320	-0.024	0.006	
25.60	0.213	0.271	-0.128	0.392	-0.024	0.002	
25.65	0.207	0.270	-0.106	0.454	-0.024	0.011	
25.70	0.202	0.269	-0.081	0.485	-0.023	0.021	
25.75	0.199	0.268	-0.056	0.495	-0.022	0.031	
25.80	0.197	0.267	-0.031	0.502	-0.021	0.054	
25.85	0.196	0.266	-0.011	0.591	-0.017	0.074	
25.90	0.195	0.265	0.028	0.672	-0.012	0.068	
25.95	0.199	0.265	0.067	0.569	-0.010	0.057	
26.00	0.203	0.264	0.085	0.446	-0.007	0.060	
26.05	0.207	0.264	0.106	0.409	-0.004	0.069	
26.10	0.213	0.263	0.127	0.370	0.000	0.077	
26.15	0.220	0.264	0.144	0.316	0.005	0.065	
26.20	0.228	0.264	0.158	0.263	0.006	0.065	
26.25	0.236	0.264	0.170	0.211	0.010	0.075	
26.30	0.245	0.265	0.180	0.150	0.015	0.058	
26.35	0.254	0.266	0.185	0.094	0.016	0.044	
26.40	0.263	0.267	0.188	0.044	0.018	0.046	
26.45	0.273	0.268	0.193	-0.079	0.021	0.040	
26.50	0.283	0.269	0.184	-0.266	0.023	0.018	
26.55	0.292	0.270	0.161	-0.366	0.023	0.004	
26.60	0.299	0.271	0.143	-0.392	0.023	0.000	
26.65	0.306	0.272	0.124	-0.425	0.023	-0.009	
26.70	0.312	0.274	0.101	-0.460	0.022	-0.025	
26.75	0.316	0.275	0.078	-0.497	0.020	-0.038	
26.80	0.320	0.276	0.051	-0.527	0.018	-0.054	
26.85	0.321	0.276	0.024	-0.538	0.015	-0.069	
26.90	0.322	0.277	-0.003	-0.533	0.011	-0.080	
26.95	0.321	0.278	-0.030	-0.512	0.006	-0.076	
27.00	0.319	0.278	-0.055	-0.486	0.003	-0.067	
27.05	0.315	0.278	-0.078	-0.462	0.001	-0.072	
27.10	0.311	0.278	-0.101	-0.432	-0.004	-0.072	
27.15	0.305	0.277	-0.122	-0.388	-0.007	-0.065	
27.20	0.299	0.277	-0.140	-0.337	-0.010	-0.061	
27.25	0.291	0.276	-0.155	-0.296	-0.013	-0.051	
27.30	0.283	0.276	-0.168	-0.276	-0.016	-0.039	
27.35	0.275	0.275	-0.187	-0.180	-0.018	-0.021	
27.40	0.264	0.274	-0.192	0.019	-0.017	-0.008	
27.45	0.255	0.273	-0.180	0.142	-0.018	-0.011	
27.50	0.246	0.272	-0.173	0.177	-0.019	-0.013	
27.55	0.237	0.271	-0.164	0.215	-0.019	-0.012	
27.60	0.229	0.270	-0.153	0.270	-0.020	-0.001	
27.65	0.222	0.269	-0.137	0.340	-0.020	0.022	
27.70	0.216	0.268	-0.118	0.397	-0.018	0.046	
27.75	0.210	0.267	-0.097	0.440	-0.014	0.055	
27.80	0.206	0.267	-0.073	0.471	-0.012	0.051	
27.85	0.203	0.266	-0.049	0.492	-0.009	0.045	
27.90	0.201	0.266	-0.024	0.504	-0.008	0.046	
27.95	0.200	0.265	0.002	0.507	-0.005	0.056	
28.00	0.201	0.265	0.027	0.502	-0.002	0.061	
28.05	0.203	0.265	0.052	0.495	0.001	0.067	
28.10	0.206	0.265	0.077	0.476	0.005	0.061	
28.15	0.211	0.266	0.101	0.428	0.007	0.050	
28.20	0.216	0.266	0.120	0.364	0.010	0.045	
28.25	0.223	0.267	0.137	0.308	0.012	0.038	
28.30	0.230	0.267	0.151	0.254	0.014	0.032	
28.35	0.238	0.268	0.162	0.205	0.015	0.024	
28.40	0.246	0.269	0.171	0.163	0.016	0.013	
28.45	0.255	0.270	0.178	0.111	0.016	0.011	
28.50	0.264	0.270	0.186	-0.008	0.017	0.017	
28.55	0.275	0.271	0.181	-0.181	0.019	-0.001	
28.60	0.283	0.273	0.163	-0.276	0.017	-0.025	
28.65	0.291	0.273	0.150	-0.307	0.015	-0.013	
28.70	0.298	0.274	0.134	-0.348	0.016	-0.008	
28.75	0.304	0.275	0.115	-0.387	0.016	-0.035	
28.80	0.309	0.276	0.095	-0.426	0.013	-0.066	
28.85	0.314	0.276	0.073	-0.466	0.008	-0.072	
28.90	0.317	0.276	0.048	-0.496	0.004	-0.055	
28.95	0.318	0.277	0.022	-0.509	0.003	-0.044	
29.00	0.319	0.277	-0.003	-0.510	0.000	-0.044	
29.05	0.318	0.277	-0.029	-0.502	-0.001	-0.054	
29.10	0.316	0.277	-0.054	-0.479	-0.005	-0.063	
29.15	0.313	0.276	-0.078	-0.439	-0.008	-0.059	
29.20	0.308	0.276	-0.099	-0.389	-0.011	-0.050	
29.25	0.303	0.275	-0.117	-0.339	-0.014	-0.031	
29.30	0.296	0.274	-0.132	-0.306	-0.014	-0.010	
29.35	0.289	0.274	-0.146	-0.291	-0.014	-0.005	
29.40	0.282	0.273	-0.161	-0.269	-0.014	-0.001	
29.45	0.274	0.272	-0.178	-0.160	-0.014	-0.006	
29.50	0.263	0.272	-0.181	0.019	-0.015	-0.012	
29.55	0.255	0.271	-0.171	0.116	-0.016	0.001	
29.60	0.247	0.270	-0.166	0.155	-0.015	0.014	
29.65	0.238	0.269	-0.157	0.214	-0.014	0.027	
29.70	0.231	0.268	-0.144	0.268	-0.012	0.045	
29.75	0.224	0.268	-0.130	0.321	-0.009	0.040	
29.80	0.217	0.268	-0.112	0.372	-0.008	0.024	
29.85	0.212	0.267	-0.092	0.411	-0.008	0.037	
29.90	0.208	0.267	-0.071	0.444	-0.005	0.059	
29.95	0.205	0.267	-0.048	0.470	-0.000	0.049	
30.00	0.203	0.267	-0.024	0.487	0.001	0.027	
30.05	0.203	0.267	0.001	0.492	0.001	0.030	
30.10	0.204	0.267	0.026	0.488	0.003	0.054	
30.15	0.205	0.267	0.051	0.474	0.007	0.066	
30.20	0.209	0.268	0.074	0.452	0.011	0.046	
30.25	0.213	0.268	0.096	0.419	0.012	0.019	
30.30	0.218	0.269	0.117	0.360	0.012	0.015	
30.35	0.225	0.269	0.132	0.290	0.014	0.008	
30.40	0.232	0.270	0.144	0.249	0.013	-0.007	
30.45	0.239	0.271	0.157	0.209	0.012	-0.003	
30.50	0.247	0.271	0.166	0.152	0.013	0.001	
30.55	0.256	0.272	0.176	0.026	0.013	-0.009	
30.60	0.266	0.273	0.168	-0.085	0.011	-0.010	
30.65	0.272	0.273	0.162	-0.104	0.012	-0.009	
30.70	0.282	0.274	0.162	-0.193	0.011	-0.023	
30.75	0.289	0.274	0.145	-0.309	0.010	-0.042	
30.80	0.296	0.275	0.127	-0.361	0.007	-0.054	
30.85	0.302	0.275	0.108	-0.391	0.004	-0.051	
30.90	0.307	0.275	0.088	-0.413	0.001	-0.036	
30.95	0.311	0.275	0.066	-0.431	0.000	-0.025	
31.00	0.314	0.275	0.045	-0.449	-0.000	-0.037	
31.05	0.316	0.275	0.022	-0.475	-0.004	-0.045	
31.10	0.316	0.275	-0.003	-0.488	-0.005	-0.041	
31.15	0.315	0.275	-0.028	-0.487	-0.008	-0.041	
31.20	0.313	0.274	-0.052	-0.467	-0.010	-0.027	
31.25	0.310	0.274	-0.076	-0.421	-0.010	-0.012	
31.30	0.305	0.273	-0.095	-0.365	-0.010	-0.017	
31.35	0.300	0.273	-0.112	-0.312	-0.012	-0.015	
31.40	0.294	0.272	-0.126	-0.275	-0.013	0.004	
31.45	0.288	0.271	-0.138	-0.265	-0.011	0.013	
31.50	0.280	0.271	-0.151	-0.263	-0.011	0.017	
31.55	0.273	0.270	-0.169	-0.175	-0.010	0.023	
31.60	0.263	0.270	-0.174	0.009	-0.008	0.016	
31.65	0.255	0.269	-0.164	0.132	-0.008	0.012	
31.70	0.247	0.269	-0.157	0.178	-0.008	0.027	
31.75	0.239	0.268	-0.147	0.215	-0.005	0.031	
31.80	0.232	0.268	-0.135	0.247	-0.004	0.017	
31.85	0.225	0.268	-0.122	0.292	-0.004	0.019	
31.90	0.220	0.268	-0.107	0.346	-0.003	0.033	
31.95	0.215	0.268	-0.088	0.400	-0.000	0.041	
32.00	0.211	0.268	-0.066	0.435	0.002	0.040	
32.05	0.208	0.268	-0.044	0.455	0.004	0.040	
32.10	0.206	0.268	-0.020	0.471	0.006	0.040	
32.15	0.206	0.268	0.004	0.466	0.008	0.034	
32.20	0.207	0.269	0.027	0.448	0.009	0.023	
32.25	0.209	0.269	0.049	0.427	0.009	0.026	
32.30	0.212	0.270	0.070	0.405	0.012	0.021	
32.35	0.216	0.271	0.089	0.387	0.013	-0.014	
32.40	0.221	0.271	0.109	0.368	0.010	-0.026	
32.45	0.227	0.272	0.127	0.331	0.008	-0.003	
32.50	0.233	0.272	0.142	0.281	0.010	0.015	
32.55	0.241	0.273	0.159	0.161	0.011	0.006	
32.60	0.250	0.273	0.157	0.061	0.011	-0.018	
32.65	0.256	0.274	0.160	0.042	0.010	-0.042	
32.70	0.266	0.274	0.167	-0.069	0.006	-0.048	
32.75	0.274	0.274	0.154	-0.194	0.004	-0.044	
32.80	0.281	0.275	0.142	-0.230	0.001	-0.036	
32.85	0.288	0.274	0.131	-0.254	0.001	-0.029	
32.90	0.294	0.275	0.118	-0.287	-0.001	-0.036	
32.95	0.300	0.274	0.102	-0.332	-0.003	-0.031	
33.00	0.305	0.274	0.085	-0.389	-0.003	-0.032	
33.05	0.309	0.274	0.063	-0.436	-0.006	-0.036	
33.10	0.311	0.274	0.040	-0.453	-0.008	-0.024	
33.15	0.312	0.273	0.017	-0.454	-0.009	-0.015	
33.20	0.313	0.273	-0.005	-0.451	-0.009	-0.012	
33.25	0.312	0.273	-0.028	-0.438	-0.010	-0.009	
33.30	0.310	0.272	-0.050	-0.414	-0.010	-0.000	
33.35	0.307	0.271	-0.070	-0.377	-0.010	0.007	
33.40	0.303	0.271	-0.088	-0.333	-0.009	0.010	
33.45	0.298	0.271	-0.103	-0.306	-0.009	0.008	
33.50	0.293	0.270	-0.119	-0.272	-0.009	0.014	
33.55	0.286	0.270	-0.131	-0.209	-0.007	0.010	
33.60	0.279	0.269	-0.140	-0.144	-0.007	0.001	
33.65	0.272	0.269	-0.145	-0.103	-0.008	0.020	
33.70	0.265	0.268	-0.148	-0.089	-0.006	0.049	
33.75	0.257	0.268	-0.153	-0.077	-0.002	0.048	
33.80	0.250	0.268	-0.161	0.036	-0.000	0.030	
33.85	0.240	0.268	-0.154	0.232	0.000	0.022	
33.90	0.234	0.268	-0.133	0.335	0.002	0.021	
33.95	0.227	0.268	-0.116	0.351	0.003	0.020	
34.00	0.222	0.269	-0.098	0.364	0.003	0.027	
34.05	0.217	0.269	-0.080	0.369	0.005	0.034	
34.10	0.214	0.269	-0.061	0.376	0.008	0.016	
34.15	0.211	0.270	-0.043	0.395	0.006	0.004	
34.20	0.210	0.270	-0.023	0.429	0.007	0.011	
34.25	0.209	0.270	0.000	0.464	0.008	0.012	
34.30	0.210	0.271	0.026	0.463	0.009	0.010	
34.35	0.212	0.271	0.048	0.425	0.009	0.009	
34.40	0.215	0.271	0.067	0.393	0.010	0.002	
34.45	0.218	0.272	0.087	0.369	0.010	-0.010	
34.50	0.223	0.273	0.105	0.342	0.008	-0.010	
34.55	0.229	0.273	0.121	0.320	0.008	-0.008	
34.60	0.235	0.273	0.136	0.295	0.008	-0.020	
34.65	0.242	0.274	0.154	0.188	0.007	-0.036	
34.70	0.251	0.274	0.159	0.016	0.004	-0.048	
34.75	0.259	0.274	0.152	-0.085	0.001	-0.041	
34.80	0.266	0.274	0.147	-0.117	-0.001	-0.015	
34.85	0.274	0.274	0.140	-0.143	0.001	-0.015	
34.90	0.280	0.274	0.133	-0.175	-0.001	-0.040	
34.95	0.287	0.274	0.124	-0.223	-0.005	-0.035	
35.00	0.293	0.274	0.111	-0.274	-0.005	-0.015	
35.05	0.298	0.273	0.096	-0.317	-0.006	-0.002	
35.10	0.303	0.273	0.079	-0.361	-0.005	-0.007	
35.15	0.306	0.273	0.060	-0.403	-0.006	-0.027	
35.20	0.309	0.273	0.038	-0.434	-0.008	-0.031	
35.25	0.310	0.272	0.015	-0.447	-0.010	-0.016	
35.30	0.310	0.271	-0.008	-0.433	-0.010	0.011	
35.35	0.309	0.271	-0.028	-0.406	-0.008	0.024	
35.40	0.307	0.271	-0.048	-0.381	-0.007	0.018	
35.45	0.304	0.270	-0.066	-0.358	-0.006	0.014	
35.50	0.300	0.270	-0.084	-0.331	-0.006	0.008	
35.55	0.296	0.270	-0.100	-0.294	-0.005	0.001	
35.60	0.290	0.270	-0.114	-0.247	-0.006	0.000	
35.65	0.285	0.269	-0.124	-0.212	-0.007	0.020	
35.70	0.278	0.269	-0.134	-0.193	-0.004	0.045	
35.75	0.271	0.269	-0.143	-0.179	0.000	0.030	
35.80	0.264	0.269	-0.156	-0.083	-0.001	0.009	
35.85	0.255	0.269	-0.156	0.099	-0.001	0.018	
35.90	0.248	0.269	-0.142	0.206	0.001	0.025	
35.95	0.241	0.269	-0.131	0.226	0.002	0.028	
36.00	0.235	0.269	-0.119	0.237	0.004	0.027	
36.05	0.229	0.269	-0.108	0.261	0.005	0.028	
36.10	0.224	0.269	-0.094	0.308	0.007	0.030	
36.15	0.219	0.270	-0.077	0.365	0.009	0.009	
36.20	0.216	0.270	-0.057	0.409	0.008	-0.012	
36.25	0.214	0.271	-0.035	0.423	0.006	-0.011	
36.30	0.212	0.271	-0.014	0.416	0.006	0.004	
36.35	0.212	0.271	0.006	0.408	0.008	0.002	
36.40	0.213	0.272	0.027	0.388	0.007	-0.018	
36.45	0.215	0.272	0.045	0.362	0.005	-0.027	
36.50	0.218	0.272	0.062	0.358	0.003	-0.011	
36.55	0.221	0.272	0.081	0.352	0.004	0.009	
36.60	0.226	0.273	0.099	0.324	0.006	0.005	
36.65	0.231	0.273	0.113	0.305	0.005	-0.013	
36.70	0.237	0.273	0.128	0.290	0.004	-0.022	
36.75	0.244	0.273	0.147	0.188	0.003	-0.029	
36.80	0.252	0.274	0.151	0.018	0.000	-0.029	
36.85	0.259	0.273	0.144	-0.076	-0.001	-0.018	
36.90	0.267	0.273	0.140	-0.114	-0.001	-0.017	
36.95	0.274	0.273	0.133	-0.152	-0.002	-0.025	
37.00	0.280	0.273	0.125	-0.184	-0.004	-0.024	
37.05	0.286	0.273	0.115	-0.224	-0.005	-0.007	
37.10	0.292	0.273	0.103	-0.266	-0.004	0.011	
37.15	0.296	0.273	0.088	-0.305	-0.002	-0.002	
37.20	0.300	0.273	0.072	-0.347	-0.005	-0.018	
37.25	0.304	0.272	0.053	-0.377	-0.006	-0.009	
37.30	0.306	0.272	0.034	-0.394	-0.005	0.000	
37.35	0.307	0.271	0.014	-0.405	-0.005	0.002	
37.40	0.307	0.271	-0.007	-0.407	-0.005	0.000	
37.45	0.306	0.271	-0.027	-0.400	-0.005	-0.001	
37.50	0.304	0.271	-0.047	-0.377	-0.005	0.000	
37.55	0.302	0.270	-0.066	-0.335	-0.006	0.010	
37.60	0.298	0.270	-0.082	-0.279	-0.004	0.015	
37.65	0.293	0.270	-0.093	-0.236	-0.004	0.011	
37.70	0.288	0.270	-0.104	-0.214	-0.003	0.012	
37.75	0.283	0.270	-0.114	-0.193	-0.003	0.021	
37.80	0.277	0.269	-0.123	-0.177	-0.001	0.033	
37.85	0.270	0.270	-0.132	-0.151	0.001	0.033	
37.90	0.264	0.270	-0.138	-0.110	0.002	0.025	
37.95	0.257	0.270	-0.147	0.005	0.004	0.009	
38.00	0.248	0.270	-0.142	0.184	0.003	-0.008	
38.05	0.242	0.270	-0.123	0.262	0.002	-0.007	
38.10	0.236	0.270	-0.111	0.252	0.002	0.007	
38.15	0.231	0.270	-0.100	0.268	0.003	0.024	
38.20	0.226	0.270	-0.086	0.311	0.005	0.029	
38.25	0.222	0.271	-0.068	0.338	0.007	0.010	
38.30	0.219	0.271	-0.051	0.347	0.006	-0.007	
38.35	0.217	0.271	-0.034	0.360	0.005	-0.009	
38.40	0.216	0.272	-0.015	0.375	0.005	-0.008	
38.45	0.216	0.272	0.004	0.387	0.004	-0.001	
38.50	0.216	0.272	0.024	0.385	0.005	0.001	
38.55	0.218	0.272	0.043	0.364	0.005	-0.008	
38.60	0.221	0.273	0.061	0.333	0.004	-0.022	
38.65	0.224	0.273	0.076	0.307	0.002	-0.026	
38.70	0.228	0.273	0.092	0.276	0.001	-0.017	
38.75	0.233	0.273	0.105	0.219	0.001	-0.014	
38.80	0.239	0.273	0.113	0.170	-0.000	-0.018	
38.85	0.245	0.273	0.121	0.144	-0.001	-0.017	
38.90	0.251	0.273	0.128	0.113	-0.002	-0.015	
38.95	0.258	0.273	0.133	0.072	-0.002	-0.017	
39.00	0.264	0.273	0.134	0.040	-0.004	-0.010	
39.05	0.271	0.272	0.140	-0.052	-0.004	0.001	
39.10	0.279	0.272	0.133	-0.218	-0.003	0.004	
39.15	0.285	0.272	0.113	-0.309	-0.003	0.004	
39.20	0.290	0.272	0.098	-0.315	-0.003	-0.004	
39.25	0.295	0.272	0.083	-0.325	-0.004	-0.013	
39.30	0.298	0.272	0.066	-0.341	-0.005	-0.008	
39.35	0.301	0.271	0.048	-0.353	-0.005	0.002	
39.40	0.303	0.271	0.031	-0.359	-0.004	0.007	
39.45	0.304	0.271	0.013	-0.371	-0.004	0.007	
39.50	0.305	0.271	-0.007	-0.377	-0.004	0.016	
39.55	0.304	0.270	-0.026	-0.369	-0.002	0.019	
39.60	0.302	0.271	-0.044	-0.348	-0.000	-0.002	
39.65	0.299	0.270	-0.061	-0.316	-0.003	-0.010	
39.70	0.296	0.270	-0.075	-0.283	-0.003	0.014	
39.75	0.292	0.270	-0.089	-0.244	-0.001	0.036	
39.80	0.287	0.270	-0.100	-0.201	0.002	0.024	
39.85	0.282	0.270	-0.109	-0.171	0.001	0.007	
39.90	0.276	0.270	-0.117	-0.142	0.002	0.008	
39.95	0.270	0.271	-0.123	-0.105	0.003	0.002	
40.00	0.263	0.270	-0.127	-0.075	0.002	0.000	
40.05	0.257	0.271	-0.130	-0.046	0.002	0.008	
40.10	0.251	0.271	-0.136	0.063	0.003	0.021	
40.15	0.243	0.271	-0.127	0.233	0.005	0.021	
40.20	0.237	0.271	-0.107	0.296	0.006	0.002	
40.25	0.233	0.272	-0.094	0.286	0.005	-0.016	
40.30	0.228	0.272	-0.081	0.301	0.003	-0.012	
40.35	0.224	0.272	-0.065	0.327	0.003	-0.001	
40.40	0.221	0.272	-0.047	0.344	0.003	0.002	
40.45	0.220	0.272	-0.030	0.357	0.004	-0.002	
40.50	0.218	0.272	-0.012	0.370	0.004	-0.016	
40.55	0.218	0.273	0.008	0.368	0.002	-0.023	
40.60	0.219	0.273	0.026	0.354	0.000	-0.005	
40.65	0.221	0.273	0.043	0.338	0.001	0.010	
40.70	0.224	0.273	0.059	0.336	0.002	0.002	
40.75	0.227	0.273	0.076	0.347	0.002	-0.013	
40.80	0.231	0.273	0.094	0.341	0.001	-0.025	
40.85	0.236	0.273	0.115	0.250	-0.001	-0.029	
40.90	0.243	0.273	0.123	0.091	-0.002	-0.022	
40.95	0.249	0.273	0.119	0.021	-0.004	-0.009	
41.00	0.255	0.272	0.122	0.008	-0.003	0.005	
41.05	0.261	0.273	0.122	-0.033	-0.002	-0.004	
41.10	0.267	0.272	0.118	-0.072	-0.004	-0.010	
41.15	0.273	0.272	0.114	-0.109	-0.004	-0.004	
41.20	0.279	0.272	0.108	-0.149	-0.004	-0.004	
41.25	0.284	0.272	0.100	-0.197	-0.004	0.002	
41.30	0.289	0.271	0.088	-0.245	-0.004	0.008	
41.35	0.293	0.271	0.074	-0.275	-0.003	0.011	
41.40	0.296	0.271	0.060	-0.291	-0.003	0.016	
41.45	0.299	0.271	0.045	-0.314	-0.001	0.008	
41.50	0.301	0.271	0.029	-0.341	-0.002	-0.005	
41.55	0.302	0.271	0.011	-0.362	-0.002	-0.009	
41.60	0.302	0.271	-0.008	-0.367	-0.003	-0.002	
41.65	0.301	0.270	-0.027	-0.346	-0.003	0.020	
41.70	0.299	0.270	-0.043	-0.312	-0.000	0.026	
41.75	0.296	0.271	-0.058	-0.279	0.000	0.015	
41.80	0.293	0.270	-0.071	-0.258	0.001	0.013	
41.85	0.289	0.271	-0.084	-0.237	0.002	0.003	
41.90	0.285	0.271	-0.095	-0.200	0.001	-0.004	
41.95	0.280	0.271	-0.104	-0.150	0.001	-0.002	
42.00	0.274	0.271	-0.110	-0.109	0.001	0.004	
42.05	0.269	0.271	-0.114	-0.095	0.001	0.018	
42.10	0.263	0.271	-0.119	-0.080	0.003	0.013	
42.15	0.257	0.271	-0.122	-0.045	0.003	0.002	
42.20	0.251	0.271	-0.127	0.059	0.003	-0.004	
42.25	0.243	0.271	-0.119	0.214	0.003	-0.020	
42.30	0.238	0.271	-0.101	0.278	-0.000	-0.010	
42.35	0.234	0.271	-0.088	0.277	0.001	0.013	
42.40	0.229	0.272	-0.075	0.290	0.002	0.011	
42.45	0.226	0.271	-0.060	0.307	0.002	0.006	
42.50	0.223	0.272	-0.043	0.322	0.003	-0.000	
42.55	0.222	0.272	-0.028	0.340	0.003	-0.011	
42.60	0.221	0.272	-0.010	0.357	0.002	-0.015	
42.65	0.221	0.272	0.010	0.343	0.000	-0.002	
42.70	0.222	0.272	0.025	0.325	0.002	0.002	
42.75	0.223	0.272	0.041	0.320	0.001	-0.010	
42.80	0.226	0.272	0.057	0.314	0.000	-0.015	
42.85	0.229	0.272	0.072	0.317	-0.000	-0.014	
42.90	0.233	0.272	0.087	0.328	-0.001	-0.006	
42.95	0.237	0.272	0.109	0.256	-0.001	0.005	
43.00	0.245	0.272	0.118	0.093	-0.000	0.004	
43.05	0.250	0.272	0.114	0.011	0.000	-0.013	
43.10	0.256	0.272	0.115	0.005	-0.002	-0.025	
43.15	0.261	0.272	0.116	-0.015	-0.004	-0.009	
43.20	0.267	0.272	0.115	-0.067	-0.003	0.016	
43.25	0.273	0.272	0.109	-0.124	-0.001	0.026	
43.30	0.278	0.271	0.102	-0.156	0.001	0.015	
43.35	0.283	0.272	0.094	-0.186	0.001	-0.010	
43.40	0.288	0.272	0.084	-0.232	-0.001	-0.022	
43.45	0.292	0.272	0.071	-0.286	-0.002	-0.020	
43.50	0.295	0.271	0.055	-0.320	-0.003	-0.012	
43.55	0.297	0.271	0.038	-0.329	-0.004	0.007	
43.60	0.299	0.271	0.021	-0.315	-0.002	0.017	
43.65	0.299	0.271	0.006	-0.306	-0.001	0.009	
43.70	0.299	0.271	-0.009	-0.318	-0.002	0.005	
43.75	0.299	0.271	-0.026	-0.316	-0.002	0.020	
43.80	0.297	0.271	-0.042	-0.290	0.001	0.024	
43.85	0.294	0.271	-0.055	-0.266	0.002	0.002	
43.90	0.291	0.271	-0.068	-0.252	0.001	-0.019	
43.95	0.288	0.271	-0.081	-0.224	-0.001	-0.018	
44.00	0.283	0.271	-0.091	-0.178	-0.002	0.006	
44.05	0.278	0.271	-0.098	-0.142	0.000	0.017	
44.10	0.273	0.271	-0.105	-0.115	0.001	0.011	
44.15	0.268	0.271	-0.110	-0.084	0.002	0.000	
44.20	0.262	0.271	-0.113	-0.047	0.000	-0.007	
44.25	0.256	0.271	-0.113	-0.028	-0.000	0.008	
44.30	0.251	0.271	-0.119	0.048	0.002	0.010	
44.35	0.244	0.271	-0.113	0.203	0.002	-0.000	
44.40	0.239	0.271	-0.094	0.275	0.002	-0.004	
44.45	0.235	0.271	-0.081	0.265	0.001	0.000	
44.50	0.231	0.271	-0.069	0.267	0.002	0.004	
44.55	0.228	0.272	-0.055	0.280	0.002	-0.008	
44.60	0.226	0.272	-0.041	0.298	0.001	-0.016	
44.65	0.224	0.272	-0.026	0.323	-0.000	-0.012	
44.70	0.223	0.272	-0.008	0.334	-0.001	-0.002	
44.75	0.223	0.271	0.008	0.327	-0.000	0.005	
44.80	0.224	0.272	0.025	0.321	0.000	-0.003	
44.85	0.226	0.272	0.041	0.300	-0.001	-0.004	
44.90	0.228	0.271	0.055	0.273	-0.001	0.008	
44.95	0.231	0.271	0.068	0.261	0.001	0.005	
45.00	0.235	0.272	0.080	0.260	0.001	-0.011	
45.05	0.239	0.272	0.093	0.271	-0.001	-0.013	
45.10	0.244	0.271	0.112	0.203	-0.002	0.005	
45.15	0.251	0.271	0.118	0.041	-0.000	0.016	
45.20	0.256	0.271	0.111	-0.049	0.001	0.001	
45.25	0.262	0.272	0.109	-0.058	-0.001	-0.009	
45.30	0.267	0.271	0.107	-0.075	-0.001	0.001	
45.35	0.273	0.271	0.103	-0.116	0.000	0.002	
45.40	0.277	0.271	0.095	-0.162	-0.001	0.002	
45.45	0.282	0.271	0.086	-0.191	0.000	0.006	
45.50	0.286	0.271	0.076	-0.209	0.001	-0.003	
45.55	0.290	0.271	0.065	-0.237	-0.000	-0.012	
45.60	0.293	0.271	0.052	-0.273	-0.001	-0.010	
45.65	0.295	0.271	0.038	-0.298	-0.001	-0.001	
45.70	0.297	0.271	0.022	-0.310	-0.001	0.000	
45.75	0.297	0.271	0.006	-0.309	-0.001	0.002	
45.80	0.297	0.271	-0.009	-0.306	-0.001	0.013	
45.85	0.296	0.271	-0.024	-0.310	0.000	0.019	
45.90	0.295	0.271	-0.040	-0.305	0.001	0.012	
45.95	0.292	0.271	-0.056	-0.273	0.002	-0.008	
46.00	0.289	0.271	-0.068	-0.221	0.000	-0.019	
46.05	0.285	0.271	-0.077	-0.192	-0.001	-0.004	
46.10	0.281	0.271	-0.087	-0.173	0.000	0.005	
46.15	0.277	0.271	-0.096	-0.133	-0.000	-0.000	
46.20	0.271	0.271	-0.100	-0.095	-0.001	0.008	
46.25	0.267	0.271	-0.104	-0.082	0.001	0.012	
46.30	0.261	0.271	-0.107	-0.076	0.001	0.011	
46.35	0.256	0.271	-0.115	-0.003	0.002	0.003	
46.40	0.249	0.272	-0.112	0.144	0.002	-0.011	
46.45	0.244	0.271	-0.097	0.227	0.000	-0.010	
46.50	0.240	0.272	-0.085	0.228	0.000	-0.005	
46.55	0.236	0.271	-0.074	0.219	0.000	-0.003	
46.60	0.232	0.272	-0.064	0.232	0.000	-0.010	
46.65	0.229	0.272	-0.052	0.275	-0.001	-0.010	
46.70	0.227	0.271	-0.036	0.308	-0.002	0.010	
46.75	0.226	0.271	-0.020	0.308	0.001	0.016	
46.80	0.225	0.272	-0.005	0.301	0.001	0.001	
46.85	0.225	0.271	0.009	0.303	0.000	-0.010	
46.90	0.226	0.272	0.025	0.303	-0.000	-0.013	
46.95	0.228	0.271	0.040	0.300	-0.001	-0.007	
47.00	0.230	0.271	0.054	0.306	-0.001	0.007	
47.05	0.233	0.271	0.070	0.302	-0.001	0.018	
47.10	0.237	0.271	0.090	0.207	0.002	0.008	
47.15	0.243	0.272	0.095	0.054	0.001	-0.014	
47.20	0.247	0.271	0.085	0.069	-0.001	-0.008	
47.25	0.250	0.271	0.098	0.156	-0.000	0.007	
47.30	0.257	0.271	0.111	0.071	0.000	0.007	
47.35	0.262	0.271	0.106	-0.044	0.001	-0.001	
47.40	0.267	0.272	0.102	-0.098	-0.000	-0.010	
47.45	0.272	0.271	0.096	-0.132	-0.001	0.001	
47.50	0.277	0.271	0.089	-0.161	0.001	0.000	
47.55	0.281	0.272	0.080	-0.193	-0.001	-0.006	
47.60	0.285	0.271	0.069	-0.209	-0.001	0.012	
47.65	0.288	0.271	0.059	-0.224	0.001	0.011	
47.70	0.291	0.271	0.047	-0.247	0.001	-0.011	
47.75	0.293	0.271	0.034	-0.268	-0.001	-0.015	
47.80	0.294	0.271	0.020	-0.285	-0.001	-0.005	
47.85	0.295	0.271	0.006	-0.301	-0.001	0.000	
47.90	0.295	0.271	-0.010	-0.305	-0.001	0.007	
47.95	0.294	0.271	-0.026	-0.285	-0.001	0.020	
48.00	0.292	0.271	-0.039	-0.258	0.001	0.020	
48.05	0.290	0.271	-0.051	-0.242	0.003	-0.008	
48.10	0.287	0.272	-0.064	-0.216	0.000	-0.028	
48.15	0.284	0.271	-0.074	-0.175	-0.002	-0.012	
48.20	0.280	0.271	-0.080	-0.157	-0.001	0.015	
48.25	0.276	0.271	-0.088	-0.166	0.000	0.028	
48.30	0.271	0.271	-0.097	-0.171	0.002	0.018	
48.35	0.266	0.271	-0.106	-0.142	0.003	-0.006	
48.40	0.261	0.272	-0.116	-0.022	0.002	-0.022	
48.45	0.254	0.272	-0.111	0.139	-0.000	-0.022	
48.50	0.249	0.272	-0.096	0.203	-0.002	-0.003	
48.55	0.245	0.271	-0.087	0.200	-0.000	0.014	
48.60	0.240	0.272	-0.077	0.200	0.001	0.011	
48.65	0.237	0.271	-0.068	0.212	0.001	0.006	
48.70	0.234	0.272	-0.056	0.231	0.001	0.004	
48.75	0.231	0.272	-0.044	0.247	0.001	-0.002	
48.80	0.229	0.272	-0.031	0.260	0.001	-0.004	
48.85	0.228	0.272	-0.019	0.280	0.001	-0.009	
48.90	0.227	0.272	-0.003	0.298	0.000	-0.022	
48.95	0.228	0.272	0.012	0.291	-0.002	-0.017	
49.00	0.228	0.272	0.026	0.287	-0.002	0.008	
49.05	0.230	0.271	0.040	0.301	-0.000	0.019	
49.10	0.232	0.272	0.055	0.321	0.001	0.009	
49.15	0.235	0.272	0.077	0.256	0.000	0.000	
49.20	0.241	0.272	0.085	0.111	0.000	0.002	
49.25	0.244	0.272	0.082	0.056	0.000	0.004	
49.30	0.249	0.272	0.087	0.067	0.001	-0.004	
49.35	0.253	0.272	0.091	0.056	0.001	-0.022	
49.40	0.258	0.272	0.093	0.034	-0.002	-0.026	
49.45	0.262	0.272	0.095	-0.000	-0.003	-0.004	
49.50	0.267	0.271	0.094	-0.053	-0.002	0.023	
49.55	0.272	0.271	0.089	-0.099	0.001	0.017	
49.60	0.276	0.272	0.083	-0.133	0.000	-0.001	
49.65	0.280	0.271	0.076	-0.168	-0.001	0.009	
49.70	0.284	0.271	0.067	-0.200	0.002	0.009	
49.75	0.287	0.272	0.056	-0.229	0.001	-0.009	
49.80	0.290	0.271	0.044	-0.254	-0.000	-0.010	
49.85	0.292	0.271	0.030	-0.266	-0.000	-0.005	
49.90	0.293	0.271	0.017	-0.270	-0.000	-0.007	
49.95	0.293	0.271	0.003	-0.275	-0.001	-0.002	
50.00	0.293	0.271	-0.011	-0.270	-0.001	0.009	
50.05	0.292	0.271	-0.024	-0.261	-0.000	0.014	
50.10	0.291	0.271	-0.037	-0.247	0.001	0.008	
50.15	0.288	0.271	-0.049	-0.224	0.001	0.001	
50.20	0.286	0.271	-0.060	-0.192	0.001	-0.005	
50.25	0.282	0.272	-0.068	-0.163	0.000	-0.009	
50.30	0.279	0.271	-0.076	-0.148	-0.001	-0.000	
50.35	0.275	0.271	-0.083	-0.125	0.000	0.003	
50.40	0.270	0.271	-0.089	-0.081	-0.000	0.007	
50.45	0.265	0.271	-0.092	-0.025	0.001	0.010	
50.50	0.261	0.272	-0.091	0.007	0.001	0.000	
50.55	0.256	0.271	-0.090	0.007	0.001	-0.006	
50.60	0.252	0.272	-0.089	-0.002	0.001	-0.018	
50.65	0.248	0.272	-0.094	0.061	-0.002	-0.016	
50.70	0.242	0.271	-0.087	0.197	-0.002	0.014	
50.75	0.239	0.271	-0.071	0.277	0.001	0.024	
50.80	0.235	0.271	-0.056	0.289	0.002	0.012	
50.85	0.233	0.272	-0.041	0.274	0.002	-0.007	
50.90	0.231	0.272	-0.029	0.257	0.000	-0.019	
50.95	0.230	0.272	-0.016	0.264	-0.001	-0.012	
51.00	0.229	0.272	-0.003	0.277	-0.000	-0.013	
51.05	0.230	0.272	0.012	0.278	-0.002	-0.007	
51.10	0.231	0.271	0.026	0.259	-0.002	0.017	
51.15	0.232	0.271	0.037	0.247	0.001	0.021	
51.20	0.234	0.271	0.049	0.261	0.001	0.006	
51.25	0.237	0.272	0.062	0.283	0.001	-0.008	
51.30	0.240	0.272	0.082	0.226	-0.000	-0.008	
51.35	0.246	0.271	0.090	0.086	0.000	-0.001	
51.40	0.250	0.272	0.086	0.014	0.000	-0.009	
51.45	0.254	0.272	0.087	0.010	-0.001	-0.010	
51.50	0.259	0.271	0.088	-0.002	-0.002	0.008	
51.55	0.263	0.271	0.088	-0.028	-0.000	0.019	
51.60	0.268	0.271	0.086	-0.059	0.002	0.001	
51.65	0.272	0.272	0.082	-0.088	0.000	-0.018	
51.70	0.276	0.271	0.077	-0.127	-0.001	-0.016	
51.75	0.280	0.271	0.070	-0.167	-0.002	0.002	
51.80	0.283	0.271	0.060	-0.196	-0.001	0.019	
51.85	0.286	0.271	0.050	-0.214	0.001	0.010	
51.90	0.288	0.271	0.039	-0.231	-0.000	-0.000	
51.95	0.289	0.271	0.026	-0.242	0.000	0.003	
52.00	0.290	0.271	0.014	-0.245	0.001	-0.009	
52.05	0.291	0.271	0.002	-0.256	-0.001	-0.007	
52.10	0.291	0.271	-0.012	-0.263	-0.001	0.015	
52.15	0.290	0.271	-0.025	-0.250	0.002	0.011	
52.20	0.288	0.271	-0.037	-0.228	0.001	-0.000	
52.25	0.286	0.271	-0.048	-0.204	0.001	-0.005	
52.30	0.283	0.272	-0.058	-0.180	0.000	-0.008	
52.35	0.280	0.271	-0.066	-0.152	-0.000	0.001	
52.40	0.277	0.271	-0.073	-0.129	0.001	-0.004	
52.45	0.273	0.272	-0.079	-0.101	-0.001	-0.010	
52.50	0.269	0.271	-0.083	-0.062	-0.001	0.003	
52.55	0.264	0.271	-0.085	-0.037	-0.000	0.009	
52.60	0.260	0.271	-0.086	-0.028	0.001	0.002	
52.65	0.256	0.272	-0.087	-0.031	0.000	-0.004	
52.70	0.252	0.271	-0.093	0.038	-0.001	0.003	
52.75	0.246	0.271	-0.087	0.181	0.001	0.006	
52.80	0.243	0.271	-0.070	0.247	0.000	0.002	
52.85	0.239	0.271	-0.059	0.241	0.001	-0.004	
52.90	0.237	0.272	-0.047	0.229	0.000	-0.009	
52.95	0.235	0.271	-0.036	0.230	-0.001	-0.003	
53.00	0.233	0.271	-0.024	0.237	0.000	-0.002	
53.05	0.232	0.272	-0.012	0.225	-0.001	-0.000	
53.10	0.232	0.271	-0.002	0.214	-0.001	0.013	
53.15	0.232	0.271	0.009	0.219	0.002	0.007	
53.20	0.233	0.272	0.020	0.236	0.000	-0.005	
53.25	0.234	0.271	0.033	0.250	0.000	-0.005	
53.30	0.236	0.272	0.046	0.250	0.000	-0.005	
53.35	0.239	0.271	0.058	0.233	-0.000	-0.006	
53.40	0.242	0.272	0.069	0.210	-0.001	-0.007	
53.45	0.245	0.271	0.082	0.133	-0.002	0.005	
53.50	0.251	0.271	0.081	0.071	-0.000	0.015	
53.55	0.253	0.271	0.085	0.073	0.001	0.001	
53.60	0.259	0.272	0.093	-0.004	-0.000	-0.005	
53.65	0.263	0.271	0.085	-0.082	-0.000	0.007	
53.70	0.267	0.271	0.081	-0.091	0.001	0.002	
53.75	0.271	0.272	0.077	-0.102	0.000	-0.010	
53.80	0.275	0.271	0.071	-0.121	-0.001	-0.004	
53.85	0.279	0.271	0.065	-0.149	-0.000	0.003	
53.90	0.282	0.271	0.057	-0.184	0.000	0.002	
53.95	0.284	0.271	0.046	-0.214	0.000	-0.008	
54.00	0.286	0.272	0.035	-0.226	-0.001	-0.010	
54.05	0.288	0.271	0.023	-0.232	-0.002	0.008	
54.10	0.289	0.271	0.011	-0.232	0.000	0.011	
54.15	0.289	0.271	0.000	-0.230	0.001	-0.006	
54.20	0.289	0.271	-0.011	-0.237	-0.001	-0.011	
54.25	0.288	0.271	-0.024	-0.237	-0.001	0.002	
54.30	0.286	0.271	-0.036	-0.215	-0.001	0.019	
54.35	0.284	0.271	-0.046	-0.185	0.001	0.021	
54.40	0.282	0.271	-0.054	-0.168	0.002	0.002	
54.45	0.279	0.271	-0.063	-0.149	0.001	-0.016	
54.50	0.275	0.272	-0.069	-0.117	0.000	-0.021	
54.55	0.272	0.271	-0.075	-0.081	-0.002	-0.007	
54.60	0.268	0.271	-0.077	-0.048	-0.000	-0.002	
54.65	0.264	0.272	-0.079	-0.014	-0.001	-0.005	
54.70	0.260	0.271	-0.079	0.026	-0.002	0.010	
54.75	0.256	0.271	-0.076	0.045	0.000	0.015	
54.80	0.252	0.271	-0.074	0.044	0.000	0.011	
54.85	0.249	0.271	-0.071	0.038	0.001	0.013	
54.90	0.245	0.271	-0.073	0.095	0.002	0.003	
54.95	0.241	0.272	-0.065	0.218	0.001	-0.013	
55.00	0.238	0.271	-0.047	0.268	0.000	-0.016	
55.05	0.236	0.272	-0.035	0.260	-0.001	-0.007	
55.10	0.235	0.271	-0.022	0.255	-0.000	0.001	
55.15	0.234	0.272	-0.009	0.243	-0.000	0.000	
55.20	0.234	0.271	0.002	0.235	-0.001	0.003	
55.25	0.234	0.271	0.014	0.228	0.000	-0.003	
55.30	0.235	0.271	0.026	0.210	-0.001	-0.013	
55.35	0.237	0.271	0.034	0.205	-0.002	0.001	
55.40	0.239	0.271	0.044	0.231	-0.001	0.028	
55.45	0.241	0.271	0.057	0.258	0.003	0.022	
55.50	0.244	0.272	0.075	0.199	0.002	-0.010	
55.55	0.249	0.271	0.081	0.057	-0.000	-0.017	
55.60	0.253	0.271	0.077	-0.018	-0.000	-0.008	
55.65	0.257	0.271	0.075	-0.010	-0.000	-0.004	
55.70	0.260	0.271	0.076	0.000	-0.001	0.005	
55.75	0.264	0.271	0.078	-0.028	0.000	0.011	
55.80	0.268	0.271	0.074	-0.071	0.001	0.002	
55.85	0.272	0.271	0.069	-0.092	0.001	-0.013	
55.90	0.275	0.272	0.065	-0.114	-0.001	-0.013	
55.95	0.278	0.271	0.059	-0.148	-0.002	0.008	
56.00	0.281	0.271	0.050	-0.180	0.001	0.014	
56.05	0.283	0.271	0.040	-0.197	0.001	-0.000	
56.10	0.285	0.271	0.030	-0.210	0.000	-0.009	
56.15	0.286	0.271	0.018	-0.214	-0.001	-0.004	
56.20	0.287	0.271	0.008	-0.212	-0.000	0.001	
56.25	0.287	0.271	-0.002	-0.219	0.000	-0.007	
56.30	0.287	0.271	-0.014	-0.214	-0.002	-0.003	
56.35	0.286	0.271	-0.024	-0.203	-0.001	0.014	
56.40	0.284	0.271	-0.034	-0.193	0.001	0.008	
56.45	0.282	0.271	-0.044	-0.174	-0.000	0.004	
56.50	0.280	0.271	-0.052	-0.147	0.001	0.013	
56.55	0.277	0.271	-0.058	-0.126	0.002	0.004	
56.60	0.274	0.271	-0.064	-0.113	0.001	-0.013	
56.65	0.270	0.272	-0.071	-0.084	0.000	-0.019	
56.70	0.267	0.271	-0.074	-0.034	-0.001	-0.009	
56.75	0.263	0.271	-0.073	0.011	-0.001	0.006	
56.80	0.259	0.271	-0.072	0.039	-0.000	0.013	
56.85	0.256	0.271	-0.069	0.059	0.001	0.008	
56.90	0.252	0.271	-0.065	0.063	0.000	0.004	
56.95	0.249	0.271	-0.062	0.053	0.001	0.008	
57.00	0.246	0.271	-0.060	0.052	0.002	-0.002	
57.05	0.244	0.272	-0.061	0.133	0.001	-0.019	
57.10	0.239	0.272	-0.051	0.284	-0.001	-0.018	
57.15	0.238	0.272	-0.028	0.341	-0.001	-0.003	
57.20	0.237	0.271	-0.007	0.227	-0.001	0.009	
57.25	0.238	0.271	-0.006	0.131	0.000	0.007	
57.30	0.236	0.272	-0.005	0.228	-0.000	-0.002	
57.35	0.236	0.271	0.016	0.336	-0.001	0.005	
57.40	0.238	0.271	0.038	0.282	0.000	0.012	
57.45	0.241	0.271	0.048	0.145	0.002	-0.001	
57.50	0.243	0.272	0.047	0.082	0.000	-0.015	
57.55	0.245	0.271	0.053	0.087	-0.001	-0.009	
57.60	0.248	0.272	0.057	0.083	-0.001	0.001	
57.65	0.251	0.271	0.061	0.082	-0.001	0.015	
57.70	0.254	0.271	0.065	0.079	0.002	0.013	
57.75	0.258	0.272	0.070	0.056	0.002	-0.014	
57.80	0.261	0.272	0.072	0.011	-0.001	-0.015	
57.85	0.265	0.271	0.071	-0.039	-0.001	0.003	
57.90	0.268	0.271	0.067	-0.071	0.000	0.001	
57.95	0.272	0.272	0.063	-0.094	-0.000	-0.009	
58.00	0.275	0.271	0.058	-0.126	-0.002	0.002	
58.05	0.278	0.271	0.051	-0.154	-0.001	0.021	
58.10	0.280	0.271	0.041	-0.156	0.002	0.013	
58.15	0.282	0.272	0.035	-0.158	0.001	-0.011	
58.20	0.283	0.271	0.027	-0.187	-0.000	-0.019	
58.25	0.285	0.272	0.016	-0.209	-0.002	-0.003	
58.30	0.285	0.271	0.005	-0.212	-0.001	0.018	
58.35	0.285	0.271	-0.005	-0.209	0.002	0.010	
58.40	0.285	0.271	-0.016	-0.202	0.001	-0.012	
58.45	0.283	0.272	-0.026	-0.183	-0.001	-0.013	
58.50	0.282	0.271	-0.034	-0.160	-0.002	0.006	
58.55	0.280	0.271	-0.041	-0.148	0.001	0.008	
58.60	0.278	0.272	-0.049	-0.136	0.000	-0.004	
58.65	0.275	0.271	-0.055	-0.121	-0.001	0.010	
58.70	0.272	0.271	-0.061	-0.101	0.002	0.014	
58.75	0.269	0.272	-0.066	-0.067	0.001	-0.001	
58.80	0.265	0.271	-0.069	-0.022	0.001	-0.004	
58.85	0.262	0.272	-0.067	0.013	0.001	-0.009	
58.90	0.259	0.272	-0.067	0.035	0.000	-0.014	
58.95	0.255	0.272	-0.065	0.066	-0.001	-0.015	
59.00	0.252	0.272	-0.059	0.076	-0.002	-0.002	
59.05	0.249	0.271	-0.056	0.059	-0.001	0.017	
59.10	0.247	0.271	-0.053	0.046	0.001	0.019	
59.15	0.244	0.271	-0.055	0.106	0.001	0.013	
59.20	0.241	0.271	-0.046	0.240	0.002	0.000	
59.25	0.239	0.272	-0.027	0.309	0.001	-0.018	
59.30	0.238	0.272	-0.011	0.290	-0.001	-0.016	
59.35	0.238	0.272	0.007	0.170	-0.001	-0.007	
59.40	0.240	0.272	0.005	0.076	-0.002	0.006	
59.45	0.238	0.271	0.004	0.165	0.000	0.009	
59.50	0.239	0.272	0.022	0.256	0.000	-0.009	
59.55	0.241	0.271	0.035	0.260	-0.002	-0.008	
59.60	0.243	0.271	0.047	0.253	-0.001	0.002	
59.65	0.245	0.271	0.063	0.181	-0.001	0.007	
59.70	0.250	0.271	0.069	0.045	-0.000	0.011	
59.75	0.253	0.271	0.063	-0.012	0.001	0.002	
59.80	0.256	0.271	0.064	0.004	-0.000	0.002	
59.85	0.259	0.271	0.065	0.006	0.001	0.006	
59.90	0.262	0.272	0.064	0.008	0.000	0.010	
59.95	0.265	0.271	0.065	0.018	0.001	0.027	
60.00	0.269	0.272	0.067	0.026	0.004	0.044	
