Vernier Format 2
run21.txt 10/10/2025 15:16:18
Run 1
Time	Position	Position	Velocity	Acceleration	Velocity	Acceleration	
T	P	P	V	A	V	A	
s	m	m	m/s	m/s^2	m/s	m/s^2	

0.00	0.258	0.261	0.069	0.009	0.137	-0.077	
0.05	0.261	0.268	0.070	-0.001	0.133	-0.079	
0.10	0.265	0.274	0.070	-0.028	0.130	-0.090	
0.15	0.269	0.281	0.068	-0.079	0.125	-0.123	
0.20	0.272	0.287	0.062	-0.120	0.118	-0.163	
0.25	0.275	0.293	0.055	-0.139	0.109	-0.203	
0.30	0.277	0.298	0.048	-0.152	0.098	-0.243	
0.35	0.280	0.303	0.040	-0.170	0.085	-0.289	
0.40	0.281	0.307	0.031	-0.187	0.068	-0.331	
0.45	0.283	0.310	0.021	-0.196	0.051	-0.350	
0.50	0.283	0.312	0.011	-0.207	0.034	-0.371	
0.55	0.284	0.313	0.001	-0.217	0.014	-0.387	
0.60	0.284	0.313	-0.012	-0.201	-0.007	-0.368	
0.65	0.282	0.312	-0.021	-0.163	-0.024	-0.338	
0.70	0.281	0.311	-0.027	-0.145	-0.040	-0.324	
0.75	0.280	0.308	-0.034	-0.144	-0.055	-0.321	
0.80	0.278	0.305	-0.042	-0.133	-0.072	-0.312	
0.85	0.276	0.301	-0.048	-0.115	-0.088	-0.275	
0.90	0.273	0.296	-0.053	-0.099	-0.101	-0.212	
0.95	0.270	0.291	-0.058	-0.073	-0.109	-0.148	
1.00	0.267	0.285	-0.061	-0.048	-0.115	-0.101	
1.05	0.264	0.279	-0.063	-0.025	-0.119	-0.061	
1.10	0.261	0.273	-0.064	0.010	-0.120	-0.023	
1.15	0.258	0.267	-0.062	0.043	-0.122	0.028	
1.20	0.255	0.261	-0.059	0.069	-0.119	0.106	
1.25	0.252	0.255	-0.055	0.090	-0.111	0.176	
1.30	0.249	0.250	-0.050	0.094	-0.100	0.223	
1.35	0.247	0.245	-0.045	0.097	-0.088	0.254	
1.40	0.245	0.241	-0.040	0.106	-0.075	0.285	
1.45	0.243	0.238	-0.039	0.183	-0.061	0.339	
1.50	0.240	0.235	-0.021	0.245	-0.041	0.384	
1.55	0.241	0.233	-0.004	0.145	-0.020	0.387	
1.60	0.241	0.233	-0.012	0.136	-0.001	0.366	
1.65	0.239	0.233	-0.002	0.302	0.016	0.347	
1.70	0.240	0.234	0.027	0.320	0.034	0.329	
1.75	0.243	0.237	0.040	0.164	0.050	0.299	
1.80	0.244	0.240	0.039	0.075	0.063	0.276	
1.85	0.246	0.243	0.042	0.079	0.078	0.250	
1.90	0.249	0.247	0.048	0.080	0.089	0.202	
1.95	0.251	0.252	0.051	0.068	0.097	0.157	
2.00	0.254	0.257	0.054	0.064	0.104	0.120	
2.05	0.256	0.263	0.058	0.054	0.110	0.074	
2.10	0.259	0.268	0.061	0.023	0.112	0.017	
2.15	0.263	0.274	0.061	-0.019	0.112	-0.043	
2.20	0.266	0.280	0.058	-0.052	0.108	-0.101	
2.25	0.268	0.285	0.055	-0.073	0.100	-0.137	
2.30	0.271	0.290	0.051	-0.092	0.094	-0.163	
2.35	0.274	0.294	0.046	-0.111	0.085	-0.209	
2.40	0.276	0.298	0.039	-0.126	0.073	-0.256	
2.45	0.277	0.302	0.033	-0.138	0.059	-0.285	
2.50	0.279	0.304	0.026	-0.159	0.044	-0.307	
2.55	0.280	0.306	0.018	-0.189	0.029	-0.337	
2.60	0.281	0.307	0.006	-0.196	0.010	-0.349	
2.65	0.281	0.307	-0.003	-0.183	-0.008	-0.330	
2.70	0.281	0.306	-0.012	-0.169	-0.023	-0.306	
2.75	0.280	0.305	-0.020	-0.151	-0.038	-0.287	
2.80	0.279	0.303	-0.027	-0.133	-0.052	-0.273	
2.85	0.277	0.299	-0.033	-0.114	-0.066	-0.243	
2.90	0.275	0.296	-0.038	-0.103	-0.076	-0.212	
2.95	0.273	0.292	-0.043	-0.099	-0.086	-0.194	
3.00	0.271	0.287	-0.049	-0.081	-0.097	-0.147	
3.05	0.268	0.282	-0.052	-0.049	-0.102	-0.079	
3.10	0.265	0.277	-0.053	-0.023	-0.103	-0.030	
3.15	0.263	0.272	-0.054	-0.001	-0.104	0.002	
3.20	0.260	0.266	-0.053	0.019	-0.104	0.047	
3.25	0.257	0.261	-0.052	0.038	-0.100	0.098	
3.30	0.255	0.256	-0.050	0.060	-0.093	0.135	
3.35	0.252	0.252	-0.046	0.077	-0.087	0.180	
3.40	0.250	0.247	-0.042	0.099	-0.077	0.240	
3.45	0.248	0.244	-0.036	0.118	-0.061	0.271	
3.50	0.246	0.241	-0.030	0.135	-0.048	0.279	
3.55	0.245	0.239	-0.022	0.150	-0.035	0.300	
3.60	0.244	0.238	-0.015	0.162	-0.018	0.325	
3.65	0.244	0.237	-0.006	0.174	-0.001	0.338	
3.70	0.244	0.238	0.003	0.173	0.016	0.331	
3.75	0.244	0.239	0.012	0.159	0.032	0.309	
3.80	0.245	0.241	0.019	0.136	0.047	0.280	
3.85	0.246	0.244	0.025	0.123	0.061	0.241	
3.90	0.247	0.247	0.031	0.121	0.072	0.201	
3.95	0.249	0.251	0.037	0.113	0.081	0.159	
4.00	0.251	0.255	0.043	0.097	0.087	0.125	
4.05	0.253	0.260	0.047	0.075	0.093	0.100	
4.10	0.256	0.264	0.050	0.054	0.098	0.066	
4.15	0.258	0.269	0.053	0.030	0.101	0.003	
4.20	0.261	0.275	0.054	-0.004	0.098	-0.064	
4.25	0.264	0.279	0.052	-0.039	0.092	-0.085	
4.30	0.266	0.284	0.049	-0.058	0.090	-0.108	
4.35	0.269	0.289	0.046	-0.069	0.083	-0.156	
4.40	0.271	0.292	0.043	-0.094	0.073	-0.188	
4.45	0.273	0.296	0.036	-0.113	0.064	-0.226	
4.50	0.275	0.299	0.030	-0.113	0.051	-0.267	
4.55	0.276	0.301	0.026	-0.122	0.036	-0.283	
4.60	0.277	0.303	0.019	-0.141	0.022	-0.288	
4.65	0.278	0.303	0.011	-0.147	0.007	-0.288	
4.70	0.278	0.303	0.004	-0.152	-0.006	-0.291	
4.75	0.278	0.303	-0.004	-0.152	-0.022	-0.289	
4.80	0.278	0.301	-0.012	-0.142	-0.036	-0.264	
4.85	0.277	0.299	-0.019	-0.134	-0.048	-0.233	
4.90	0.276	0.296	-0.025	-0.130	-0.060	-0.200	
4.95	0.275	0.293	-0.032	-0.117	-0.068	-0.169	
5.00	0.273	0.289	-0.038	-0.086	-0.076	-0.158	
5.05	0.271	0.285	-0.040	-0.062	-0.085	-0.129	
5.10	0.269	0.281	-0.043	-0.052	-0.090	-0.071	
5.15	0.267	0.276	-0.046	-0.034	-0.091	-0.037	
5.20	0.264	0.272	-0.047	-0.008	-0.093	-0.016	
5.25	0.262	0.267	-0.046	0.013	-0.094	0.038	
5.30	0.259	0.262	-0.045	0.024	-0.090	0.106	
5.35	0.257	0.258	-0.044	0.039	-0.082	0.147	
5.40	0.255	0.254	-0.042	0.065	-0.074	0.166	
5.45	0.253	0.250	-0.037	0.091	-0.066	0.181	
5.50	0.251	0.247	-0.032	0.106	-0.057	0.220	
5.55	0.250	0.244	-0.026	0.109	-0.044	0.263	
5.60	0.249	0.243	-0.021	0.105	-0.029	0.272	
5.65	0.248	0.242	-0.016	0.112	-0.016	0.271	
5.70	0.247	0.241	-0.010	0.127	-0.003	0.278	
5.75	0.247	0.241	-0.003	0.137	0.012	0.274	
5.80	0.247	0.242	0.004	0.142	0.025	0.266	
5.85	0.247	0.244	0.011	0.133	0.038	0.263	
5.90	0.248	0.246	0.018	0.114	0.052	0.235	
5.95	0.249	0.249	0.022	0.101	0.062	0.199	
6.00	0.250	0.252	0.027	0.104	0.072	0.169	
6.05	0.251	0.256	0.033	0.096	0.080	0.122	
6.10	0.253	0.261	0.038	0.065	0.084	0.075	
6.15	0.255	0.265	0.040	0.039	0.087	0.037	
6.20	0.257	0.269	0.041	0.030	0.088	-0.003	
6.25	0.259	0.274	0.042	0.029	0.087	-0.042	
6.30	0.262	0.278	0.044	0.020	0.083	-0.072	
6.35	0.264	0.282	0.046	-0.019	0.080	-0.110	
6.40	0.266	0.286	0.042	-0.060	0.073	-0.157	
6.45	0.268	0.289	0.038	-0.077	0.063	-0.180	
6.50	0.270	0.292	0.034	-0.083	0.055	-0.202	
6.55	0.272	0.295	0.030	-0.093	0.043	-0.225	
6.60	0.273	0.297	0.025	-0.108	0.031	-0.236	
6.65	0.274	0.298	0.019	-0.118	0.020	-0.256	
6.70	0.275	0.299	0.013	-0.125	0.006	-0.266	
6.75	0.276	0.299	0.007	-0.131	-0.008	-0.243	
6.80	0.276	0.298	0.000	-0.133	-0.019	-0.219	
6.85	0.276	0.297	-0.007	-0.128	-0.029	-0.216	
6.90	0.275	0.295	-0.013	-0.115	-0.041	-0.209	
6.95	0.274	0.293	-0.018	-0.100	-0.051	-0.176	
7.00	0.273	0.290	-0.023	-0.092	-0.058	-0.145	
7.05	0.272	0.287	-0.027	-0.089	-0.064	-0.134	
7.10	0.270	0.283	-0.032	-0.082	-0.072	-0.123	
7.15	0.269	0.280	-0.035	-0.075	-0.078	-0.089	
7.20	0.267	0.276	-0.040	-0.054	-0.081	-0.038	
7.25	0.265	0.271	-0.042	-0.008	-0.082	0.022	
7.30	0.263	0.267	-0.040	0.022	-0.078	0.067	
7.35	0.261	0.263	-0.038	0.025	-0.074	0.082	
7.40	0.259	0.260	-0.038	0.026	-0.071	0.102	
7.45	0.257	0.256	-0.037	0.041	-0.065	0.146	
7.50	0.255	0.253	-0.034	0.062	-0.055	0.179	
7.55	0.253	0.251	-0.030	0.075	-0.046	0.197	
7.60	0.252	0.249	-0.026	0.088	-0.036	0.214	
7.65	0.251	0.247	-0.021	0.106	-0.025	0.234	
7.70	0.250	0.246	-0.015	0.106	-0.012	0.250	
7.75	0.249	0.246	-0.010	0.099	0.001	0.252	
7.80	0.249	0.246	-0.006	0.106	0.014	0.239	
7.85	0.249	0.247	0.000	0.115	0.025	0.214	
7.90	0.249	0.249	0.006	0.111	0.034	0.207	
7.95	0.249	0.251	0.012	0.101	0.046	0.189	
8.00	0.250	0.253	0.016	0.098	0.054	0.153	
8.05	0.251	0.256	0.021	0.099	0.061	0.120	
8.10	0.252	0.260	0.026	0.086	0.066	0.092	
8.15	0.254	0.263	0.030	0.062	0.070	0.074	
8.20	0.255	0.267	0.032	0.042	0.074	0.046	
8.25	0.257	0.270	0.034	0.029	0.075	-0.003	
8.30	0.259	0.274	0.035	0.023	0.073	-0.049	
8.35	0.260	0.278	0.037	0.009	0.070	-0.080	
8.40	0.262	0.281	0.037	-0.019	0.065	-0.104	
8.45	0.264	0.284	0.034	-0.040	0.059	-0.125	
8.50	0.266	0.287	0.032	-0.052	0.053	-0.150	
8.55	0.267	0.290	0.029	-0.058	0.044	-0.176	
8.60	0.269	0.292	0.026	-0.059	0.036	-0.209	
8.65	0.270	0.293	0.024	-0.068	0.023	-0.229	
8.70	0.271	0.294	0.020	-0.086	0.011	-0.222	
8.75	0.272	0.294	0.015	-0.104	0.001	-0.218	
8.80	0.273	0.294	0.009	-0.111	-0.010	-0.217	
8.85	0.273	0.293	0.003	-0.110	-0.021	-0.209	
8.90	0.273	0.292	-0.002	-0.106	-0.032	-0.183	
8.95	0.273	0.290	-0.008	-0.093	-0.039	-0.156	
9.00	0.272	0.288	-0.012	-0.079	-0.046	-0.153	
9.05	0.271	0.286	-0.015	-0.079	-0.055	-0.137	
9.10	0.271	0.282	-0.019	-0.082	-0.062	-0.092	
9.15	0.270	0.279	-0.024	-0.068	-0.064	-0.046	
9.20	0.268	0.276	-0.026	-0.051	-0.065	-0.019	
9.25	0.267	0.273	-0.028	-0.049	-0.066	-0.009	
9.30	0.265	0.269	-0.031	-0.039	-0.066	0.005	
9.35	0.264	0.266	-0.032	-0.023	-0.066	0.035	
9.40	0.262	0.263	-0.033	-0.011	-0.063	0.072	
9.45	0.261	0.260	-0.034	0.012	-0.059	0.114	
9.50	0.259	0.257	-0.032	0.041	-0.052	0.161	
9.55	0.257	0.254	-0.029	0.057	-0.042	0.194	
9.60	0.256	0.252	-0.027	0.070	-0.031	0.204	
9.65	0.255	0.251	-0.022	0.076	-0.021	0.196	
9.70	0.253	0.250	-0.018	0.068	-0.012	0.189	
9.75	0.253	0.250	-0.016	0.064	-0.002	0.187	
9.80	0.252	0.250	-0.013	0.084	0.006	0.197	
9.85	0.251	0.251	-0.007	0.104	0.017	0.215	
9.90	0.251	0.252	-0.001	0.096	0.029	0.205	
9.95	0.251	0.254	0.002	0.088	0.038	0.168	
10.00	0.251	0.256	0.007	0.088	0.046	0.134	
10.05	0.252	0.258	0.012	0.082	0.051	0.106	
10.10	0.253	0.261	0.015	0.074	0.056	0.084	
10.15	0.253	0.264	0.019	0.066	0.060	0.056	
10.20	0.255	0.267	0.022	0.055	0.061	0.035	
10.25	0.256	0.270	0.025	0.037	0.064	0.011	
10.30	0.257	0.274	0.026	0.023	0.064	-0.034	
10.35	0.258	0.276	0.026	0.024	0.060	-0.071	
10.40	0.260	0.280	0.028	0.027	0.056	-0.094	
10.45	0.261	0.282	0.030	0.014	0.050	-0.104	
10.50	0.263	0.285	0.030	-0.013	0.045	-0.108	
10.55	0.264	0.287	0.028	-0.032	0.040	-0.125	
10.60	0.265	0.289	0.027	-0.046	0.033	-0.158	
10.65	0.267	0.290	0.024	-0.061	0.024	-0.185	
10.70	0.268	0.291	0.020	-0.062	0.014	-0.203	
10.75	0.269	0.292	0.017	-0.062	0.003	-0.203	
10.80	0.270	0.291	0.014	-0.075	-0.007	-0.188	
10.85	0.270	0.291	0.010	-0.090	-0.016	-0.175	
10.90	0.271	0.290	0.004	-0.088	-0.024	-0.156	
10.95	0.271	0.288	0.000	-0.077	-0.031	-0.140	
11.00	0.271	0.287	-0.003	-0.077	-0.038	-0.131	
11.05	0.270	0.285	-0.007	-0.082	-0.045	-0.111	
11.10	0.270	0.282	-0.011	-0.075	-0.049	-0.088	
11.15	0.269	0.280	-0.015	-0.060	-0.053	-0.078	
11.20	0.268	0.277	-0.017	-0.050	-0.058	-0.056	
11.25	0.268	0.274	-0.019	-0.050	-0.059	-0.018	
11.30	0.267	0.271	-0.022	-0.047	-0.059	0.009	
11.35	0.265	0.268	-0.025	-0.030	-0.059	0.040	
11.40	0.264	0.265	-0.025	-0.010	-0.055	0.080	
11.45	0.263	0.262	-0.025	0.003	-0.050	0.106	
11.50	0.261	0.260	-0.025	0.006	-0.044	0.117	
11.55	0.260	0.258	-0.025	0.008	-0.038	0.121	
11.60	0.259	0.256	-0.025	0.031	-0.032	0.122	
11.65	0.258	0.255	-0.022	0.056	-0.027	0.145	
11.70	0.257	0.253	-0.017	0.046	-0.018	0.180	
11.75	0.256	0.253	-0.016	0.024	-0.008	0.191	
11.80	0.255	0.252	-0.017	0.035	0.002	0.186	
11.85	0.254	0.253	-0.014	0.070	0.011	0.171	
11.90	0.254	0.254	-0.009	0.090	0.019	0.154	
11.95	0.253	0.255	-0.004	0.087	0.027	0.141	
12.00	0.253	0.256	-0.000	0.079	0.033	0.133	
12.05	0.253	0.258	0.004	0.075	0.039	0.135	
12.10	0.254	0.260	0.007	0.072	0.048	0.113	
12.15	0.254	0.263	0.011	0.061	0.052	0.066	
12.20	0.255	0.265	0.014	0.040	0.053	0.032	
12.25	0.256	0.268	0.014	0.041	0.054	0.010	
12.30	0.256	0.271	0.017	0.054	0.054	-0.011	
12.35	0.257	0.274	0.021	0.042	0.053	-0.031	
12.40	0.258	0.276	0.022	0.021	0.052	-0.060	
12.45	0.259	0.279	0.022	0.009	0.047	-0.090	
12.50	0.261	0.281	0.023	0.003	0.042	-0.104	
12.55	0.262	0.283	0.023	-0.009	0.037	-0.117	
12.60	0.263	0.285	0.022	-0.027	0.031	-0.137	
12.65	0.264	0.286	0.020	-0.040	0.023	-0.157	
12.70	0.265	0.287	0.018	-0.046	0.015	-0.171	
12.75	0.266	0.288	0.015	-0.046	0.005	-0.159	
12.80	0.267	0.288	0.013	-0.050	-0.002	-0.133	
12.85	0.267	0.287	0.010	-0.054	-0.007	-0.133	
12.90	0.268	0.287	0.008	-0.054	-0.014	-0.151	
12.95	0.268	0.286	0.006	-0.063	-0.023	-0.149	
13.00	0.268	0.285	0.001	-0.073	-0.030	-0.126	
13.05	0.268	0.283	-0.003	-0.060	-0.036	-0.094	
13.10	0.268	0.281	-0.004	-0.049	-0.039	-0.075	
13.15	0.268	0.279	-0.007	-0.053	-0.043	-0.069	
13.20	0.267	0.277	-0.010	-0.052	-0.047	-0.042	
13.25	0.267	0.274	-0.013	-0.041	-0.047	-0.023	
13.30	0.266	0.272	-0.014	-0.031	-0.049	-0.011	
13.35	0.265	0.269	-0.016	-0.029	-0.049	0.025	
13.40	0.264	0.267	-0.017	-0.022	-0.046	0.050	
13.45	0.263	0.265	-0.018	-0.009	-0.043	0.060	
13.50	0.262	0.263	-0.018	0.006	-0.041	0.086	
13.55	0.262	0.261	-0.017	0.007	-0.035	0.110	
13.60	0.261	0.259	-0.017	0.004	-0.028	0.115	
13.65	0.260	0.258	-0.017	0.021	-0.024	0.130	
13.70	0.259	0.257	-0.015	0.041	-0.016	0.150	
13.75	0.258	0.256	-0.012	0.045	-0.008	0.162	
13.80	0.258	0.256	-0.010	0.041	0.000	0.171	
13.85	0.257	0.256	-0.008	0.038	0.009	0.168	
13.90	0.257	0.257	-0.007	0.037	0.018	0.140	
13.95	0.257	0.258	-0.004	0.034	0.024	0.096	
14.00	0.256	0.259	-0.004	0.039	0.026	0.085	
14.05	0.256	0.261	-0.001	0.051	0.032	0.089	
14.10	0.256	0.263	0.003	0.041	0.036	0.078	
14.15	0.257	0.264	0.003	0.034	0.040	0.058	
14.20	0.256	0.267	0.005	0.047	0.042	0.033	
14.25	0.257	0.269	0.009	0.043	0.042	0.021	
14.30	0.257	0.271	0.010	0.028	0.045	0.003	
14.35	0.258	0.273	0.010	0.032	0.044	-0.027	
14.40	0.258	0.275	0.013	0.034	0.041	-0.042	
14.45	0.259	0.277	0.015	0.019	0.040	-0.059	
14.50	0.260	0.279	0.015	0.001	0.036	-0.087	
14.55	0.261	0.281	0.014	-0.006	0.031	-0.111	
14.60	0.261	0.282	0.014	-0.005	0.025	-0.133	
14.65	0.262	0.283	0.014	-0.014	0.016	-0.138	
14.70	0.263	0.284	0.013	-0.021	0.010	-0.131	
14.75	0.263	0.284	0.012	-0.022	0.004	-0.125	
14.80	0.264	0.284	0.010	-0.024	-0.002	-0.123	
14.85	0.264	0.284	0.010	-0.030	-0.009	-0.116	
14.90	0.265	0.283	0.007	-0.039	-0.013	-0.114	
14.95	0.265	0.283	0.006	-0.051	-0.020	-0.113	
15.00	0.266	0.281	0.003	-0.072	-0.026	-0.089	
15.05	0.265	0.280	-0.002	-0.072	-0.029	-0.065	
15.10	0.265	0.278	-0.004	-0.060	-0.032	-0.051	
15.15	0.265	0.277	-0.012	0.016	-0.034	-0.046	
15.20	0.263	0.275	-0.003	0.089	-0.037	-0.036	
15.25	0.265	0.273	0.006	0.002	-0.038	-0.009	
15.30	0.265	0.271	-0.003	-0.080	-0.038	0.017	
15.35	0.264	0.269	-0.008	-0.062	-0.036	0.032	
15.40	0.264	0.268	-0.010	-0.028	-0.034	0.042	
15.45	0.263	0.266	-0.009	-0.011	-0.032	0.054	
15.50	0.263	0.264	-0.010	-0.011	-0.029	0.066	
15.55	0.262	0.263	-0.011	-0.003	-0.025	0.072	
15.60	0.262	0.262	-0.011	0.005	-0.022	0.089	
15.65	0.261	0.261	-0.010	0.008	-0.017	0.113	
15.70	0.261	0.260	-0.010	0.013	-0.010	0.116	
15.75	0.260	0.260	-0.009	0.017	-0.005	0.111	
15.80	0.260	0.260	-0.008	0.020	0.001	0.108	
15.85	0.259	0.260	-0.007	0.025	0.006	0.109	
15.90	0.259	0.260	-0.006	0.026	0.012	0.112	
15.95	0.259	0.261	-0.005	0.032	0.018	0.102	
16.00	0.259	0.262	-0.003	0.042	0.022	0.094	
16.05	0.259	0.263	0.000	0.037	0.028	0.080	
16.10	0.259	0.265	0.002	0.024	0.030	0.058	
16.15	0.259	0.266	0.002	0.019	0.032	0.052	
16.20	0.259	0.268	0.003	0.018	0.036	0.037	
16.25	0.259	0.270	0.004	0.014	0.037	0.006	
16.30	0.259	0.272	0.004	0.016	0.036	-0.016	
16.35	0.259	0.274	0.006	0.023	0.035	-0.031	
16.40	0.260	0.275	0.008	0.014	0.032	-0.035	
16.45	0.260	0.277	0.008	-0.005	0.032	-0.042	
16.50	0.261	0.279	0.006	-0.007	0.029	-0.072	
16.55	0.261	0.280	0.006	0.007	0.024	-0.097	
16.60	0.261	0.281	0.008	0.011	0.019	-0.113	
16.65	0.262	0.282	0.007	0.007	0.012	-0.112	
16.70	0.262	0.282	0.008	0.001	0.008	-0.104	
16.75	0.263	0.283	0.008	-0.013	0.003	-0.111	
16.80	0.263	0.282	0.007	-0.023	-0.004	-0.106	
16.85	0.263	0.282	0.005	-0.025	-0.008	-0.100	
16.90	0.263	0.282	0.004	-0.019	-0.014	-0.090	
16.95	0.264	0.281	0.003	-0.016	-0.017	-0.074	
17.00	0.264	0.280	0.003	-0.022	-0.021	-0.067	
17.05	0.264	0.279	0.001	-0.030	-0.024	-0.056	
17.10	0.264	0.277	-0.001	-0.027	-0.026	-0.049	
17.15	0.264	0.276	-0.002	-0.017	-0.029	-0.052	
17.20	0.264	0.275	-0.002	-0.016	-0.032	-0.037	
17.25	0.264	0.273	-0.003	-0.016	-0.033	-0.003	
17.30	0.263	0.271	-0.004	-0.017	-0.032	0.015	
17.35	0.263	0.270	-0.005	-0.018	-0.032	0.026	
17.40	0.263	0.268	-0.006	-0.018	-0.029	0.039	
17.45	0.263	0.267	-0.007	-0.014	-0.027	0.047	
17.50	0.262	0.265	-0.008	0.001	-0.025	0.060	
17.55	0.262	0.264	-0.007	0.016	-0.021	0.071	
17.60	0.262	0.263	-0.005	0.018	-0.018	0.083	
17.65	0.261	0.262	-0.004	0.008	-0.013	0.097	
17.70	0.261	0.262	-0.005	0.003	-0.007	0.092	
17.75	0.261	0.262	-0.005	0.009	-0.004	0.087	
17.80	0.261	0.261	-0.004	0.016	0.001	0.097	
17.85	0.261	0.262	-0.003	0.021	0.007	0.090	
17.90	0.260	0.262	-0.002	0.027	0.010	0.085	
17.95	0.260	0.263	-0.000	0.025	0.014	0.089	
18.00	0.260	0.264	0.001	0.017	0.020	0.070	
18.05	0.261	0.265	0.002	0.008	0.021	0.052	
18.10	0.261	0.266	0.002	0.004	0.024	0.048	
18.15	0.261	0.267	0.002	0.007	0.027	0.040	
18.20	0.261	0.268	0.002	0.013	0.028	0.033	
18.25	0.261	0.270	0.003	0.015	0.030	0.022	
18.30	0.261	0.271	0.004	0.006	0.031	0.005	
18.35	0.261	0.273	0.004	-0.002	0.030	-0.013	
18.40	0.261	0.275	0.004	-0.002	0.029	-0.032	
18.45	0.262	0.276	0.004	-0.008	0.028	-0.055	
18.50	0.262	0.277	0.003	-0.007	0.024	-0.074	
18.55	0.262	0.278	0.003	0.003	0.019	-0.065	
18.60	0.262	0.279	0.004	-0.002	0.017	-0.056	
18.65	0.262	0.280	0.003	-0.017	0.015	-0.072	
18.70	0.262	0.281	0.001	-0.019	0.011	-0.103	
18.75	0.262	0.281	0.001	-0.021	0.004	-0.128	
18.80	0.263	0.281	0.000	-0.035	-0.004	-0.113	
18.85	0.263	0.281	-0.003	-0.030	-0.008	-0.078	
18.90	0.262	0.280	-0.004	-0.005	-0.011	-0.064	
18.95	0.262	0.280	-0.003	0.005	-0.014	-0.065	
19.00	0.262	0.279	-0.003	0.006	-0.017	-0.067	
19.05	0.262	0.278	-0.003	0.013	-0.021	-0.062	
19.10	0.262	0.277	-0.002	0.019	-0.024	-0.043	
19.15	0.262	0.275	-0.000	0.016	-0.025	-0.018	
19.20	0.262	0.274	0.000	0.010	-0.025	-0.008	
19.25	0.262	0.273	0.000	0.006	-0.027	0.008	
19.30	0.262	0.271	0.001	-0.003	-0.024	0.017	
19.35	0.262	0.271	0.000	-0.011	-0.024	0.010	
19.40	0.262	0.269	-0.001	-0.008	-0.024	0.022	
19.45	0.262	0.268	-0.001	-0.004	-0.022	0.030	
19.50	0.262	0.267	-0.001	-0.000	-0.021	0.033	
19.55	0.261	0.266	-0.001	0.011	-0.019	0.055	
19.60	0.261	0.265	0.000	0.016	-0.016	0.084	
19.65	0.261	0.264	0.001	0.010	-0.010	0.089	
19.70	0.262	0.264	0.001	-0.001	-0.005	0.067	
19.75	0.262	0.264	0.000	-0.003	-0.004	0.061	
19.80	0.262	0.264	0.000	0.006	-0.001	0.081	
19.85	0.262	0.264	0.001	0.009	0.005	0.091	
19.90	0.262	0.264	0.002	0.007	0.010	0.080	
19.95	0.262	0.265	0.002	0.005	0.013	0.059	
20.00	0.262	0.265	0.003	-0.005	0.015	0.041	
20.05	0.262	0.266	0.002	-0.015	0.017	0.032	
20.10	0.262	0.267	0.000	-0.013	0.018	0.032	
20.15	0.262	0.268	0.000	-0.007	0.020	0.034	
20.20	0.262	0.269	0.000	-0.003	0.022	0.027	
20.25	0.262	0.270	0.000	-0.003	0.022	0.027	
20.30	0.262	0.271	-0.000	-0.006	0.025	0.010	
20.35	0.262	0.273	-0.000	-0.012	0.024	-0.026	
20.40	0.262	0.274	-0.002	-0.012	0.021	-0.035	
20.45	0.262	0.275	-0.002	-0.001	0.021	-0.041	
20.50	0.262	0.276	-0.001	0.003	0.018	-0.058	
20.55	0.262	0.277	-0.002	-0.001	0.014	-0.055	
20.60	0.262	0.277	-0.002	0.007	0.012	-0.046	
20.65	0.262	0.278	-0.000	0.002	0.010	-0.057	
20.70	0.262	0.279	-0.001	-0.007	0.006	-0.068	
20.75	0.261	0.279	-0.002	0.005	0.003	-0.071	
20.80	0.261	0.279	-0.001	0.011	-0.001	-0.081	
20.85	0.261	0.279	-0.000	0.005	-0.005	-0.084	
20.90	0.261	0.278	-0.000	0.000	-0.010	-0.074	
20.95	0.261	0.277	-0.001	0.006	-0.013	-0.051	
21.00	0.261	0.277	0.000	0.016	-0.015	-0.028	
21.05	0.261	0.276	0.001	0.017	-0.015	-0.014	
21.10	0.261	0.275	0.002	0.010	-0.016	-0.013	
21.15	0.262	0.274	0.003	-0.006	-0.017	-0.014	
21.20	0.262	0.274	0.002	-0.028	-0.017	-0.019	
21.25	0.262	0.273	-0.001	-0.030	-0.019	-0.012	
21.30	0.262	0.272	-0.003	-0.000	-0.019	0.013	
21.35	0.261	0.271	-0.000	0.020	-0.017	0.019	
21.40	0.262	0.270	0.001	0.006	-0.016	0.009	
21.45	0.262	0.269	-0.000	-0.002	-0.017	0.020	
21.50	0.261	0.268	-0.000	0.012	-0.015	0.044	
21.55	0.262	0.268	0.002	0.010	-0.012	0.057	
21.60	0.262	0.267	0.001	-0.006	-0.009	0.057	
21.65	0.262	0.267	0.000	-0.012	-0.006	0.047	
21.70	0.262	0.267	0.000	-0.012	-0.004	0.043	
21.75	0.262	0.266	-0.000	-0.013	-0.002	0.047	
21.80	0.262	0.266	-0.002	-0.009	0.000	0.048	
21.85	0.262	0.266	-0.002	0.008	0.003	0.049	
21.90	0.261	0.267	-0.000	0.017	0.005	0.048	
21.95	0.262	0.267	0.001	0.004	0.008	0.049	
22.00	0.262	0.267	0.000	-0.011	0.011	0.041	
22.05	0.262	0.268	-0.001	-0.018	0.012	0.029	
22.10	0.262	0.269	-0.002	-0.010	0.013	0.029	
22.15	0.261	0.269	-0.002	0.013	0.015	0.026	
22.20	0.261	0.270	-0.000	0.021	0.016	0.010	
22.25	0.261	0.271	0.001	0.011	0.016	-0.001	
22.30	0.261	0.272	0.000	0.003	0.016	-0.001	
22.35	0.261	0.273	0.000	0.005	0.016	0.000	
22.40	0.261	0.273	0.001	0.002	0.016	-0.004	
22.45	0.261	0.274	0.001	-0.007	0.016	-0.025	
22.50	0.262	0.275	0.000	-0.008	0.014	-0.056	
22.55	0.261	0.276	-0.000	0.003	0.009	-0.065	
22.60	0.261	0.276	0.001	0.008	0.006	-0.043	
22.65	0.262	0.276	0.001	-0.002	0.006	-0.031	
22.70	0.262	0.276	0.000	-0.005	0.004	-0.045	
22.75	0.262	0.276	0.000	-0.001	0.001	-0.053	
22.80	0.262	0.276	0.000	0.002	-0.002	-0.050	
22.85	0.262	0.276	0.001	-0.004	-0.004	-0.043	
22.90	0.262	0.276	0.000	-0.010	-0.006	-0.040	
22.95	0.262	0.276	-0.001	-0.004	-0.008	-0.039	
23.00	0.262	0.275	-0.000	0.002	-0.010	-0.030	
23.05	0.262	0.275	-0.000	0.002	-0.011	-0.021	
23.10	0.262	0.274	-0.001	0.006	-0.012	-0.015	
23.15	0.261	0.274	0.001	0.003	-0.012	-0.023	
23.20	0.262	0.273	0.001	-0.013	-0.015	-0.013	
23.25	0.262	0.272	-0.002	-0.011	-0.015	0.016	
23.30	0.261	0.271	-0.001	-0.001	-0.012	0.027	
23.35	0.262	0.271	-0.001	0.003	-0.011	0.021	
23.40	0.261	0.270	-0.001	0.010	-0.010	0.016	
23.45	0.261	0.270	0.000	0.003	-0.010	0.026	
23.50	0.261	0.269	-0.000	-0.012	-0.008	0.031	
23.55	0.261	0.269	-0.001	-0.017	-0.006	0.018	
23.60	0.261	0.269	-0.002	-0.015	-0.006	0.016	
23.65	0.261	0.268	-0.003	-0.003	-0.006	0.033	
23.70	0.261	0.268	-0.003	0.024	-0.003	0.050	
23.75	0.261	0.268	-0.000	0.039	0.000	0.047	
23.80	0.261	0.268	0.002	0.023	0.002	0.036	
23.85	0.261	0.268	0.002	-0.001	0.004	0.034	
23.90	0.261	0.268	0.001	-0.007	0.005	0.034	
23.95	0.261	0.269	0.001	0.002	0.007	0.032	
24.00	0.261	0.269	0.002	-0.001	0.009	0.019	
24.05	0.261	0.270	0.001	-0.012	0.009	0.006	
24.10	0.261	0.270	-0.000	-0.002	0.009	0.004	
24.15	0.261	0.270	0.001	0.016	0.010	0.001	
24.20	0.261	0.271	0.002	0.015	0.009	-0.000	
24.25	0.262	0.271	0.003	-0.001	0.009	0.006	
24.30	0.262	0.272	0.002	-0.011	0.010	0.007	
24.35	0.262	0.272	0.001	-0.014	0.010	-0.001	
24.40	0.262	0.273	0.000	-0.013	0.010	-0.013	
24.45	0.262	0.273	0.000	-0.009	0.009	-0.029	
24.50	0.262	0.274	-0.000	-0.007	0.006	-0.033	
24.55	0.262	0.274	-0.001	-0.000	0.005	-0.029	
24.60	0.262	0.274	-0.000	0.004	0.005	-0.040	
24.65	0.262	0.275	-0.000	0.001	0.000	-0.038	
24.70	0.262	0.274	-0.000	-0.003	-0.000	-0.021	
24.75	0.262	0.275	-0.000	-0.008	-0.001	-0.021	
24.80	0.262	0.274	-0.001	-0.007	-0.002	-0.025	
24.85	0.262	0.274	-0.001	0.001	-0.003	-0.028	
24.90	0.262	0.274	-0.001	0.002	-0.005	-0.024	
24.95	0.262	0.274	-0.001	0.004	-0.006	-0.019	
25.00	0.261	0.273	-0.001	0.015	-0.007	-0.010	
25.05	0.261	0.273	0.001	0.013	-0.006	-0.005	
25.10	0.262	0.273	0.001	-0.000	-0.007	-0.009	
25.15	0.262	0.272	0.000	-0.006	-0.008	0.003	
25.20	0.262	0.272	0.000	-0.004	-0.006	0.007	
25.25	0.262	0.272	0.000	0.000	-0.006	-0.006	
25.30	0.262	0.271	0.000	0.005	-0.008	0.000	
25.35	0.262	0.271	0.000	0.010	-0.007	0.017	
25.40	0.262	0.271	0.001	0.011	-0.006	0.020	
25.45	0.262	0.270	0.002	0.006	-0.005	0.018	
25.50	0.262	0.270	0.002	0.002	-0.004	0.016	
25.55	0.262	0.270	0.002	-0.010	-0.003	0.017	
25.60	0.262	0.270	0.001	-0.016	-0.003	0.027	
25.65	0.262	0.270	0.000	-0.010	-0.000	0.032	
25.70	0.262	0.270	-0.000	-0.007	0.001	0.025	
25.75	0.262	0.270	-0.001	-0.001	0.002	0.018	
25.80	0.262	0.270	0.000	-0.004	0.003	0.012	
25.85	0.262	0.270	-0.001	-0.009	0.003	0.003	
25.90	0.262	0.270	-0.001	-0.006	0.003	-0.002	
25.95	0.262	0.270	-0.001	-0.013	0.003	0.000	
26.00	0.262	0.271	-0.002	-0.023	0.002	0.019	
26.05	0.262	0.270	-0.004	-0.013	0.005	0.032	
26.10	0.261	0.271	-0.005	0.018	0.008	0.006	
26.15	0.261	0.271	-0.001	0.032	0.006	-0.020	
26.20	0.261	0.272	-0.000	0.021	0.004	-0.020	
26.25	0.261	0.272	0.000	0.012	0.003	-0.014	
26.30	0.261	0.272	0.001	0.003	0.003	-0.011	
26.35	0.261	0.272	0.000	0.000	0.002	-0.007	
26.40	0.261	0.272	0.000	0.005	0.002	0.001	
26.45	0.261	0.272	0.001	0.003	0.003	0.001	
26.50	0.261	0.273	0.001	-0.005	0.002	-0.004	
26.55	0.261	0.273	0.000	-0.006	0.003	-0.012	
26.60	0.261	0.273	0.000	0.000	0.001	-0.023	
26.65	0.261	0.273	0.000	0.007	-0.001	-0.020	
26.70	0.261	0.273	0.001	0.006	-0.001	-0.017	
26.75	0.262	0.273	0.001	-0.001	-0.002	-0.019	
26.80	0.262	0.273	0.001	-0.003	-0.003	-0.016	
26.85	0.262	0.272	0.001	-0.007	-0.003	-0.011	
26.90	0.262	0.272	0.001	-0.018	-0.004	-0.007	
26.95	0.262	0.272	-0.002	-0.011	-0.004	0.002	
27.00	0.261	0.272	-0.001	0.007	-0.004	0.015	
27.05	0.262	0.271	0.000	0.003	-0.002	0.009	
27.10	0.262	0.272	-0.001	-0.005	-0.002	-0.006	
27.15	0.261	0.271	-0.000	-0.019	-0.004	0.008	
27.20	0.262	0.271	-0.002	-0.042	-0.002	0.027	
27.25	0.261	0.271	-0.005	-0.044	0.000	0.015	
27.30	0.261	0.271	-0.012	0.050	-0.000	-0.003	
27.35	0.259	0.271	0.000	0.130	-0.001	-0.005	
27.40	0.262	0.271	0.011	0.035	-0.001	0.006	
27.45	0.261	0.271	0.003	-0.048	-0.000	0.014	
27.50	0.261	0.271	0.001	-0.038	0.000	0.016	
27.55	0.261	0.271	-0.001	-0.015	0.002	0.013	
27.60	0.261	0.271	-0.000	0.004	0.002	0.001	
27.65	0.261	0.271	0.000	0.009	0.001	-0.002	
27.70	0.261	0.271	0.000	0.013	0.002	0.002	
27.75	0.261	0.271	0.002	0.010	0.002	-0.002	
27.80	0.261	0.271	0.002	-0.005	0.001	0.005	
27.85	0.262	0.271	0.001	-0.013	0.003	0.010	
27.90	0.261	0.272	0.000	-0.009	0.003	-0.010	
27.95	0.262	0.272	0.000	-0.016	0.000	-0.013	
28.00	0.261	0.272	-0.001	-0.029	0.001	-0.004	
28.05	0.262	0.272	-0.002	-0.045	0.001	-0.009	
28.10	0.262	0.272	-0.011	0.030	-0.000	-0.004	
28.15	0.259	0.272	-0.000	0.124	0.001	-0.002	
28.20	0.262	0.272	0.012	0.044	0.000	-0.008	
28.25	0.262	0.272	0.004	-0.047	-0.001	-0.005	
28.30	0.262	0.272	0.001	-0.046	-0.000	-0.008	
28.35	0.262	0.272	0.000	-0.040	-0.002	-0.006	
28.40	0.262	0.271	-0.003	-0.022	-0.001	0.006	
28.45	0.261	0.272	-0.002	-0.004	-0.000	-0.002	
28.50	0.262	0.272	-0.002	-0.003	-0.001	-0.010	
28.55	0.261	0.272	-0.003	0.007	-0.002	0.002	
28.60	0.261	0.271	-0.001	0.010	-0.001	0.017	
28.65	0.261	0.271	-0.002	0.002	0.000	0.012	
28.70	0.261	0.271	-0.002	0.003	0.000	0.001	
28.75	0.261	0.271	-0.002	0.008	0.000	-0.003	
28.80	0.261	0.271	-0.001	0.016	-0.000	-0.005	
28.85	0.261	0.271	0.001	0.014	-0.000	-0.005	
28.90	0.261	0.271	0.001	0.005	-0.001	0.003	
28.95	0.261	0.271	0.001	-0.003	-0.001	0.019	
29.00	0.261	0.271	0.001	-0.016	0.002	0.017	
29.05	0.261	0.272	-0.002	-0.010	0.002	0.002	
29.10	0.261	0.271	-0.001	-0.002	0.002	-0.008	
29.15	0.261	0.272	-0.000	-0.019	0.001	-0.015	
29.20	0.261	0.272	-0.002	-0.044	-0.001	-0.008	
29.25	0.261	0.272	-0.004	-0.061	-0.000	0.006	
29.30	0.261	0.272	-0.013	0.008	0.000	0.014	
29.35	0.259	0.272	-0.009	0.154	0.002	0.014	
29.40	0.259	0.272	0.011	0.150	0.002	-0.002	
29.45	0.261	0.272	0.015	-0.019	0.002	-0.017	
29.50	0.261	0.272	0.005	-0.115	0.000	-0.021	
29.55	0.261	0.272	-0.002	-0.100	-0.001	-0.012	
29.60	0.261	0.272	-0.010	0.009	-0.001	0.001	
29.65	0.259	0.272	0.000	0.093	-0.000	0.003	
29.70	0.261	0.272	0.009	0.002	-0.000	-0.002	
29.75	0.261	0.272	0.000	-0.094	-0.001	0.001	
29.80	0.261	0.272	-0.009	-0.033	-0.001	0.010	
29.85	0.259	0.272	-0.003	0.050	0.001	0.003	
29.90	0.261	0.272	-0.001	0.069	0.000	-0.018	
29.95	0.259	0.272	0.004	0.070	-0.002	-0.019	
30.00	0.261	0.271	0.010	-0.006	-0.003	-0.000	
30.05	0.261	0.271	0.002	-0.060	-0.002	0.012	
30.10	0.261	0.271	0.000	-0.041	-0.001	0.011	
30.15	0.261	0.271	-0.002	-0.014	-0.000	0.006	
30.20	0.261	0.271	-0.001	0.005	-0.001	0.017	
30.25	0.261	0.271	-0.000	-0.008	0.002	0.019	
30.30	0.261	0.272	-0.001	-0.025	0.002	-0.001	
30.35	0.261	0.271	-0.002	-0.036	0.000	0.001	
30.40	0.261	0.271	-0.010	0.039	0.002	0.012	
30.45	0.259	0.272	0.001	0.114	0.003	0.002	
30.50	0.261	0.272	0.011	0.035	0.002	-0.016	
30.55	0.261	0.272	0.004	-0.037	0.000	-0.021	
30.60	0.261	0.272	0.002	-0.029	-0.001	-0.000	
30.65	0.261	0.272	0.001	-0.010	0.001	0.011	
30.70	0.261	0.272	0.002	0.003	0.002	-0.006	
30.75	0.261	0.272	0.002	-0.010	-0.000	-0.012	
30.80	0.261	0.272	0.001	-0.031	-0.001	0.001	
30.85	0.261	0.272	-0.002	-0.036	0.000	0.002	
30.90	0.261	0.272	-0.004	-0.025	-0.000	-0.004	
30.95	0.261	0.272	-0.004	-0.013	-0.001	0.001	
31.00	0.261	0.272	-0.003	-0.017	0.000	0.006	
31.05	0.261	0.272	-0.010	0.050	0.001	-0.003	
31.10	0.259	0.272	0.001	0.123	-0.000	-0.012	
31.15	0.261	0.272	0.012	0.031	-0.002	-0.001	
31.20	0.261	0.272	0.003	-0.059	-0.000	0.008	
31.25	0.261	0.272	-0.001	-0.039	0.000	-0.002	
31.30	0.261	0.272	-0.000	-0.004	-0.001	-0.009	
31.35	0.261	0.272	0.000	0.013	-0.001	-0.002	
31.40	0.261	0.272	0.002	0.012	-0.001	-0.001	
31.45	0.261	0.272	0.002	-0.004	-0.001	-0.000	
31.50	0.261	0.271	0.001	-0.013	-0.001	0.007	
31.55	0.261	0.271	0.000	-0.008	-0.000	0.009	
31.60	0.261	0.271	0.000	-0.003	-0.000	0.009	
31.65	0.261	0.271	0.000	0.001	0.000	0.012	
31.70	0.261	0.271	0.000	0.003	0.001	0.015	
31.75	0.261	0.271	0.000	0.003	0.003	-0.001	
31.80	0.261	0.272	0.001	-0.003	0.001	-0.022	
31.85	0.261	0.272	0.000	-0.009	-0.001	-0.010	
31.90	0.261	0.272	-0.001	-0.001	-0.000	0.010	
31.95	0.261	0.272	-0.000	0.010	0.001	0.010	
32.00	0.261	0.272	0.000	0.016	0.001	0.002	
32.05	0.261	0.272	0.002	0.014	0.001	-0.002	
32.10	0.261	0.272	0.002	0.000	0.001	-0.006	
32.15	0.262	0.272	0.002	-0.013	0.001	-0.018	
32.20	0.262	0.272	0.000	-0.013	-0.001	-0.018	
32.25	0.262	0.272	0.000	-0.007	-0.002	-0.000	
32.30	0.262	0.272	0.000	-0.004	-0.001	0.009	
32.35	0.262	0.272	-0.000	-0.005	-0.000	0.003	
32.40	0.262	0.272	-0.000	-0.008	-0.000	-0.005	
32.45	0.262	0.272	-0.001	-0.007	-0.001	-0.006	
32.50	0.261	0.271	-0.001	-0.002	-0.001	-0.001	
32.55	0.261	0.272	-0.001	-0.006	-0.001	-0.003	
32.60	0.261	0.271	-0.002	-0.009	-0.002	-0.004	
32.65	0.261	0.271	-0.003	0.005	-0.002	0.007	
32.70	0.261	0.271	-0.002	0.028	-0.001	0.012	
32.75	0.261	0.271	0.001	0.032	0.000	-0.001	
32.80	0.261	0.271	0.003	0.006	-0.002	0.000	
32.85	0.261	0.271	0.001	-0.011	-0.000	0.009	
32.90	0.261	0.271	0.001	-0.007	0.000	0.003	
32.95	0.261	0.271	0.001	-0.007	-0.000	0.004	
33.00	0.261	0.271	0.000	-0.007	0.000	0.012	
33.05	0.261	0.271	-0.001	0.006	0.002	0.003	
33.10	0.261	0.271	0.000	0.019	0.001	-0.006	
33.15	0.261	0.271	0.002	0.010	0.000	-0.003	
33.20	0.262	0.271	0.002	-0.015	0.001	-0.003	
33.25	0.262	0.271	0.000	-0.028	-0.000	0.002	
33.30	0.262	0.271	-0.001	-0.021	0.001	0.007	
33.35	0.262	0.272	-0.002	-0.002	0.001	0.001	
33.40	0.261	0.271	-0.001	0.014	0.000	0.007	
33.45	0.261	0.271	0.000	0.009	0.002	0.004	
33.50	0.261	0.272	-0.001	0.003	0.002	-0.019	
33.55	0.261	0.272	0.000	0.006	-0.001	-0.025	
33.60	0.261	0.272	0.001	-0.000	-0.002	-0.005	
33.65	0.261	0.271	-0.000	0.001	-0.001	0.008	
33.70	0.261	0.272	0.000	0.009	-0.000	0.007	
33.75	0.261	0.271	0.002	-0.002	-0.001	0.010	
33.80	0.262	0.271	-0.000	-0.008	0.001	0.007	
33.85	0.261	0.272	0.000	-0.002	0.001	-0.005	
33.90	0.262	0.272	0.000	-0.008	-0.000	-0.006	
33.95	0.261	0.271	-0.002	0.000	0.000	-0.001	
34.00	0.261	0.272	-0.000	0.013	0.000	-0.012	
34.05	0.261	0.272	0.001	0.004	-0.001	-0.018	
34.10	0.261	0.271	0.001	-0.013	-0.003	-0.003	
34.15	0.262	0.271	-0.001	-0.015	-0.002	0.018	
34.20	0.261	0.271	-0.002	0.005	0.000	0.020	
34.25	0.261	0.271	-0.000	0.019	0.001	0.003	
34.30	0.261	0.271	0.001	0.013	-0.000	-0.000	
34.35	0.261	0.271	0.001	0.000	0.001	0.001	
34.40	0.261	0.271	0.000	-0.003	0.000	0.001	
34.45	0.261	0.271	0.000	0.002	-0.000	0.014	
34.50	0.261	0.271	0.001	-0.001	0.002	0.015	
34.55	0.262	0.272	0.001	-0.012	0.002	-0.002	
34.60	0.262	0.272	-0.001	-0.013	0.001	-0.007	
34.65	0.261	0.272	-0.001	-0.008	0.001	-0.004	
34.70	0.262	0.272	-0.001	-0.003	0.001	-0.008	
34.75	0.261	0.272	-0.001	0.007	0.000	-0.007	
34.80	0.261	0.272	-0.000	0.012	0.000	-0.000	
34.85	0.261	0.272	0.000	0.011	0.000	0.006	
34.90	0.261	0.272	0.001	0.005	0.001	0.003	
34.95	0.261	0.272	0.001	-0.001	0.001	-0.010	
35.00	0.261	0.272	0.001	-0.006	0.000	-0.016	
35.05	0.262	0.272	0.000	-0.010	-0.001	-0.010	
35.10	0.261	0.272	-0.001	-0.001	-0.001	0.001	
35.15	0.261	0.272	0.000	0.005	-0.000	0.003	
35.20	0.261	0.272	0.001	-0.004	-0.000	-0.004	
35.25	0.262	0.272	-0.000	-0.015	-0.001	-0.005	
35.30	0.261	0.272	-0.002	-0.009	-0.001	0.000	
35.35	0.261	0.272	-0.001	-0.004	-0.001	-0.002	
35.40	0.261	0.272	-0.002	-0.006	-0.001	-0.005	
35.45	0.261	0.271	-0.002	0.005	-0.002	-0.001	
35.50	0.261	0.271	-0.002	0.018	-0.002	0.005	
35.55	0.261	0.271	-0.000	0.021	-0.001	0.013	
35.60	0.261	0.271	0.001	0.011	-0.000	0.014	
35.65	0.261	0.271	0.001	-0.004	0.001	0.007	
35.70	0.261	0.271	0.000	-0.012	0.000	0.003	
35.75	0.261	0.271	-0.000	-0.011	0.000	0.014	
35.80	0.261	0.271	-0.001	-0.003	0.003	0.008	
35.85	0.261	0.272	-0.001	0.013	0.002	-0.010	
35.90	0.261	0.271	0.001	0.016	0.000	-0.001	
35.95	0.261	0.272	0.001	0.013	0.002	0.003	
36.00	0.261	0.272	0.002	0.005	0.001	0.001	
36.05	0.261	0.272	0.002	-0.008	0.002	0.000	
36.10	0.261	0.272	0.001	-0.007	0.002	-0.012	
36.15	0.261	0.272	0.001	-0.006	-0.000	-0.011	
36.20	0.261	0.272	0.000	-0.005	-0.000	0.008	
36.25	0.261	0.272	0.000	0.001	0.002	0.005	
36.30	0.261	0.272	0.000	0.006	0.001	-0.015	
36.35	0.261	0.272	0.001	0.004	-0.001	-0.016	
36.40	0.262	0.272	0.001	-0.007	-0.001	-0.003	
36.45	0.262	0.272	0.000	-0.014	-0.001	0.008	
36.50	0.262	0.272	-0.000	-0.017	0.000	0.003	
36.55	0.262	0.272	-0.002	-0.015	-0.000	-0.010	
36.60	0.261	0.272	-0.002	-0.000	-0.002	-0.004	
36.65	0.261	0.272	-0.002	0.013	-0.001	0.002	
36.70	0.261	0.272	-0.000	0.013	-0.001	-0.004	
36.75	0.261	0.272	-0.000	0.006	-0.002	0.001	
36.80	0.261	0.271	0.000	0.002	-0.001	0.007	
36.85	0.261	0.272	0.000	0.001	-0.000	0.002	
36.90	0.261	0.271	0.000	0.002	-0.001	0.003	
36.95	0.261	0.271	0.000	0.005	-0.000	0.006	
37.00	0.261	0.271	0.000	0.008	-0.000	0.005	
37.05	0.261	0.271	0.001	0.005	0.000	0.006	
37.10	0.261	0.271	0.001	-0.005	0.000	0.008	
37.15	0.261	0.271	0.000	-0.008	0.001	0.005	
37.20	0.261	0.272	0.000	-0.003	0.001	-0.002	
37.25	0.261	0.272	0.000	0.003	0.000	0.003	
37.30	0.261	0.271	0.000	0.008	0.002	0.002	
37.35	0.261	0.272	0.001	0.005	0.001	-0.010	
37.40	0.262	0.272	0.001	-0.004	-0.001	0.002	
37.45	0.262	0.272	0.000	-0.006	0.002	0.008	
37.50	0.262	0.272	0.000	-0.000	0.001	-0.005	
37.55	0.262	0.272	0.000	0.004	0.000	-0.003	
37.60	0.262	0.272	0.001	-0.001	0.001	-0.010	
37.65	0.262	0.272	0.001	-0.015	-0.000	-0.022	
37.70	0.262	0.272	-0.001	-0.019	-0.003	-0.004	
37.75	0.262	0.272	-0.002	-0.012	-0.001	0.012	
37.80	0.262	0.272	-0.002	-0.003	0.000	0.002	
37.85	0.261	0.272	-0.002	0.011	-0.001	-0.002	
37.90	0.261	0.272	-0.001	0.023	-0.001	0.006	
37.95	0.261	0.272	0.001	0.009	0.000	0.001	
38.00	0.262	0.272	0.001	-0.016	-0.000	-0.011	
38.05	0.261	0.272	-0.002	-0.007	-0.001	-0.011	
38.10	0.261	0.272	-0.000	0.010	-0.002	-0.003	
38.15	0.261	0.271	0.000	-0.002	-0.002	0.011	
38.20	0.261	0.271	-0.000	-0.015	0.000	0.011	
38.25	0.261	0.272	-0.002	-0.008	-0.000	-0.002	
38.30	0.261	0.271	-0.002	0.017	-0.001	0.000	
38.35	0.261	0.271	0.000	0.026	-0.000	0.004	
38.40	0.261	0.271	0.001	0.024	-0.000	0.005	
38.45	0.261	0.271	0.003	0.016	-0.000	0.011	
38.50	0.261	0.271	0.003	-0.007	0.000	0.024	
38.55	0.262	0.271	0.001	-0.015	0.003	0.019	
38.60	0.261	0.272	0.001	-0.003	0.004	-0.013	
38.65	0.262	0.272	0.002	-0.004	0.001	-0.027	
38.70	0.262	0.272	0.001	-0.008	-0.000	-0.022	
38.75	0.262	0.272	0.000	-0.002	-0.001	-0.010	
38.80	0.262	0.272	0.001	-0.005	-0.001	0.004	
38.85	0.262	0.272	0.000	-0.010	-0.000	0.008	
38.90	0.262	0.272	-0.000	-0.012	-0.000	0.004	
38.95	0.262	0.272	-0.001	-0.008	0.000	0.000	
39.00	0.262	0.272	-0.001	-0.000	-0.000	-0.002	
39.05	0.262	0.272	-0.001	-0.000	-0.000	-0.003	
39.10	0.262	0.272	-0.001	-0.000	-0.001	0.003	
39.15	0.261	0.271	-0.001	0.006	0.000	0.007	
39.20	0.261	0.272	-0.000	0.007	0.001	-0.005	
39.25	0.261	0.272	-0.000	0.002	-0.000	-0.018	
39.30	0.261	0.272	-0.000	-0.002	-0.002	-0.017	
39.35	0.261	0.271	-0.001	0.003	-0.003	0.006	
39.40	0.261	0.271	0.000	0.008	-0.001	0.029	
39.45	0.261	0.271	0.001	-0.000	0.002	0.017	
39.50	0.261	0.271	0.000	-0.008	0.001	-0.007	
39.55	0.261	0.271	-0.001	-0.004	-0.000	-0.011	
39.60	0.261	0.271	-0.000	0.000	-0.000	-0.005	
39.65	0.261	0.271	-0.000	-0.002	-0.001	-0.003	
39.70	0.261	0.271	-0.001	0.002	-0.002	0.011	
39.75	0.261	0.271	-0.000	0.008	0.001	0.019	
39.80	0.261	0.271	0.000	0.009	0.001	0.008	
39.85	0.261	0.271	0.001	0.009	0.002	-0.003	
39.90	0.261	0.272	0.002	-0.004	0.001	-0.012	
39.95	0.262	0.271	0.000	-0.013	-0.000	-0.006	
40.00	0.261	0.271	-0.001	0.006	0.000	0.005	
40.05	0.261	0.271	0.001	0.020	0.001	0.005	
40.10	0.261	0.272	0.002	0.007	0.000	0.004	
40.15	0.262	0.271	0.002	-0.007	0.001	0.008	
40.20	0.262	0.272	0.001	-0.009	0.002	-0.003	
40.25	0.262	0.272	0.001	-0.010	0.001	-0.022	
40.30	0.262	0.272	0.000	-0.014	-0.001	-0.021	
40.35	0.262	0.272	-0.001	-0.008	-0.002	0.001	
40.40	0.262	0.271	-0.001	-0.004	-0.001	0.022	
40.45	0.262	0.271	-0.001	0.001	0.002	0.012	
40.50	0.261	0.272	-0.001	0.013	0.001	-0.012	
40.55	0.261	0.272	0.000	0.018	-0.001	-0.016	
40.60	0.261	0.272	0.002	0.002	-0.001	-0.007	
40.65	0.262	0.271	0.001	-0.021	-0.001	-0.006	
40.70	0.262	0.272	-0.002	-0.017	-0.002	-0.007	
40.75	0.261	0.271	-0.002	0.001	-0.002	0.006	
40.80	0.261	0.271	-0.001	0.005	-0.001	0.020	
40.85	0.261	0.271	-0.001	0.007	0.001	0.016	
40.90	0.261	0.271	-0.000	0.009	0.001	0.003	
40.95	0.261	0.271	0.001	0.000	-0.000	0.005	
41.00	0.261	0.271	-0.001	-0.000	0.001	0.008	
41.05	0.261	0.271	0.000	0.007	0.002	-0.008	
41.10	0.261	0.272	0.001	0.002	0.000	-0.017	
41.15	0.261	0.271	0.000	-0.004	-0.001	0.000	
41.20	0.261	0.271	0.000	-0.003	0.001	0.012	
41.25	0.261	0.272	0.000	-0.002	0.001	0.003	
41.30	0.261	0.271	0.000	-0.002	0.000	0.001	
41.35	0.261	0.272	-0.000	-0.003	0.001	0.009	
41.40	0.261	0.271	-0.000	-0.003	0.002	0.011	
41.45	0.261	0.272	-0.001	0.005	0.002	-0.000	
41.50	0.261	0.272	0.000	0.014	0.002	-0.012	
41.55	0.261	0.272	0.001	0.011	0.001	-0.011	
41.60	0.261	0.272	0.002	0.001	0.000	-0.007	
41.65	0.262	0.272	0.001	-0.009	0.001	-0.012	
41.70	0.262	0.272	0.000	-0.014	-0.001	-0.013	
41.75	0.262	0.272	-0.000	-0.013	-0.001	-0.002	
41.80	0.262	0.272	-0.001	-0.006	-0.001	0.010	
41.85	0.261	0.272	-0.001	0.006	-0.000	0.014	
41.90	0.261	0.272	-0.000	0.011	0.001	0.005	
41.95	0.261	0.272	0.000	0.008	0.000	-0.004	
42.00	0.261	0.272	0.001	-0.001	0.000	-0.006	
42.05	0.262	0.272	0.000	-0.010	-0.000	-0.005	
42.10	0.261	0.272	-0.001	-0.004	-0.001	0.000	
42.15	0.261	0.272	-0.000	0.002	-0.000	0.005	
42.20	0.261	0.272	-0.000	0.001	0.000	-0.001	
42.25	0.261	0.272	-0.001	0.005	-0.001	0.006	
42.30	0.261	0.271	0.001	0.004	0.001	0.012	
42.35	0.262	0.272	0.000	-0.002	0.002	-0.006	
42.40	0.261	0.272	-0.000	0.006	-0.000	-0.009	
42.45	0.261	0.272	0.001	0.007	-0.001	0.007	
42.50	0.261	0.272	0.001	-0.005	0.001	0.009	
42.55	0.262	0.272	0.000	-0.012	0.002	-0.010	
42.60	0.261	0.272	-0.001	-0.006	-0.001	-0.017	
42.65	0.261	0.272	-0.000	0.001	-0.002	0.003	
42.70	0.261	0.272	-0.000	0.002	0.000	0.010	
42.75	0.261	0.272	-0.001	0.011	0.001	-0.003	
42.80	0.261	0.272	0.000	0.023	-0.001	0.001	
42.85	0.261	0.272	0.002	0.016	0.001	0.006	
42.90	0.262	0.272	0.003	-0.003	0.001	-0.008	
42.95	0.262	0.272	0.002	-0.016	-0.001	-0.011	
43.00	0.262	0.272	0.000	-0.018	-0.001	-0.004	
43.05	0.262	0.272	-0.000	-0.016	-0.001	-0.006	
43.10	0.262	0.272	-0.001	-0.019	-0.001	-0.016	
43.15	0.262	0.272	-0.002	-0.011	-0.003	-0.004	
43.20	0.261	0.271	-0.003	0.007	-0.003	0.024	
43.25	0.261	0.271	-0.001	0.013	-0.000	0.033	
43.30	0.261	0.271	-0.001	0.012	0.002	0.015	
43.35	0.261	0.272	0.000	0.011	0.002	-0.016	
43.40	0.261	0.272	0.001	-0.000	-0.001	-0.025	
43.45	0.261	0.271	-0.000	-0.009	-0.001	-0.014	
43.50	0.261	0.271	-0.001	-0.003	-0.002	-0.004	
43.55	0.261	0.271	-0.001	0.012	-0.002	0.004	
43.60	0.261	0.271	0.001	0.014	-0.001	0.013	
43.65	0.261	0.271	0.001	0.003	-0.001	0.024	
43.70	0.261	0.271	0.001	-0.001	0.002	0.019	
43.75	0.261	0.271	0.001	-0.003	0.002	0.001	
43.80	0.262	0.271	0.000	-0.004	0.002	-0.009	
43.85	0.261	0.272	0.000	-0.000	0.001	-0.014	
43.90	0.262	0.271	0.001	-0.004	-0.001	-0.001	
43.95	0.262	0.271	0.000	-0.008	0.001	0.010	
44.00	0.262	0.272	-0.001	0.001	0.002	-0.007	
44.05	0.261	0.272	0.000	0.011	-0.000	-0.012	
44.10	0.262	0.271	0.001	0.006	-0.001	0.000	
44.15	0.262	0.271	0.001	-0.009	0.000	0.002	
44.20	0.262	0.272	0.000	-0.019	-0.000	-0.002	
44.25	0.262	0.271	-0.001	-0.017	-0.001	0.011	
44.30	0.262	0.271	-0.002	-0.010	0.002	0.008	
44.35	0.261	0.272	-0.003	0.003	0.001	-0.021	
44.40	0.261	0.272	-0.002	0.016	-0.002	-0.024	
44.45	0.261	0.271	-0.000	0.016	-0.003	0.006	
44.50	0.261	0.271	0.000	0.012	0.000	0.016	
44.55	0.261	0.272	0.001	0.005	0.000	-0.003	
44.60	0.261	0.271	0.000	0.002	-0.002	-0.003	
44.65	0.261	0.271	0.001	0.005	-0.000	0.006	
44.70	0.261	0.271	0.002	-0.004	-0.000	0.005	
44.75	0.262	0.271	0.000	-0.013	0.000	0.002	
44.80	0.261	0.271	-0.001	-0.002	0.000	-0.001	
44.85	0.261	0.271	0.000	0.010	-0.000	-0.004	
44.90	0.261	0.271	0.001	0.008	-0.000	-0.006	
44.95	0.262	0.271	0.001	-0.001	-0.001	-0.000	
45.00	0.262	0.271	0.000	-0.001	-0.001	0.013	
45.05	0.262	0.271	0.001	0.008	0.001	0.012	
45.10	0.262	0.271	0.002	0.011	0.001	-0.001	
45.15	0.262	0.271	0.002	-0.000	0.000	-0.004	
45.20	0.262	0.271	0.002	-0.013	-0.000	0.009	
45.25	0.262	0.271	0.000	-0.013	0.001	0.017	
45.30	0.262	0.271	0.000	-0.007	0.002	0.006	
45.35	0.262	0.271	0.000	-0.003	0.002	-0.006	
45.40	0.262	0.272	0.000	-0.003	0.001	-0.011	
45.45	0.262	0.272	-0.000	-0.010	0.000	-0.008	
45.50	0.262	0.272	-0.001	-0.020	0.000	-0.001	
45.55	0.262	0.272	-0.002	-0.024	0.001	-0.002	
45.60	0.262	0.272	-0.005	-0.002	0.000	-0.005	
45.65	0.261	0.272	-0.003	0.027	0.000	-0.004	
45.70	0.261	0.272	-0.000	0.024	0.000	-0.005	
45.75	0.261	0.272	0.000	0.008	-0.000	-0.009	
45.80	0.261	0.272	0.000	0.001	-0.001	-0.014	
45.85	0.261	0.272	0.000	-0.002	-0.002	-0.005	
45.90	0.261	0.271	-0.000	-0.005	-0.002	0.017	
45.95	0.261	0.271	-0.000	-0.008	0.000	0.019	
46.00	0.261	0.272	-0.001	-0.003	0.001	-0.001	
46.05	0.261	0.271	-0.001	0.008	-0.000	-0.012	
46.10	0.261	0.272	-0.000	0.011	-0.001	-0.005	
46.15	0.261	0.271	0.001	0.002	-0.001	0.018	
46.20	0.261	0.271	0.000	-0.006	0.002	0.019	
46.25	0.261	0.272	-0.001	0.000	0.002	-0.007	
46.30	0.261	0.272	0.000	0.009	-0.000	-0.012	
46.35	0.261	0.271	0.001	0.004	-0.000	-0.002	
46.40	0.261	0.272	0.000	-0.000	0.000	0.003	
46.45	0.261	0.271	0.000	0.002	0.000	0.006	
46.50	0.261	0.272	0.001	-0.001	0.001	0.002	
46.55	0.261	0.272	0.000	-0.005	0.000	-0.002	
46.60	0.261	0.272	0.000	-0.003	0.000	0.000	
46.65	0.261	0.272	0.000	-0.001	0.001	-0.005	
46.70	0.261	0.272	0.000	0.001	0.000	-0.009	
46.75	0.261	0.272	0.000	0.003	-0.001	0.000	
46.80	0.261	0.272	0.000	0.003	-0.000	0.011	
46.85	0.261	0.272	0.001	-0.003	0.001	0.015	
46.90	0.262	0.272	0.000	-0.008	0.002	0.004	
46.95	0.261	0.272	-0.001	-0.001	0.001	-0.015	
47.00	0.261	0.272	0.000	0.005	0.000	-0.022	
47.05	0.261	0.272	0.001	-0.005	-0.001	-0.016	
47.10	0.262	0.272	-0.000	-0.016	-0.002	0.003	
47.15	0.261	0.272	-0.002	-0.008	-0.001	0.013	
47.20	0.261	0.272	-0.002	0.009	-0.000	0.011	
47.25	0.261	0.272	-0.000	0.012	0.000	0.010	
47.30	0.261	0.272	0.000	0.009	0.001	0.010	
47.35	0.261	0.272	0.000	0.005	0.002	-0.003	
47.40	0.261	0.272	0.001	-0.003	0.001	-0.022	
47.45	0.261	0.272	0.000	-0.010	-0.002	-0.016	
47.50	0.261	0.272	-0.001	-0.003	-0.001	0.005	
47.55	0.261	0.272	-0.000	0.003	-0.000	0.013	
47.60	0.261	0.272	-0.000	0.003	0.000	0.012	
47.65	0.261	0.272	0.000	0.003	0.001	0.003	
47.70	0.261	0.272	0.000	0.005	0.001	-0.010	
47.75	0.261	0.272	0.000	0.008	-0.001	-0.007	
47.80	0.261	0.272	0.001	0.005	-0.001	0.011	
47.85	0.261	0.272	0.001	-0.005	0.001	0.016	
47.90	0.261	0.272	0.000	-0.009	0.002	-0.001	
47.95	0.261	0.272	0.000	-0.010	0.001	-0.012	
48.00	0.261	0.272	-0.000	-0.014	0.000	-0.009	
48.05	0.261	0.272	-0.001	-0.020	-0.000	-0.004	
48.10	0.261	0.272	-0.003	-0.008	-0.001	0.006	
48.15	0.261	0.272	-0.003	0.016	0.001	0.010	
48.20	0.261	0.272	-0.000	0.016	0.001	0.007	
48.25	0.261	0.272	-0.001	0.009	0.002	0.001	
48.30	0.261	0.272	0.000	0.010	0.002	-0.020	
48.35	0.261	0.272	0.001	0.002	-0.001	-0.030	
48.40	0.261	0.272	0.000	-0.004	-0.003	-0.013	
48.45	0.261	0.272	0.000	-0.003	-0.003	0.011	
48.50	0.261	0.272	0.000	-0.001	-0.001	0.024	
48.55	0.261	0.272	0.000	0.001	0.001	0.012	
48.60	0.261	0.272	0.000	0.005	0.000	-0.003	
48.65	0.261	0.272	0.000	0.008	-0.001	0.012	
48.70	0.261	0.272	0.001	0.005	0.002	0.017	
48.75	0.261	0.272	0.001	-0.004	0.002	-0.004	
48.80	0.261	0.272	0.000	-0.006	0.001	-0.015	
48.85	0.261	0.272	0.000	-0.000	0.000	-0.013	
48.90	0.261	0.272	0.000	0.006	-0.000	-0.010	
48.95	0.261	0.272	0.001	0.004	-0.001	-0.001	
49.00	0.261	0.272	0.001	-0.006	-0.001	0.015	
49.05	0.261	0.272	0.000	-0.011	0.001	0.017	
49.10	0.261	0.272	-0.000	-0.009	0.002	0.008	
49.15	0.261	0.272	-0.001	-0.001	0.002	-0.001	
49.20	0.261	0.272	-0.000	0.006	0.001	-0.010	
49.25	0.261	0.272	0.000	0.007	0.000	-0.013	
49.30	0.261	0.272	0.000	0.008	-0.000	-0.011	
49.35	0.261	0.272	0.001	0.005	-0.001	-0.009	
49.40	0.261	0.272	0.001	0.003	-0.002	0.005	
49.45	0.261	0.272	0.001	0.000	-0.000	0.016	
49.50	0.262	0.272	0.001	-0.009	0.001	0.003	
49.55	0.262	0.272	0.000	-0.012	-0.000	-0.005	
49.60	0.262	0.272	-0.001	-0.002	0.000	0.001	
49.65	0.261	0.272	0.000	0.008	0.001	-0.005	
49.70	0.262	0.272	0.001	0.002	-0.001	-0.006	
49.75	0.262	0.272	0.000	-0.005	-0.000	-0.002	
49.80	0.262	0.272	0.000	-0.008	-0.000	-0.005	
49.85	0.262	0.272	-0.000	-0.009	-0.001	-0.002	
49.90	0.262	0.272	-0.001	-0.005	-0.001	-0.000	
49.95	0.261	0.272	-0.001	0.005	-0.001	0.001	
50.00	0.261	0.272	-0.000	0.008	-0.000	0.003	
50.05	0.261	0.272	-0.000	0.005	-0.000	0.001	
50.10	0.261	0.272	0.000	0.003	-0.001	0.011	
50.15	0.261	0.272	0.000	0.004	0.001	0.007	
50.20	0.261	0.272	0.000	0.006	0.001	-0.014	
50.25	0.261	0.272	0.001	0.003	-0.002	-0.007	
50.30	0.262	0.272	0.000	0.003	-0.001	0.015	
50.35	0.261	0.272	0.001	0.009	0.001	0.017	
50.40	0.262	0.272	0.002	-0.002	0.002	-0.004	
50.45	0.262	0.272	0.001	-0.022	0.000	-0.018	
50.50	0.262	0.272	-0.001	-0.031	-0.001	-0.009	
50.55	0.262	0.272	-0.003	-0.014	-0.001	0.011	
50.60	0.261	0.272	-0.003	0.012	0.000	0.023	
50.65	0.261	0.272	-0.000	0.011	0.002	0.012	
50.70	0.261	0.272	-0.001	0.001	0.002	-0.014	
50.75	0.261	0.272	-0.001	0.007	0.000	-0.025	
50.80	0.261	0.272	-0.000	0.012	-0.001	-0.016	
50.85	0.261	0.272	0.000	0.011	-0.002	0.003	
50.90	0.261	0.272	0.001	0.004	0.000	0.007	
50.95	0.261	0.272	0.001	-0.008	-0.000	-0.002	
51.00	0.261	0.272	-0.000	-0.005	-0.001	0.006	
51.05	0.261	0.272	0.000	0.005	0.001	0.009	
51.10	0.261	0.272	0.001	0.001	0.001	-0.006	
51.15	0.261	0.272	0.000	-0.004	-0.001	-0.008	
51.20	0.261	0.272	0.000	-0.003	-0.001	0.003	
51.25	0.261	0.272	0.000	-0.003	0.000	0.004	
51.30	0.261	0.272	-0.000	-0.005	-0.001	0.004	
51.35	0.261	0.272	-0.000	-0.008	0.000	0.008	
51.40	0.261	0.272	-0.001	-0.003	0.001	-0.006	
51.45	0.261	0.272	-0.001	0.009	-0.001	-0.013	
51.50	0.261	0.272	0.000	0.016	-0.001	-0.001	
51.55	0.261	0.272	0.001	0.010	-0.000	0.005	
51.60	0.261	0.272	0.001	-0.002	-0.000	0.005	
51.65	0.261	0.272	0.000	-0.004	0.000	0.004	
51.70	0.261	0.272	0.000	0.000	0.000	0.003	
51.75	0.261	0.272	0.001	-0.001	0.001	-0.004	
51.80	0.262	0.272	0.000	-0.003	-0.000	-0.009	
51.85	0.261	0.272	0.000	-0.001	-0.001	0.001	
51.90	0.262	0.272	0.001	-0.005	-0.000	0.019	
51.95	0.262	0.272	-0.001	-0.002	0.002	0.017	
52.00	0.261	0.272	0.000	0.006	0.002	-0.008	
52.05	0.262	0.272	0.001	0.002	0.001	-0.020	
52.10	0.262	0.272	0.000	-0.004	-0.000	-0.016	
52.15	0.262	0.272	0.000	-0.003	-0.002	0.002	
52.20	0.262	0.272	0.000	-0.001	0.000	0.016	
52.25	0.262	0.272	0.000	-0.000	0.002	0.002	
52.30	0.262	0.272	0.000	0.000	0.000	-0.012	
52.35	0.262	0.272	0.000	0.000	-0.001	0.001	
52.40	0.262	0.272	0.000	0.001	0.001	0.008	
52.45	0.262	0.272	0.000	0.003	0.001	-0.006	
52.50	0.262	0.272	0.000	0.003	-0.001	-0.010	
52.55	0.262	0.272	0.001	-0.003	-0.001	-0.007	
52.60	0.262	0.272	0.000	-0.011	-0.001	-0.003	
52.65	0.262	0.272	-0.001	-0.006	-0.001	0.006	
52.70	0.262	0.272	-0.001	-0.000	-0.000	0.009	
52.75	0.262	0.272	-0.001	0.006	-0.000	0.006	
52.80	0.261	0.272	0.000	0.009	0.000	0.004	
52.85	0.262	0.272	0.001	-0.002	0.000	0.002	
52.90	0.262	0.272	-0.000	-0.015	0.001	-0.007	
52.95	0.262	0.272	-0.001	-0.015	-0.000	-0.016	
53.00	0.261	0.272	-0.002	-0.009	-0.002	-0.005	
53.05	0.261	0.272	-0.002	0.003	-0.001	0.013	
53.10	0.261	0.272	-0.002	0.012	0.000	0.011	
53.15	0.261	0.272	-0.000	0.004	0.000	0.002	
53.20	0.261	0.272	-0.002	0.007	0.000	0.002	
53.25	0.261	0.272	-0.001	0.026	0.000	0.006	
53.30	0.261	0.272	0.002	0.023	0.001	0.011	
53.35	0.261	0.272	0.003	0.001	0.002	0.004	
53.40	0.261	0.272	0.002	-0.014	0.001	-0.004	
53.45	0.261	0.272	0.000	-0.014	0.001	-0.007	
53.50	0.261	0.272	0.000	-0.007	0.001	-0.015	
53.55	0.261	0.272	0.000	-0.002	-0.001	-0.006	
53.60	0.261	0.272	0.000	-0.000	0.000	-0.000	
53.65	0.261	0.272	0.000	-0.000	-0.000	-0.007	
53.70	0.261	0.272	0.000	-0.002	-0.002	0.002	
53.75	0.261	0.272	-0.000	-0.004	0.000	0.004	
53.80	0.261	0.272	-0.000	-0.006	-0.000	-0.006	
53.85	0.261	0.272	-0.001	-0.000	-0.001	-0.004	
53.90	0.261	0.272	-0.001	0.013	-0.001	0.006	
53.95	0.261	0.272	0.001	0.013	-0.000	0.009	
54.00	0.261	0.272	0.001	0.000	0.001	-0.001	
54.05	0.261	0.272	0.000	-0.004	-0.001	-0.006	
54.10	0.261	0.272	0.000	0.000	-0.000	-0.005	
54.15	0.261	0.272	0.000	0.006	-0.001	-0.007	
54.20	0.261	0.272	0.001	0.003	-0.002	0.006	
54.25	0.262	0.271	0.001	-0.008	-0.001	0.026	
54.30	0.262	0.271	0.000	-0.011	0.002	0.021	
54.35	0.262	0.272	-0.001	0.000	0.002	-0.004	
54.40	0.261	0.272	0.000	0.012	0.001	-0.014	
54.45	0.262	0.272	0.001	0.011	0.000	-0.010	
54.50	0.262	0.272	0.002	0.001	-0.000	-0.003	
54.55	0.262	0.272	0.001	-0.008	-0.000	0.003	
54.60	0.262	0.272	0.000	-0.009	-0.000	0.013	
54.65	0.262	0.272	0.000	-0.004	0.002	0.008	
54.70	0.262	0.272	0.000	0.001	0.002	-0.017	
54.75	0.262	0.272	0.000	0.003	-0.001	-0.016	
54.80	0.262	0.272	0.001	-0.003	-0.001	0.001	
54.85	0.262	0.272	0.000	-0.008	-0.001	0.011	
54.90	0.262	0.272	-0.001	0.000	0.001	0.009	
54.95	0.262	0.272	0.000	0.008	0.001	-0.012	
55.00	0.262	0.272	0.001	0.004	-0.001	-0.010	
55.05	0.262	0.272	0.000	-0.000	-0.001	0.013	
55.10	0.262	0.272	0.000	0.002	0.001	0.015	
55.15	0.262	0.272	0.001	-0.001	0.002	-0.004	
55.20	0.262	0.272	0.000	-0.003	0.000	-0.016	
55.25	0.262	0.272	0.000	0.001	-0.001	-0.002	
55.30	0.262	0.272	0.000	0.006	0.000	0.005	
55.35	0.262	0.272	0.001	0.004	0.000	-0.009	
55.40	0.262	0.272	0.001	-0.008	-0.002	-0.008	
55.45	0.262	0.272	0.000	-0.017	-0.001	0.001	
55.50	0.262	0.272	-0.001	-0.021	-0.001	-0.001	
55.55	0.262	0.272	-0.002	-0.011	-0.002	0.008	
55.60	0.262	0.272	-0.002	0.009	0.000	0.011	
55.65	0.262	0.272	-0.001	0.016	0.001	-0.002	
55.70	0.262	0.272	-0.000	0.009	-0.001	0.007	
55.75	0.262	0.272	0.000	0.004	0.001	0.017	
55.80	0.262	0.272	0.000	0.001	0.002	0.004	
55.85	0.262	0.272	0.000	0.002	0.001	-0.002	
55.90	0.262	0.272	0.000	0.005	0.001	-0.002	
55.95	0.262	0.272	0.000	0.008	0.001	-0.008	
56.00	0.262	0.272	0.001	0.003	0.000	-0.009	
56.05	0.262	0.272	0.001	-0.009	0.000	-0.005	
56.10	0.262	0.272	0.000	-0.016	0.000	-0.002	
56.15	0.262	0.272	-0.001	-0.009	0.000	-0.001	
56.20	0.262	0.272	-0.001	0.003	0.000	-0.002	
56.25	0.262	0.272	-0.000	0.008	-0.000	-0.005	
56.30	0.262	0.272	-0.000	0.005	-0.000	-0.008	
56.35	0.262	0.272	0.000	0.003	-0.001	-0.005	
56.40	0.262	0.272	0.000	0.004	-0.001	0.004	
56.45	0.262	0.272	0.000	0.005	-0.000	0.007	
56.50	0.262	0.272	0.001	-0.000	-0.000	0.001	
56.55	0.262	0.272	0.000	-0.006	-0.000	-0.004	
56.60	0.262	0.272	0.000	-0.006	-0.001	-0.002	
56.65	0.262	0.272	-0.000	-0.005	-0.000	0.000	
56.70	0.262	0.272	-0.001	0.003	-0.001	-0.002	
56.75	0.262	0.272	0.000	0.010	-0.002	0.006	
56.80	0.262	0.272	0.001	0.004	0.000	0.007	
56.85	0.262	0.272	0.000	-0.002	0.000	-0.011	
56.90	0.262	0.272	0.000	-0.001	-0.002	-0.008	
56.95	0.262	0.272	0.001	-0.007	-0.001	0.010	
57.00	0.262	0.272	-0.001	-0.007	-0.000	0.016	
57.05	0.262	0.272	-0.000	-0.002	0.001	0.008	
57.10	0.262	0.272	-0.000	-0.003	0.001	-0.005	
57.15	0.262	0.272	-0.001	0.001	-0.000	-0.002	
57.20	0.262	0.272	-0.000	0.003	0.000	0.007	
57.25	0.262	0.272	-0.000	-0.001	0.002	-0.003	
57.30	0.262	0.272	-0.000	-0.006	0.000	-0.014	
57.35	0.262	0.272	-0.001	-0.004	-0.001	0.000	
57.40	0.262	0.272	-0.001	0.007	0.001	0.008	
57.45	0.262	0.272	-0.000	0.013	0.001	-0.003	
57.50	0.262	0.272	0.000	0.013	-0.001	0.001	
57.55	0.262	0.272	0.001	0.007	-0.000	0.018	
57.60	0.262	0.272	0.001	-0.004	0.002	0.017	
57.65	0.262	0.272	0.000	-0.008	0.003	-0.012	
57.70	0.262	0.272	0.000	-0.005	0.000	-0.025	
57.75	0.262	0.272	0.000	-0.002	-0.000	-0.018	
57.80	0.262	0.272	0.000	-0.000	-0.002	-0.012	
57.85	0.262	0.272	0.000	-0.001	-0.002	0.005	
57.90	0.262	0.272	0.000	-0.004	-0.001	0.011	
57.95	0.262	0.272	-0.000	-0.011	-0.000	0.003	
58.00	0.262	0.272	-0.001	-0.020	-0.000	-0.005	
58.05	0.262	0.272	-0.003	-0.016	-0.001	-0.004	
58.10	0.261	0.272	-0.004	0.009	-0.001	0.005	
58.15	0.261	0.272	-0.002	0.027	-0.000	0.008	
58.20	0.261	0.272	0.001	0.017	-0.000	0.005	
58.25	0.261	0.272	0.001	-0.005	0.000	0.002	
58.30	0.261	0.272	-0.001	-0.011	0.000	0.000	
58.35	0.261	0.272	-0.001	-0.001	0.000	-0.000	
58.40	0.261	0.272	-0.000	0.002	0.000	-0.002	
58.45	0.261	0.272	-0.000	-0.002	-0.000	-0.005	
58.50	0.261	0.272	-0.001	0.001	-0.000	-0.008	
58.55	0.261	0.272	-0.001	0.011	-0.001	-0.005	
58.60	0.261	0.271	0.001	0.008	-0.001	0.005	
58.65	0.261	0.271	0.001	-0.008	-0.000	0.010	
58.70	0.261	0.271	-0.001	-0.012	0.000	0.009	
58.75	0.261	0.271	-0.001	-0.002	0.000	0.010	
58.80	0.261	0.271	-0.001	0.003	0.001	0.006	
58.85	0.261	0.272	-0.001	0.007	0.001	-0.003	
58.90	0.261	0.272	0.000	0.011	0.001	-0.006	
58.95	0.261	0.272	0.001	0.004	0.001	-0.008	
59.00	0.261	0.272	0.000	-0.003	-0.001	-0.005	
59.05	0.261	0.271	0.000	-0.003	0.000	0.001	
59.10	0.261	0.272	0.000	-0.001	0.000	-0.006	
59.15	0.261	0.272	0.000	-0.000	-0.001	-0.008	
59.20	0.261	0.272	0.000	-0.000	-0.001	0.003	
59.25	0.261	0.271	0.000	-0.001	-0.000	0.009	
59.30	0.261	0.272	0.000	-0.004	0.000	0.008	
59.35	0.261	0.271	0.000	-0.017	0.001	-0.000	
59.40	0.261	0.272	-0.001	-0.035	0.000	-0.007	
59.45	0.261	0.271	-0.003	-0.044	-0.001	0.000	
59.50	0.261	0.272	-0.010	0.021	0.000	0.002	
59.55	0.259	0.272	-0.001	0.081	-0.000	0.003	
59.60	0.261	0.271	0.007	-0.002	0.001	0.004	
59.65	0.261	0.272	-0.007	-0.000	0.000	-0.001	
59.70	0.259	0.271	0.001	0.085	0.000	-0.000	
59.75	0.261	0.272	0.011	0.024	0.001	-0.006	
59.80	0.261	0.272	0.005	-0.064	-0.001	-0.003	
59.85	0.261	0.272	0.001	-0.113	-0.000	0.007	
59.90	0.261	0.272	-0.005	-0.185	0.000	0.014	
59.95	0.261	0.272	-0.018	-0.242	0.001	0.019	
60.00	0.259	0.272	-0.032	-0.272	0.002	0.021	
