Vernier Format 2
run29.txt 10/10/2025 15:22:2
Run 1
Time	Position	Position	Velocity	Acceleration	Velocity	Acceleration	
T	P	P	V	A	V	A	
s	m	m	m/s	m/s^2	m/s	m/s^2	

0.00	0.199	0.299	0.022	0.024	-0.015	0.018	
0.05	0.200	0.298	0.023	0.018	-0.014	0.002	
0.10	0.201	0.297	0.024	0.001	-0.014	-0.025	
0.15	0.203	0.297	0.024	-0.025	-0.017	-0.052	
0.20	0.204	0.296	0.022	-0.045	-0.019	-0.070	
0.25	0.205	0.295	0.019	-0.056	-0.023	-0.086	
0.30	0.206	0.293	0.015	-0.050	-0.029	-0.078	
0.35	0.206	0.292	0.014	-0.053	-0.032	-0.052	
0.40	0.207	0.290	0.011	-0.071	-0.034	-0.027	
0.45	0.208	0.288	0.006	-0.070	-0.035	0.002	
0.50	0.208	0.287	0.003	-0.050	-0.034	0.032	
0.55	0.208	0.285	0.002	-0.039	-0.032	0.062	
0.60	0.208	0.283	0.000	-0.050	-0.028	0.088	
0.65	0.208	0.282	-0.003	-0.060	-0.022	0.092	
0.70	0.208	0.281	-0.007	-0.045	-0.018	0.073	
0.75	0.207	0.280	-0.008	-0.022	-0.015	0.060	
0.80	0.207	0.280	-0.009	-0.009	-0.012	0.045	
0.85	0.206	0.279	-0.009	-0.001	-0.011	0.036	
0.90	0.206	0.279	-0.009	0.017	-0.008	0.033	
0.95	0.205	0.279	-0.008	0.054	-0.007	0.031	
1.00	0.205	0.278	-0.004	0.109	-0.007	0.063	
1.05	0.205	0.277	0.001	0.201	-0.001	0.093	
1.10	0.205	0.278	0.014	0.324	0.004	0.092	
1.15	0.206	0.278	0.033	0.457	0.008	0.098	
1.20	0.208	0.279	0.061	0.568	0.013	0.110	
1.25	0.212	0.279	0.093	0.600	0.019	0.120	
1.30	0.217	0.280	0.124	0.558	0.026	0.104	
1.35	0.224	0.282	0.150	0.479	0.032	0.038	
1.40	0.232	0.284	0.171	0.400	0.030	-0.025	
1.45	0.241	0.285	0.194	0.259	0.028	-0.062	
1.50	0.252	0.287	0.202	0.034	0.025	-0.119	
1.55	0.262	0.288	0.194	-0.138	0.017	-0.193	
1.60	0.272	0.288	0.185	-0.253	0.005	-0.246	
1.65	0.281	0.288	0.168	-0.350	-0.010	-0.265	
1.70	0.289	0.287	0.148	-0.406	-0.023	-0.265	
1.75	0.296	0.286	0.127	-0.454	-0.036	-0.262	
1.80	0.301	0.284	0.103	-0.508	-0.049	-0.254	
1.85	0.306	0.281	0.076	-0.555	-0.061	-0.248	
1.90	0.309	0.278	0.047	-0.579	-0.074	-0.228	
1.95	0.311	0.274	0.017	-0.580	-0.085	-0.176	
2.00	0.311	0.269	-0.012	-0.567	-0.092	-0.113	
2.05	0.310	0.264	-0.040	-0.536	-0.097	-0.041	
2.10	0.307	0.259	-0.066	-0.489	-0.097	0.038	
2.15	0.303	0.255	-0.090	-0.425	-0.093	0.114	
2.20	0.298	0.250	-0.109	-0.340	-0.086	0.198	
2.25	0.292	0.246	-0.124	-0.233	-0.073	0.283	
2.30	0.285	0.242	-0.133	-0.119	-0.057	0.358	
2.35	0.278	0.240	-0.136	-0.010	-0.036	0.408	
2.40	0.271	0.239	-0.133	0.076	-0.016	0.450	
2.45	0.265	0.238	-0.127	0.137	0.008	0.494	
2.50	0.258	0.239	-0.120	0.211	0.035	0.514	
2.55	0.252	0.242	-0.107	0.290	0.062	0.496	
2.60	0.247	0.246	-0.089	0.322	0.085	0.452	
2.65	0.244	0.250	-0.072	0.314	0.107	0.405	
2.70	0.241	0.256	-0.061	0.373	0.127	0.326	
2.75	0.237	0.263	-0.039	0.500	0.140	0.222	
2.80	0.236	0.270	-0.002	0.471	0.149	0.119	
2.85	0.238	0.278	0.012	0.352	0.152	0.019	
2.90	0.237	0.286	0.028	0.294	0.150	-0.070	
2.95	0.241	0.293	0.046	0.163	0.145	-0.164	
3.00	0.243	0.301	0.040	0.117	0.135	-0.280	
3.05	0.243	0.307	0.052	0.163	0.117	-0.390	
3.10	0.248	0.312	0.065	0.064	0.095	-0.472	
3.15	0.251	0.317	0.060	-0.052	0.070	-0.539	
3.20	0.254	0.320	0.056	-0.102	0.039	-0.569	
3.25	0.257	0.321	0.048	-0.114	0.011	-0.574	
3.30	0.259	0.321	0.044	-0.113	-0.018	-0.578	
3.35	0.261	0.319	0.038	-0.134	-0.047	-0.563	
3.40	0.263	0.316	0.030	-0.150	-0.075	-0.526	
3.45	0.264	0.311	0.023	-0.160	-0.101	-0.466	
3.50	0.265	0.306	0.014	-0.160	-0.122	-0.394	
3.55	0.265	0.299	0.005	-0.129	-0.140	-0.323	
3.60	0.265	0.292	0.000	-0.087	-0.155	-0.240	
3.65	0.265	0.283	-0.003	-0.052	-0.166	-0.126	
3.70	0.265	0.275	-0.005	-0.020	-0.168	-0.005	
3.75	0.265	0.267	-0.005	0.011	-0.164	0.090	
3.80	0.264	0.258	-0.004	0.047	-0.159	0.188	
3.85	0.264	0.250	0.000	0.081	-0.147	0.311	
3.90	0.264	0.243	0.004	0.112	-0.128	0.434	
3.95	0.265	0.237	0.011	0.140	-0.102	0.520	
4.00	0.265	0.233	0.020	0.149	-0.074	0.566	
4.05	0.267	0.230	0.026	0.147	-0.045	0.598	
4.10	0.268	0.228	0.034	0.140	-0.014	0.621	
4.15	0.270	0.228	0.041	0.111	0.019	0.606	
4.20	0.272	0.230	0.046	0.071	0.048	0.551	
4.25	0.275	0.233	0.049	0.025	0.074	0.483	
4.30	0.277	0.238	0.049	-0.026	0.097	0.405	
4.35	0.280	0.243	0.046	-0.074	0.116	0.309	
4.40	0.282	0.250	0.041	-0.127	0.129	0.196	
4.45	0.284	0.256	0.033	-0.184	0.134	0.102	
4.50	0.285	0.263	0.023	-0.237	0.138	0.021	
4.55	0.286	0.270	0.009	-0.281	0.137	-0.066	
4.60	0.286	0.277	-0.006	-0.304	0.131	-0.139	
4.65	0.286	0.283	-0.021	-0.316	0.123	-0.216	
4.70	0.284	0.290	-0.038	-0.318	0.109	-0.291	
4.75	0.282	0.294	-0.055	-0.292	0.093	-0.337	
4.80	0.279	0.299	-0.068	-0.253	0.075	-0.379	
4.85	0.275	0.302	-0.079	-0.226	0.055	-0.411	
4.90	0.271	0.304	-0.090	-0.198	0.033	-0.417	
4.95	0.266	0.305	-0.100	-0.152	0.012	-0.404	
5.00	0.261	0.306	-0.106	-0.092	-0.008	-0.378	
5.05	0.255	0.305	-0.109	-0.038	-0.026	-0.339	
5.10	0.250	0.303	-0.109	0.000	-0.042	-0.300	
5.15	0.244	0.300	-0.108	0.037	-0.057	-0.251	
5.20	0.239	0.297	-0.110	0.154	-0.068	-0.179	
5.25	0.233	0.293	-0.098	0.357	-0.074	-0.115	
5.30	0.229	0.290	-0.069	0.470	-0.079	-0.055	
5.35	0.226	0.285	-0.045	0.470	-0.080	0.015	
5.40	0.224	0.281	-0.023	0.465	-0.077	0.076	
5.45	0.224	0.278	0.001	0.477	-0.072	0.128	
5.50	0.224	0.274	0.025	0.484	-0.064	0.173	
5.55	0.226	0.271	0.050	0.474	-0.054	0.195	
5.60	0.229	0.269	0.074	0.441	-0.044	0.206	
5.65	0.234	0.267	0.095	0.395	-0.034	0.220	
5.70	0.239	0.265	0.113	0.355	-0.022	0.223	
5.75	0.245	0.265	0.129	0.315	-0.011	0.216	
5.80	0.252	0.264	0.148	0.203	0.001	0.189	
5.85	0.261	0.265	0.154	0.014	0.010	0.122	
5.90	0.268	0.265	0.146	-0.117	0.012	0.062	
5.95	0.275	0.266	0.139	-0.179	0.015	0.029	
6.00	0.282	0.267	0.129	-0.250	0.015	0.002	
6.05	0.288	0.268	0.115	-0.333	0.015	-0.024	
6.10	0.293	0.269	0.095	-0.400	0.014	-0.060	
6.15	0.298	0.269	0.073	-0.436	0.008	-0.084	
6.20	0.301	0.269	0.050	-0.441	0.005	-0.101	
6.25	0.303	0.270	0.029	-0.450	-0.002	-0.114	
6.30	0.304	0.269	0.006	-0.479	-0.008	-0.093	
6.35	0.303	0.269	-0.020	-0.475	-0.011	-0.070	
6.40	0.301	0.268	-0.043	-0.433	-0.015	-0.055	
6.45	0.299	0.267	-0.063	-0.392	-0.017	-0.038	
6.50	0.295	0.266	-0.082	-0.357	-0.018	-0.026	
6.55	0.291	0.265	-0.099	-0.316	-0.020	0.010	
6.60	0.285	0.264	-0.115	-0.249	-0.019	0.072	
6.65	0.279	0.263	-0.126	-0.152	-0.013	0.125	
6.70	0.272	0.263	-0.130	-0.060	-0.004	0.148	
6.75	0.266	0.263	-0.130	0.004	0.002	0.161	
6.80	0.259	0.263	-0.129	0.065	0.011	0.181	
6.85	0.253	0.264	-0.128	0.203	0.021	0.198	
6.90	0.245	0.265	-0.108	0.320	0.031	0.205	
6.95	0.242	0.267	-0.086	0.264	0.042	0.194	
7.00	0.238	0.269	-0.085	0.266	0.051	0.170	
7.05	0.233	0.272	-0.068	0.417	0.059	0.141	
7.10	0.231	0.275	-0.039	0.500	0.065	0.108	
7.15	0.229	0.279	-0.013	0.484	0.071	0.065	
7.20	0.229	0.282	0.011	0.420	0.072	0.008	
7.25	0.231	0.286	0.029	0.355	0.071	-0.048	
7.30	0.232	0.290	0.045	0.326	0.067	-0.103	
7.35	0.235	0.293	0.061	0.296	0.061	-0.157	
7.40	0.239	0.296	0.075	0.247	0.052	-0.213	
7.45	0.242	0.298	0.091	0.120	0.040	-0.268	
7.50	0.249	0.300	0.087	0.005	0.024	-0.311	
7.55	0.251	0.301	0.080	0.066	0.008	-0.344	
7.60	0.255	0.301	0.097	0.057	-0.011	-0.362	
7.65	0.262	0.300	0.096	-0.119	-0.030	-0.339	
7.70	0.266	0.298	0.080	-0.214	-0.045	-0.307	
7.75	0.269	0.295	0.069	-0.215	-0.059	-0.293	
7.80	0.273	0.292	0.060	-0.217	-0.075	-0.264	
7.85	0.276	0.288	0.048	-0.222	-0.087	-0.219	
7.90	0.277	0.283	0.037	-0.217	-0.096	-0.179	
7.95	0.279	0.278	0.027	-0.211	-0.105	-0.129	
8.00	0.280	0.273	0.016	-0.205	-0.111	-0.051	
8.05	0.281	0.267	0.006	-0.188	-0.110	0.032	
8.10	0.281	0.261	-0.003	-0.165	-0.107	0.105	
8.15	0.280	0.256	-0.011	-0.138	-0.100	0.173	
8.20	0.280	0.251	-0.017	-0.108	-0.089	0.234	
8.25	0.279	0.247	-0.022	-0.076	-0.077	0.302	
8.30	0.277	0.243	-0.025	-0.035	-0.059	0.375	
8.35	0.276	0.241	-0.025	-0.006	-0.038	0.419	
8.40	0.275	0.240	-0.025	0.005	-0.015	0.422	
8.45	0.274	0.239	-0.025	0.030	0.004	0.421	
8.50	0.272	0.240	-0.022	0.057	0.026	0.430	
8.55	0.271	0.242	-0.018	0.056	0.049	0.405	
8.60	0.270	0.245	-0.016	0.042	0.068	0.344	
8.65	0.270	0.249	-0.014	0.028	0.083	0.290	
8.70	0.269	0.253	-0.013	0.021	0.097	0.241	
8.75	0.268	0.259	-0.012	0.015	0.108	0.173	
8.80	0.268	0.264	-0.011	-0.001	0.115	0.089	
8.85	0.267	0.270	-0.012	-0.019	0.117	0.003	
8.90	0.267	0.276	-0.014	-0.033	0.115	-0.077	
8.95	0.266	0.282	-0.015	-0.053	0.109	-0.148	
9.00	0.265	0.287	-0.019	-0.075	0.099	-0.203	
9.05	0.264	0.292	-0.023	-0.099	0.089	-0.259	
9.10	0.263	0.296	-0.028	-0.119	0.073	-0.308	
9.15	0.261	0.299	-0.035	-0.121	0.057	-0.334	
9.20	0.260	0.302	-0.046	-0.028	0.039	-0.349	
9.25	0.256	0.303	-0.039	0.083	0.022	-0.361	
9.30	0.256	0.304	-0.028	0.029	0.003	-0.367	
9.35	0.254	0.304	-0.035	-0.055	-0.016	-0.352	
9.40	0.252	0.302	-0.039	-0.051	-0.033	-0.323	
9.45	0.250	0.300	-0.041	-0.012	-0.049	-0.283	
9.50	0.248	0.297	-0.044	0.102	-0.062	-0.228	
9.55	0.245	0.294	-0.029	0.191	-0.071	-0.174	
9.60	0.246	0.290	-0.020	0.201	-0.079	-0.129	
9.65	0.243	0.286	-0.010	0.206	-0.084	-0.079	
9.70	0.245	0.282	0.001	0.193	-0.087	-0.017	
9.75	0.243	0.277	0.010	0.194	-0.086	0.039	
9.80	0.246	0.273	0.019	0.221	-0.083	0.087	
9.85	0.245	0.269	0.026	0.319	-0.077	0.140	
9.90	0.247	0.265	0.057	0.310	-0.069	0.185	
9.95	0.252	0.262	0.068	0.138	-0.059	0.224	
10.00	0.255	0.259	0.060	0.134	-0.046	0.253	
10.05	0.256	0.257	0.076	0.211	-0.032	0.257	
10.10	0.262	0.256	0.092	0.121	-0.020	0.252	
10.15	0.267	0.255	0.089	0.000	-0.007	0.247	
10.20	0.271	0.255	0.087	-0.057	0.006	0.225	
10.25	0.275	0.256	0.083	-0.099	0.016	0.197	
10.30	0.279	0.257	0.078	-0.142	0.026	0.159	
10.35	0.283	0.259	0.069	-0.193	0.032	0.114	
10.40	0.286	0.260	0.059	-0.246	0.037	0.075	
10.45	0.289	0.262	0.044	-0.288	0.039	0.043	
10.50	0.291	0.264	0.029	-0.315	0.041	0.016	
10.55	0.292	0.267	0.013	-0.337	0.041	-0.018	
10.60	0.292	0.268	-0.005	-0.350	0.039	-0.044	
10.65	0.292	0.270	-0.023	-0.342	0.037	-0.067	
10.70	0.290	0.272	-0.040	-0.325	0.033	-0.096	
10.75	0.288	0.274	-0.056	-0.300	0.026	-0.102	
10.80	0.284	0.275	-0.071	-0.258	0.021	-0.089	
10.85	0.280	0.276	-0.082	-0.210	0.018	-0.094	
10.90	0.276	0.277	-0.091	-0.162	0.012	-0.091	
10.95	0.271	0.277	-0.098	-0.119	0.007	-0.058	
11.00	0.266	0.277	-0.103	-0.091	0.007	-0.041	
11.05	0.261	0.278	-0.106	-0.075	0.004	-0.035	
11.10	0.256	0.277	-0.114	0.023	0.002	-0.014	
11.15	0.249	0.278	-0.109	0.211	0.002	0.008	
11.20	0.244	0.278	-0.088	0.312	0.004	0.023	
11.25	0.240	0.278	-0.073	0.319	0.006	0.021	
11.30	0.237	0.278	-0.057	0.327	0.006	0.024	
11.35	0.234	0.279	-0.041	0.342	0.007	0.047	
11.40	0.233	0.279	-0.023	0.355	0.011	0.064	
11.45	0.232	0.280	-0.005	0.361	0.015	0.045	
11.50	0.232	0.281	0.014	0.360	0.016	0.014	
11.55	0.234	0.281	0.032	0.344	0.016	-0.012	
11.60	0.236	0.282	0.048	0.324	0.014	-0.030	
11.65	0.239	0.283	0.064	0.312	0.012	-0.038	
11.70	0.242	0.283	0.078	0.310	0.011	-0.059	
11.75	0.246	0.284	0.099	0.221	0.007	-0.093	
11.80	0.253	0.284	0.106	0.034	0.001	-0.119	
11.85	0.257	0.284	0.098	-0.081	-0.006	-0.121	
11.90	0.262	0.284	0.093	-0.107	-0.011	-0.114	
11.95	0.267	0.283	0.088	-0.117	-0.016	-0.122	
12.00	0.271	0.282	0.083	-0.145	-0.023	-0.146	
12.05	0.275	0.281	0.074	-0.194	-0.032	-0.147	
12.10	0.279	0.279	0.063	-0.240	-0.039	-0.123	
12.15	0.281	0.277	0.049	-0.271	-0.044	-0.110	
12.20	0.283	0.274	0.035	-0.287	-0.050	-0.097	
12.25	0.285	0.272	0.020	-0.281	-0.055	-0.062	
12.30	0.285	0.269	0.006	-0.257	-0.056	-0.018	
12.35	0.285	0.266	-0.005	-0.236	-0.056	0.018	
12.40	0.285	0.263	-0.017	-0.221	-0.054	0.057	
12.45	0.284	0.261	-0.028	-0.196	-0.051	0.105	
12.50	0.282	0.258	-0.037	-0.164	-0.045	0.167	
12.55	0.280	0.256	-0.044	-0.131	-0.033	0.212	
12.60	0.277	0.255	-0.050	-0.094	-0.022	0.218	
12.65	0.275	0.254	-0.054	-0.052	-0.011	0.225	
12.70	0.272	0.253	-0.056	-0.010	-0.000	0.248	
12.75	0.269	0.254	-0.055	0.024	0.014	0.261	
12.80	0.267	0.255	-0.053	0.052	0.028	0.244	
12.85	0.264	0.257	-0.050	0.081	0.039	0.215	
12.90	0.261	0.259	-0.044	0.094	0.048	0.205	
12.95	0.259	0.261	-0.039	0.085	0.059	0.193	
13.00	0.257	0.265	-0.036	0.086	0.069	0.154	
13.05	0.256	0.268	-0.031	0.085	0.075	0.103	
13.10	0.255	0.272	-0.030	0.137	0.079	0.048	
13.15	0.252	0.276	-0.016	0.176	0.080	-0.009	
13.20	0.254	0.280	-0.009	0.149	0.078	-0.063	
13.25	0.251	0.284	-0.007	0.208	0.074	-0.122	
13.30	0.252	0.288	0.016	0.191	0.066	-0.176	
13.35	0.254	0.291	0.021	0.030	0.055	-0.210	
13.40	0.254	0.293	0.014	-0.051	0.044	-0.233	
13.45	0.255	0.295	0.011	-0.043	0.032	-0.261	
13.50	0.255	0.297	0.009	-0.010	0.019	-0.297	
13.55	0.256	0.297	0.011	0.003	0.002	-0.320	
13.60	0.257	0.297	0.011	-0.025	-0.015	-0.312	
13.65	0.257	0.296	0.008	-0.041	-0.030	-0.283	
13.70	0.257	0.294	0.005	-0.021	-0.044	-0.240	
13.75	0.257	0.291	0.006	-0.003	-0.054	-0.193	
13.80	0.258	0.288	0.006	0.008	-0.063	-0.143	
13.85	0.258	0.285	0.006	0.027	-0.068	-0.108	
13.90	0.258	0.282	0.008	0.043	-0.073	-0.084	
13.95	0.259	0.277	0.011	0.052	-0.077	-0.040	
14.00	0.259	0.274	0.014	0.057	-0.078	0.017	
14.05	0.260	0.270	0.017	0.055	-0.076	0.076	
14.10	0.261	0.266	0.019	0.058	-0.070	0.123	
14.15	0.262	0.263	0.022	0.071	-0.062	0.152	
14.20	0.263	0.260	0.027	0.074	-0.055	0.185	
14.25	0.265	0.257	0.030	0.057	-0.044	0.226	
14.30	0.266	0.255	0.032	0.040	-0.031	0.239	
14.35	0.268	0.254	0.034	0.026	-0.019	0.232	
14.40	0.270	0.253	0.035	0.017	-0.009	0.241	
14.45	0.271	0.253	0.036	0.004	0.004	0.256	
14.50	0.273	0.254	0.036	-0.029	0.018	0.241	
14.55	0.275	0.255	0.033	-0.068	0.029	0.208	
14.60	0.277	0.257	0.028	-0.091	0.039	0.178	
14.65	0.278	0.259	0.024	-0.106	0.047	0.143	
14.70	0.279	0.261	0.019	-0.137	0.053	0.108	
14.75	0.280	0.264	0.010	-0.168	0.058	0.059	
14.80	0.280	0.267	0.001	-0.180	0.060	-0.004	
14.85	0.280	0.270	-0.008	-0.192	0.058	-0.056	
14.90	0.280	0.273	-0.018	-0.205	0.053	-0.084	
14.95	0.278	0.276	-0.029	-0.196	0.048	-0.098	
15.00	0.276	0.278	-0.038	-0.170	0.044	-0.116	
15.05	0.274	0.280	-0.046	-0.152	0.038	-0.142	
15.10	0.272	0.282	-0.054	-0.131	0.028	-0.147	
15.15	0.269	0.283	-0.060	-0.093	0.022	-0.141	
15.20	0.266	0.284	-0.062	-0.071	0.016	-0.160	
15.25	0.263	0.285	-0.066	-0.061	0.005	-0.160	
15.30	0.259	0.285	-0.069	-0.027	-0.003	-0.116	
15.35	0.256	0.284	-0.074	0.097	-0.006	-0.080	
15.40	0.251	0.284	-0.059	0.202	-0.009	-0.066	
15.45	0.250	0.283	-0.043	0.117	-0.013	-0.047	
15.50	0.248	0.282	-0.047	0.023	-0.013	-0.036	
15.55	0.245	0.282	-0.051	0.104	-0.016	-0.038	
15.60	0.242	0.281	-0.041	0.281	-0.019	-0.015	
15.65	0.241	0.280	-0.017	0.381	-0.018	0.018	
15.70	0.240	0.279	0.002	0.378	-0.016	0.030	
15.75	0.241	0.279	0.019	0.362	-0.014	0.018	
15.80	0.242	0.278	0.041	0.290	-0.014	0.013	
15.85	0.246	0.277	0.052	0.158	-0.013	0.026	
15.90	0.248	0.276	0.052	0.101	-0.012	0.037	
15.95	0.250	0.276	0.059	0.112	-0.009	0.037	
16.00	0.254	0.276	0.065	0.101	-0.007	0.026	
16.05	0.257	0.275	0.070	0.071	-0.007	0.013	
16.10	0.261	0.275	0.073	0.029	-0.006	-0.004	
16.15	0.264	0.275	0.073	-0.019	-0.006	-0.029	
16.20	0.268	0.274	0.071	-0.067	-0.010	-0.038	
16.25	0.272	0.274	0.066	-0.116	-0.011	-0.029	
16.30	0.275	0.273	0.059	-0.160	-0.012	-0.025	
16.35	0.278	0.272	0.050	-0.202	-0.013	-0.035	
16.40	0.280	0.272	0.038	-0.225	-0.016	-0.046	
16.45	0.281	0.271	0.027	-0.232	-0.018	-0.043	
16.50	0.283	0.270	0.015	-0.228	-0.020	-0.029	
16.55	0.283	0.269	0.004	-0.218	-0.022	-0.010	
16.60	0.283	0.268	-0.006	-0.220	-0.021	0.004	
16.65	0.282	0.267	-0.018	-0.215	-0.021	0.020	
16.70	0.281	0.266	-0.029	-0.186	-0.019	0.039	
16.75	0.279	0.265	-0.037	-0.152	-0.017	0.057	
16.80	0.277	0.264	-0.044	-0.130	-0.015	0.092	
16.85	0.275	0.263	-0.050	-0.104	-0.008	0.117	
16.90	0.272	0.263	-0.055	-0.060	-0.001	0.116	
16.95	0.269	0.263	-0.056	-0.018	0.003	0.126	
17.00	0.267	0.263	-0.056	0.004	0.011	0.145	
17.05	0.264	0.264	-0.055	0.018	0.019	0.149	
17.10	0.261	0.265	-0.054	0.033	0.026	0.137	
17.15	0.259	0.267	-0.057	0.130	0.032	0.118	
17.20	0.254	0.269	-0.041	0.217	0.038	0.105	
17.25	0.255	0.271	-0.025	0.124	0.043	0.085	
17.30	0.253	0.273	-0.028	0.026	0.046	0.064	
17.35	0.252	0.275	-0.032	0.088	0.050	0.042	
17.40	0.249	0.278	-0.024	0.235	0.052	0.003	
17.45	0.249	0.281	-0.003	0.289	0.050	-0.045	
17.50	0.249	0.283	0.015	0.170	0.046	-0.084	
17.55	0.251	0.285	0.013	0.063	0.042	-0.118	
17.60	0.250	0.287	0.011	0.127	0.035	-0.152	
17.65	0.251	0.289	0.030	0.131	0.025	-0.166	
17.70	0.254	0.290	0.033	-0.009	0.018	-0.174	
17.75	0.255	0.291	0.020	-0.020	0.009	-0.197	
17.80	0.255	0.291	0.026	0.055	-0.002	-0.208	
17.85	0.258	0.290	0.034	0.009	-0.012	-0.206	
17.90	0.259	0.290	0.028	-0.057	-0.023	-0.201	
17.95	0.260	0.288	0.024	-0.058	-0.034	-0.171	
18.00	0.261	0.286	0.022	-0.049	-0.040	-0.134	
18.05	0.263	0.284	0.020	-0.051	-0.046	-0.120	
18.10	0.263	0.282	0.018	-0.065	-0.052	-0.108	
18.15	0.264	0.279	0.014	-0.082	-0.058	-0.075	
18.20	0.265	0.276	0.003	-0.001	-0.061	-0.029	
18.25	0.264	0.273	0.013	0.095	-0.061	0.024	
18.30	0.266	0.269	0.023	0.022	-0.057	0.053	
18.35	0.267	0.267	0.014	-0.053	-0.055	0.069	
18.40	0.267	0.264	0.012	-0.036	-0.052	0.119	
18.45	0.268	0.262	0.011	-0.016	-0.043	0.176	
18.50	0.269	0.259	0.011	-0.002	-0.033	0.201	
18.55	0.269	0.258	0.012	-0.001	-0.021	0.189	
18.60	0.270	0.258	0.011	-0.013	-0.014	0.181	
18.65	0.270	0.257	0.010	-0.024	-0.005	0.202	
18.70	0.271	0.257	0.009	-0.029	0.007	0.205	
18.75	0.271	0.258	0.007	-0.029	0.017	0.185	
18.80	0.271	0.259	0.006	-0.035	0.025	0.163	
18.85	0.272	0.260	0.004	-0.041	0.033	0.138	
18.90	0.272	0.262	0.002	-0.046	0.039	0.121	
18.95	0.272	0.264	-0.000	-0.057	0.045	0.102	
19.00	0.272	0.267	-0.004	-0.072	0.050	0.063	
19.05	0.272	0.269	-0.008	-0.086	0.051	0.027	
19.10	0.271	0.272	-0.013	-0.088	0.052	-0.007	
19.15	0.270	0.274	-0.017	-0.079	0.051	-0.043	
19.20	0.269	0.277	-0.021	-0.074	0.048	-0.082	
19.25	0.268	0.279	-0.024	-0.072	0.043	-0.119	
19.30	0.267	0.281	-0.028	-0.071	0.036	-0.144	
19.35	0.265	0.283	-0.032	-0.059	0.028	-0.165	
19.40	0.264	0.284	-0.034	-0.039	0.019	-0.175	
19.45	0.262	0.285	-0.036	-0.023	0.010	-0.165	
19.50	0.260	0.285	-0.036	-0.019	0.002	-0.149	
19.55	0.258	0.285	-0.037	-0.027	-0.004	-0.143	
19.60	0.257	0.285	-0.038	-0.026	-0.012	-0.132	
19.65	0.255	0.284	-0.044	0.058	-0.018	-0.106	
19.70	0.251	0.283	-0.037	0.203	-0.023	-0.079	
19.75	0.250	0.281	-0.013	0.179	-0.027	-0.036	
19.80	0.252	0.280	-0.014	0.085	-0.026	-0.003	
19.85	0.249	0.279	-0.016	0.168	-0.025	-0.012	
19.90	0.249	0.277	0.001	0.269	-0.028	-0.003	
19.95	0.249	0.276	0.020	0.217	-0.027	0.039	
20.00	0.251	0.275	0.028	0.067	-0.023	0.062	
20.05	0.252	0.274	0.022	-0.007	-0.020	0.067	
20.10	0.254	0.273	0.018	0.080	-0.017	0.069	
20.15	0.254	0.272	0.026	0.235	-0.013	0.061	
20.20	0.255	0.271	0.051	0.230	-0.010	0.050	
20.25	0.260	0.271	0.059	0.056	-0.008	0.046	
20.30	0.262	0.270	0.052	-0.049	-0.006	0.049	
20.35	0.264	0.270	0.048	-0.052	-0.003	0.044	
20.40	0.267	0.270	0.047	-0.049	-0.002	0.033	
20.45	0.269	0.270	0.045	-0.071	-0.000	0.032	
20.50	0.271	0.270	0.040	-0.097	0.003	0.015	
20.55	0.273	0.270	0.034	-0.116	0.002	-0.006	
20.60	0.275	0.270	0.029	-0.146	0.000	0.004	
20.65	0.276	0.270	0.020	-0.174	0.002	0.015	
20.70	0.277	0.270	0.010	-0.173	0.003	-0.004	
20.75	0.277	0.271	0.002	-0.156	0.002	-0.032	
20.80	0.277	0.271	-0.005	-0.143	-0.002	-0.029	
20.85	0.277	0.270	-0.012	-0.134	-0.002	0.000	
20.90	0.276	0.270	-0.019	-0.120	-0.001	0.013	
20.95	0.275	0.270	-0.024	-0.116	0.000	0.003	
21.00	0.274	0.271	-0.030	-0.122	-0.001	0.000	
21.05	0.272	0.270	-0.037	-0.099	-0.001	0.018	
21.10	0.270	0.270	-0.041	-0.056	0.001	0.032	
21.15	0.268	0.270	-0.043	-0.014	0.003	0.041	
21.20	0.265	0.271	-0.041	0.015	0.006	0.042	
21.25	0.263	0.271	-0.040	0.021	0.007	0.035	
21.30	0.261	0.271	-0.040	0.037	0.009	0.035	
21.35	0.259	0.272	-0.037	0.066	0.011	0.031	
21.40	0.257	0.273	-0.033	0.097	0.012	0.035	
21.45	0.256	0.273	-0.027	0.121	0.014	0.044	
21.50	0.255	0.274	-0.021	0.130	0.017	0.032	
21.55	0.254	0.275	-0.014	0.130	0.017	0.016	
21.60	0.253	0.276	-0.007	0.124	0.018	0.012	
21.65	0.253	0.277	-0.002	0.121	0.019	0.000	
21.70	0.253	0.278	0.004	0.124	0.018	-0.019	
21.75	0.253	0.279	0.011	0.115	0.017	-0.029	
21.80	0.254	0.279	0.017	0.086	0.016	-0.049	
21.85	0.255	0.280	0.019	0.065	0.013	-0.089	
21.90	0.256	0.281	0.022	0.065	0.006	-0.109	
21.95	0.257	0.281	0.027	0.047	0.000	-0.092	
22.00	0.259	0.281	0.028	0.009	-0.003	-0.080	
22.05	0.260	0.281	0.027	-0.018	-0.007	-0.083	
22.10	0.262	0.280	0.026	-0.038	-0.011	-0.083	
22.15	0.263	0.279	0.024	-0.054	-0.015	-0.088	
22.20	0.264	0.279	0.016	0.007	-0.020	-0.084	
22.25	0.264	0.277	0.023	0.075	-0.025	-0.050	
22.30	0.267	0.276	0.032	-0.005	-0.025	-0.017	
22.35	0.268	0.275	0.023	-0.097	-0.025	-0.013	
22.40	0.269	0.273	0.017	-0.101	-0.026	-0.019	
22.45	0.270	0.272	0.013	-0.091	-0.028	-0.007	
22.50	0.270	0.270	0.009	-0.080	-0.028	0.025	
22.55	0.270	0.269	0.004	-0.065	-0.025	0.052	
22.60	0.270	0.268	0.002	-0.052	-0.022	0.058	
22.65	0.271	0.267	0.000	-0.056	-0.019	0.057	
22.70	0.271	0.266	-0.003	-0.064	-0.017	0.073	
22.75	0.270	0.265	-0.007	-0.053	-0.012	0.087	
22.80	0.270	0.265	-0.008	-0.048	-0.008	0.095	
22.85	0.269	0.264	-0.010	-0.063	-0.003	0.109	
22.90	0.269	0.265	-0.015	-0.069	0.004	0.109	
22.95	0.268	0.265	-0.023	0.011	0.009	0.103	
23.00	0.266	0.265	-0.014	0.090	0.013	0.110	
23.05	0.267	0.266	-0.005	0.026	0.020	0.105	
23.10	0.266	0.268	-0.011	-0.047	0.025	0.071	
23.15	0.265	0.269	-0.014	-0.055	0.027	0.037	
23.20	0.264	0.270	-0.017	-0.044	0.028	0.022	
23.25	0.264	0.272	-0.018	-0.037	0.029	0.014	
23.30	0.263	0.273	-0.024	0.030	0.030	-0.001	
23.35	0.260	0.275	-0.014	0.094	0.029	-0.017	
23.40	0.262	0.276	-0.010	0.073	0.028	-0.026	
23.45	0.259	0.277	-0.009	0.072	0.027	-0.040	
23.50	0.261	0.279	-0.001	0.028	0.024	-0.062	
23.55	0.260	0.280	-0.006	-0.016	0.021	-0.088	
23.60	0.260	0.281	-0.006	0.003	0.015	-0.108	
23.65	0.259	0.281	-0.005	0.019	0.009	-0.100	
23.70	0.259	0.282	-0.003	0.029	0.005	-0.089	
23.75	0.259	0.282	-0.002	0.026	0.001	-0.097	
23.80	0.259	0.282	-0.000	0.016	-0.004	-0.108	
23.85	0.259	0.282	-0.000	0.007	-0.012	-0.093	
23.90	0.259	0.281	-0.000	0.005	-0.015	-0.059	
23.95	0.259	0.280	-0.000	0.010	-0.016	-0.048	
24.00	0.259	0.279	0.001	0.017	-0.019	-0.052	
24.05	0.259	0.278	0.003	0.011	-0.021	-0.057	
24.10	0.260	0.277	-0.002	0.070	-0.025	-0.046	
24.15	0.258	0.276	0.010	0.120	-0.027	-0.009	
24.20	0.261	0.274	0.019	0.027	-0.026	0.031	
24.25	0.261	0.273	0.011	-0.041	-0.022	0.039	
24.30	0.262	0.272	0.005	0.043	-0.022	0.033	
24.35	0.261	0.271	0.016	0.128	-0.020	0.042	
24.40	0.263	0.270	0.027	0.054	-0.018	0.052	
24.45	0.264	0.269	0.021	-0.037	-0.015	0.070	
24.50	0.265	0.268	0.018	-0.046	-0.010	0.077	
24.55	0.266	0.268	0.017	-0.040	-0.007	0.067	
24.60	0.267	0.268	0.015	-0.034	-0.004	0.060	
24.65	0.268	0.268	0.013	-0.026	-0.001	0.054	
24.70	0.268	0.268	0.012	-0.021	0.001	0.059	
24.75	0.269	0.268	0.012	-0.042	0.005	0.065	
24.80	0.269	0.268	0.009	-0.077	0.009	0.052	
24.85	0.270	0.269	0.004	-0.094	0.010	0.039	
24.90	0.270	0.269	-0.002	-0.081	0.012	0.044	
24.95	0.269	0.270	-0.005	-0.070	0.015	0.045	
25.00	0.269	0.271	-0.007	-0.082	0.017	0.024	
25.05	0.269	0.272	-0.012	-0.093	0.017	0.003	
25.10	0.268	0.272	-0.022	-0.014	0.017	-0.007	
25.15	0.266	0.273	-0.014	0.073	0.017	-0.015	
25.20	0.267	0.274	-0.005	-0.006	0.015	-0.013	
25.25	0.266	0.275	-0.014	-0.100	0.016	-0.018	
25.30	0.265	0.276	-0.021	-0.087	0.014	-0.032	
25.35	0.264	0.276	-0.029	0.026	0.012	-0.039	
25.40	0.261	0.277	-0.017	0.106	0.010	-0.043	
25.45	0.263	0.277	-0.008	-0.003	0.007	-0.040	
25.50	0.262	0.278	-0.018	-0.112	0.006	-0.033	
25.55	0.261	0.278	-0.024	-0.116	0.005	-0.036	
25.60	0.259	0.278	-0.033	-0.026	0.003	-0.047	
25.65	0.257	0.278	-0.030	0.132	-0.001	-0.045	
25.70	0.256	0.278	-0.016	0.197	-0.003	-0.029	
25.75	0.255	0.278	-0.007	0.177	-0.003	-0.018	
25.80	0.255	0.278	0.005	0.091	-0.004	-0.018	
25.85	0.257	0.277	0.001	0.026	-0.005	-0.019	
25.90	0.255	0.277	0.003	0.056	-0.006	-0.013	
25.95	0.257	0.277	0.007	0.094	-0.007	-0.006	
26.00	0.255	0.276	0.013	0.107	-0.006	-0.009	
26.05	0.258	0.276	0.023	0.021	-0.008	-0.007	
26.10	0.259	0.276	0.015	-0.053	-0.008	0.005	
26.15	0.259	0.275	0.008	0.047	-0.006	0.003	
26.20	0.258	0.275	0.020	0.143	-0.007	-0.006	
26.25	0.262	0.275	0.033	0.056	-0.008	-0.002	
26.30	0.263	0.274	0.026	-0.043	-0.007	0.003	
26.35	0.264	0.274	0.023	-0.053	-0.007	0.004	
26.40	0.265	0.274	0.021	-0.057	-0.007	0.014	
26.45	0.266	0.273	0.019	-0.072	-0.006	0.016	
26.50	0.267	0.273	0.009	-0.011	-0.005	-0.003	
26.55	0.266	0.273	0.016	0.065	-0.006	-0.021	
26.60	0.269	0.273	0.025	-0.020	-0.008	-0.018	
26.65	0.269	0.272	0.014	-0.113	-0.009	0.005	
26.70	0.270	0.271	0.007	-0.105	-0.006	0.015	
26.75	0.270	0.271	0.003	-0.069	-0.006	0.010	
26.80	0.270	0.271	0.002	-0.056	-0.006	0.008	
26.85	0.270	0.271	-0.001	-0.073	-0.006	0.007	
26.90	0.270	0.270	-0.006	-0.082	-0.006	0.029	
26.95	0.270	0.270	-0.010	-0.087	-0.003	0.048	
27.00	0.269	0.270	-0.013	-0.110	-0.000	0.046	
27.05	0.268	0.270	-0.020	-0.136	0.002	0.042	
27.10	0.268	0.270	-0.032	-0.069	0.004	0.030	
27.15	0.265	0.270	-0.032	0.095	0.005	0.016	
27.20	0.264	0.271	-0.019	0.186	0.006	0.007	
27.25	0.263	0.271	-0.005	0.119	0.005	0.018	
27.30	0.264	0.271	-0.004	-0.019	0.007	0.048	
27.35	0.263	0.272	-0.012	-0.065	0.011	0.056	
27.40	0.262	0.272	-0.014	-0.027	0.013	0.042	
27.45	0.261	0.273	-0.014	-0.003	0.015	0.025	
27.50	0.261	0.274	-0.013	0.001	0.016	0.010	
27.55	0.260	0.275	-0.013	0.004	0.016	-0.006	
27.60	0.260	0.276	-0.018	0.086	0.015	-0.020	
27.65	0.257	0.276	-0.005	0.162	0.013	-0.019	
27.70	0.259	0.277	0.008	0.073	0.013	-0.020	
27.75	0.259	0.277	0.003	-0.042	0.012	-0.036	
27.80	0.259	0.278	0.000	-0.093	0.009	-0.045	
27.85	0.260	0.278	-0.011	-0.032	0.007	-0.039	
27.90	0.258	0.279	-0.009	0.140	0.006	-0.052	
27.95	0.258	0.279	0.007	0.222	0.003	-0.082	
28.00	0.258	0.279	0.022	0.133	-0.003	-0.088	
28.05	0.261	0.279	0.024	-0.022	-0.008	-0.067	
28.10	0.261	0.278	0.014	-0.084	-0.010	-0.036	
28.15	0.262	0.278	0.011	-0.055	-0.010	-0.025	
28.20	0.262	0.277	0.009	-0.022	-0.012	-0.038	
28.25	0.263	0.277	0.010	-0.005	-0.015	-0.032	
28.30	0.263	0.276	0.010	-0.011	-0.015	-0.015	
28.35	0.264	0.275	0.009	-0.018	-0.015	-0.016	
28.40	0.264	0.274	0.008	-0.024	-0.017	-0.010	
28.45	0.265	0.273	0.006	-0.022	-0.017	0.008	
28.50	0.265	0.273	0.005	-0.011	-0.016	0.019	
28.55	0.265	0.272	0.005	-0.006	-0.016	0.036	
28.60	0.265	0.271	0.005	-0.008	-0.012	0.047	
28.65	0.266	0.270	0.005	-0.015	-0.010	0.040	
28.70	0.266	0.270	0.003	-0.020	-0.008	0.034	
28.75	0.266	0.270	0.002	-0.017	-0.007	0.046	
28.80	0.266	0.269	0.002	-0.012	-0.004	0.056	
28.85	0.266	0.269	0.001	-0.013	-0.001	0.054	
28.90	0.266	0.269	0.000	-0.017	0.001	0.058	
28.95	0.266	0.269	0.000	-0.034	0.005	0.062	
29.00	0.266	0.270	-0.002	-0.071	0.008	0.056	
29.05	0.266	0.270	-0.007	-0.100	0.010	0.049	
29.10	0.266	0.271	-0.018	-0.019	0.013	0.044	
29.15	0.264	0.271	-0.014	0.146	0.016	0.023	
29.20	0.264	0.272	0.006	0.143	0.016	-0.009	
29.25	0.265	0.273	0.009	-0.016	0.013	-0.015	
29.30	0.265	0.274	-0.001	-0.089	0.013	-0.002	
29.35	0.265	0.274	-0.005	-0.063	0.014	-0.007	
29.40	0.264	0.275	-0.007	-0.025	0.014	-0.031	
29.45	0.264	0.276	-0.007	-0.004	0.010	-0.037	
29.50	0.264	0.276	-0.007	0.000	0.008	-0.021	
29.55	0.263	0.276	-0.006	-0.009	0.010	-0.029	
29.60	0.263	0.277	-0.007	-0.024	0.006	-0.053	
29.65	0.263	0.277	-0.009	-0.034	0.003	-0.054	
29.70	0.262	0.277	-0.010	-0.054	0.000	-0.044	
29.75	0.262	0.277	-0.013	-0.084	-0.001	-0.043	
29.80	0.261	0.277	-0.023	-0.034	-0.004	-0.045	
29.85	0.259	0.277	-0.021	0.091	-0.007	-0.027	
29.90	0.259	0.276	-0.009	0.148	-0.006	-0.014	
29.95	0.258	0.276	-0.003	0.149	-0.007	-0.014	
30.00	0.258	0.276	0.004	0.155	-0.008	-0.008	
30.05	0.258	0.275	0.016	0.099	-0.008	0.001	
30.10	0.261	0.275	0.018	-0.021	-0.007	0.002	
30.15	0.261	0.275	0.009	-0.068	-0.008	-0.003	
30.20	0.261	0.274	0.007	-0.033	-0.009	0.007	
30.25	0.261	0.274	0.007	-0.004	-0.007	0.021	
30.30	0.262	0.274	0.008	-0.007	-0.006	0.020	
30.35	0.262	0.273	0.007	-0.026	-0.005	0.017	
30.40	0.263	0.273	0.005	-0.023	-0.004	0.015	
30.45	0.263	0.273	-0.000	0.063	-0.004	0.021	
30.50	0.262	0.273	0.011	0.131	-0.002	0.029	
30.55	0.264	0.273	0.022	0.038	-0.000	0.026	
30.60	0.265	0.273	0.015	-0.058	0.000	0.022	
30.65	0.265	0.273	0.011	-0.063	0.002	0.013	
30.70	0.266	0.273	0.008	-0.039	0.001	0.010	
30.75	0.266	0.273	0.007	-0.008	0.003	0.010	
30.80	0.266	0.273	0.009	-0.014	0.004	-0.009	
30.85	0.267	0.273	0.008	-0.055	0.001	-0.014	
30.90	0.267	0.273	0.002	-0.071	0.001	-0.005	
30.95	0.267	0.273	-0.002	-0.047	0.001	0.003	
31.00	0.267	0.273	-0.002	-0.030	0.002	0.007	
31.05	0.267	0.274	-0.004	-0.032	0.003	-0.010	
31.10	0.267	0.274	-0.006	-0.037	-0.000	-0.012	
31.15	0.266	0.273	-0.008	-0.033	0.000	0.012	
31.20	0.266	0.274	-0.009	-0.019	0.003	0.009	
31.25	0.265	0.274	-0.009	-0.012	0.002	-0.008	
31.30	0.265	0.274	-0.010	-0.012	0.001	-0.009	
31.35	0.264	0.274	-0.011	-0.002	0.001	-0.010	
31.40	0.264	0.274	-0.010	0.004	0.000	-0.008	
31.45	0.263	0.274	-0.010	-0.006	-0.001	0.006	
31.50	0.263	0.274	-0.010	-0.035	0.000	0.023	
31.55	0.262	0.274	-0.013	-0.067	0.003	0.021	
31.60	0.262	0.274	-0.021	-0.008	0.003	0.006	
31.65	0.260	0.274	-0.018	0.126	0.003	-0.008	
31.70	0.259	0.274	-0.005	0.183	0.002	-0.019	
31.75	0.259	0.275	0.008	0.108	0.000	-0.007	
31.80	0.261	0.274	0.005	0.044	0.001	0.016	
31.85	0.259	0.275	0.007	0.060	0.003	0.011	
31.90	0.262	0.275	0.015	0.006	0.003	-0.008	
31.95	0.262	0.275	0.008	-0.061	0.001	-0.009	
32.00	0.262	0.275	0.006	-0.078	0.002	-0.003	
32.05	0.262	0.275	0.001	-0.082	0.002	-0.013	
32.10	0.263	0.275	-0.007	0.006	-0.000	-0.017	
32.15	0.261	0.275	-0.003	0.157	0.000	-0.021	
32.20	0.261	0.275	0.017	0.149	-0.002	-0.028	
32.25	0.264	0.275	0.021	-0.011	-0.004	-0.013	
32.30	0.264	0.275	0.011	-0.099	-0.003	0.005	
32.35	0.264	0.274	0.006	-0.100	-0.003	0.011	
32.40	0.265	0.274	0.002	-0.082	-0.001	-0.009	
32.45	0.265	0.275	-0.006	0.005	-0.003	-0.029	
32.50	0.263	0.274	0.002	0.086	-0.006	-0.010	
32.55	0.265	0.274	0.011	0.020	-0.004	0.010	
32.60	0.265	0.274	0.004	-0.056	-0.004	0.007	
32.65	0.265	0.273	0.001	-0.061	-0.004	0.002	
32.70	0.265	0.273	-0.002	-0.059	-0.004	-0.001	
32.75	0.265	0.273	-0.004	-0.060	-0.004	0.008	
32.80	0.265	0.273	-0.007	-0.060	-0.003	0.020	
32.85	0.265	0.273	-0.015	0.013	-0.001	0.017	
32.90	0.262	0.273	-0.006	0.082	-0.001	0.012	
32.95	0.264	0.273	0.003	-0.011	-0.001	0.021	
33.00	0.264	0.273	-0.012	-0.031	0.001	0.024	
33.05	0.262	0.273	-0.006	0.044	0.002	0.020	
33.10	0.264	0.273	-0.003	0.062	0.003	0.015	
33.15	0.262	0.273	0.000	0.079	0.003	0.010	
33.20	0.263	0.273	0.008	0.018	0.004	0.010	
33.25	0.263	0.273	0.002	-0.037	0.005	0.009	
33.30	0.263	0.274	0.001	-0.023	0.004	0.009	
33.35	0.263	0.274	-0.000	-0.008	0.006	0.003	
33.40	0.263	0.274	0.000	0.003	0.006	-0.013	
33.45	0.263	0.274	0.001	0.003	0.003	-0.005	
33.50	0.263	0.274	0.002	-0.023	0.005	0.001	
33.55	0.264	0.275	-0.001	-0.054	0.004	-0.017	
33.60	0.263	0.275	-0.005	-0.049	0.003	-0.025	
33.65	0.263	0.275	-0.011	0.029	0.002	-0.030	
33.70	0.261	0.275	-0.001	0.076	-0.001	-0.026	
33.75	0.263	0.275	0.007	-0.046	-0.002	-0.003	
33.80	0.263	0.275	-0.009	-0.101	0.000	-0.002	
33.85	0.262	0.275	-0.013	0.026	-0.001	-0.022	
33.90	0.261	0.275	-0.004	0.124	-0.003	-0.026	
33.95	0.261	0.275	0.003	0.146	-0.004	-0.011	
34.00	0.261	0.274	0.014	0.083	-0.004	0.008	
34.05	0.263	0.274	0.015	-0.045	-0.003	0.008	
34.10	0.263	0.274	0.005	-0.096	-0.003	-0.009	
34.15	0.263	0.274	0.001	-0.059	-0.004	-0.016	
34.20	0.263	0.274	0.000	-0.031	-0.006	0.006	
34.25	0.263	0.273	-0.000	-0.034	-0.003	0.029	
34.30	0.263	0.274	-0.003	-0.041	-0.001	0.012	
34.35	0.263	0.274	-0.009	0.030	-0.002	-0.008	
34.40	0.262	0.273	0.000	0.092	-0.003	0.004	
34.45	0.263	0.273	0.009	0.005	-0.002	0.029	
34.50	0.263	0.273	0.001	-0.086	0.001	0.024	
34.55	0.264	0.273	-0.009	-0.025	0.001	0.002	
34.60	0.262	0.273	-0.002	0.063	-0.000	0.005	
34.65	0.264	0.273	0.002	0.070	0.001	0.015	
34.70	0.262	0.273	0.005	0.059	0.002	0.017	
34.75	0.264	0.273	0.011	-0.008	0.003	0.012	
34.80	0.264	0.274	0.003	-0.060	0.004	-0.006	
34.85	0.264	0.274	0.001	-0.042	0.002	-0.017	
34.90	0.264	0.274	-0.000	-0.025	0.002	-0.016	
34.95	0.264	0.274	-0.001	-0.009	0.000	-0.007	
35.00	0.264	0.274	-0.001	0.002	0.001	0.007	
35.05	0.264	0.274	-0.000	0.002	0.002	0.009	
35.10	0.264	0.274	-0.000	-0.009	0.002	-0.004	
35.15	0.264	0.274	-0.001	-0.023	0.001	-0.019	
35.20	0.263	0.274	-0.003	-0.034	-0.001	-0.016	
35.25	0.263	0.274	-0.005	-0.032	-0.000	-0.009	
35.30	0.263	0.274	-0.011	0.048	-0.001	-0.005	
35.35	0.261	0.274	-0.000	0.121	-0.001	-0.004	
35.40	0.263	0.274	0.010	0.041	-0.002	-0.005	
35.45	0.263	0.274	0.004	-0.036	-0.002	0.004	
35.50	0.263	0.274	0.001	-0.029	-0.000	-0.001	
35.55	0.263	0.274	0.001	-0.017	-0.002	-0.010	
35.60	0.263	0.274	0.000	-0.009	-0.003	0.008	
35.65	0.263	0.274	0.000	-0.003	-0.001	0.020	
35.70	0.263	0.274	0.000	0.000	0.001	0.007	
35.75	0.263	0.274	0.000	0.005	-0.000	-0.005	
35.80	0.263	0.274	0.000	0.012	-0.001	0.000	
35.85	0.263	0.274	0.001	0.016	-0.001	0.013	
35.90	0.264	0.274	0.002	0.016	0.002	0.007	
35.95	0.264	0.274	0.003	0.010	0.001	-0.009	
36.00	0.264	0.274	0.004	-0.010	-0.001	0.005	
36.05	0.264	0.274	0.002	-0.023	0.001	0.028	
36.10	0.264	0.274	0.001	-0.019	0.004	0.017	
36.15	0.264	0.274	0.000	-0.013	0.004	-0.015	
36.20	0.264	0.274	-0.000	-0.009	0.001	-0.026	
36.25	0.264	0.274	-0.001	-0.003	-0.001	-0.010	
36.30	0.264	0.274	-0.001	0.007	0.000	0.006	
36.35	0.264	0.274	0.000	0.002	0.001	0.002	
36.40	0.264	0.274	-0.000	-0.010	0.001	-0.013	
36.45	0.264	0.274	-0.002	-0.001	-0.001	-0.016	
36.50	0.264	0.274	-0.001	0.008	-0.001	-0.005	
36.55	0.264	0.274	-0.000	0.004	-0.001	0.005	
36.60	0.264	0.274	-0.000	-0.003	-0.000	0.007	
36.65	0.264	0.274	-0.000	-0.019	-0.000	0.003	
36.70	0.264	0.274	-0.002	-0.031	-0.001	0.007	
36.75	0.264	0.274	-0.003	-0.040	0.001	0.005	
36.80	0.264	0.274	-0.010	0.029	0.000	-0.003	
36.85	0.262	0.274	-0.001	0.111	0.000	-0.006	
36.90	0.264	0.274	0.009	0.045	-0.000	-0.009	
36.95	0.264	0.274	0.003	-0.027	-0.001	-0.005	
37.00	0.264	0.274	0.002	-0.030	-0.001	0.006	
37.05	0.264	0.274	0.000	-0.024	-0.000	0.011	
37.10	0.264	0.274	0.000	-0.024	0.000	0.010	
37.15	0.264	0.274	-0.001	-0.037	0.001	0.002	
37.20	0.264	0.274	-0.003	-0.042	0.000	-0.002	
37.25	0.264	0.274	-0.010	0.035	0.000	0.002	
37.30	0.262	0.274	-0.000	0.112	0.000	0.006	
37.35	0.264	0.274	0.009	0.041	0.001	0.001	
37.40	0.264	0.274	0.003	-0.032	0.002	-0.018	
37.45	0.264	0.274	0.002	-0.034	-0.002	-0.017	
37.50	0.264	0.274	0.000	-0.024	-0.001	0.004	
37.55	0.264	0.274	-0.001	-0.004	-0.000	0.014	
37.60	0.264	0.274	0.000	0.007	0.000	0.015	
37.65	0.264	0.274	0.001	0.001	0.001	0.007	
37.70	0.264	0.274	0.000	-0.008	0.002	-0.013	
37.75	0.264	0.274	-0.000	-0.011	-0.001	-0.021	
37.80	0.264	0.274	-0.001	-0.005	-0.001	-0.012	
37.85	0.264	0.274	-0.001	0.007	-0.001	-0.010	
37.90	0.264	0.274	-0.000	0.007	-0.002	-0.002	
37.95	0.264	0.274	0.001	-0.016	-0.002	0.016	
38.00	0.264	0.274	-0.001	-0.046	0.000	0.018	
38.05	0.264	0.274	-0.004	-0.059	0.000	0.008	
38.10	0.264	0.274	-0.012	0.006	0.000	0.005	
38.15	0.262	0.274	-0.003	0.065	0.001	-0.001	
38.20	0.264	0.274	-0.000	0.040	0.000	-0.005	
38.25	0.262	0.274	0.000	0.026	0.000	-0.002	
38.30	0.264	0.274	0.000	0.039	0.000	0.003	
38.35	0.262	0.274	0.003	0.063	0.000	0.005	
38.40	0.264	0.274	0.011	0.006	0.001	-0.002	
38.45	0.264	0.274	0.004	-0.053	0.001	-0.014	
38.50	0.264	0.274	0.002	-0.041	-0.002	-0.006	
38.55	0.264	0.274	0.000	-0.028	-0.000	0.009	
38.60	0.264	0.274	-0.001	-0.011	0.000	0.011	
38.65	0.264	0.274	-0.000	-0.014	0.001	0.004	
38.70	0.264	0.274	-0.001	-0.031	0.001	-0.009	
38.75	0.264	0.274	-0.003	-0.037	-0.001	-0.008	
38.80	0.264	0.274	-0.010	0.042	-0.000	0.001	
38.85	0.262	0.274	0.000	0.120	-0.000	0.004	
38.90	0.264	0.274	0.011	0.038	0.000	0.007	
38.95	0.264	0.274	0.004	-0.046	0.001	0.007	
39.00	0.264	0.274	0.001	-0.041	0.002	-0.007	
39.05	0.264	0.274	-0.000	-0.023	-0.000	-0.020	
39.10	0.264	0.274	-0.001	-0.003	-0.002	-0.005	
39.15	0.264	0.274	-0.000	0.007	-0.001	0.016	
39.20	0.264	0.274	0.000	0.007	0.001	0.015	
39.25	0.264	0.274	0.001	-0.002	0.002	-0.007	
39.30	0.264	0.274	0.000	-0.010	-0.001	-0.017	
39.35	0.264	0.274	-0.001	-0.005	-0.001	-0.006	
39.40	0.264	0.274	-0.000	-0.002	-0.001	0.001	
39.45	0.264	0.274	-0.000	-0.009	-0.001	0.005	
39.50	0.264	0.274	-0.001	-0.021	-0.000	0.007	
39.55	0.263	0.274	-0.002	-0.029	0.000	-0.002	
39.60	0.263	0.274	-0.004	-0.032	-0.001	0.004	
39.65	0.263	0.274	-0.010	0.043	0.001	0.010	
39.70	0.261	0.274	0.000	0.117	0.001	-0.000	
39.75	0.263	0.274	0.010	0.039	-0.000	0.003	
39.80	0.263	0.274	0.003	-0.038	0.001	0.006	
39.85	0.263	0.274	0.001	-0.030	0.001	-0.000	
39.90	0.263	0.274	0.000	-0.010	0.001	-0.001	
39.95	0.263	0.274	0.001	-0.000	0.001	0.003	
40.00	0.264	0.274	0.001	-0.006	0.002	-0.006	
40.05	0.264	0.274	-0.000	-0.001	0.000	-0.016	
40.10	0.263	0.274	0.001	0.002	-0.001	-0.003	
40.15	0.264	0.274	0.001	-0.009	0.000	0.001	
40.20	0.264	0.274	-0.001	-0.009	0.000	-0.015	
40.25	0.264	0.274	-0.000	-0.004	-0.003	-0.007	
40.30	0.264	0.274	-0.000	-0.007	-0.001	0.013	
40.35	0.264	0.274	-0.001	-0.004	0.000	0.007	
40.40	0.263	0.274	-0.001	0.003	-0.000	-0.007	
40.45	0.263	0.274	-0.000	-0.001	-0.001	-0.006	
40.50	0.263	0.274	-0.000	-0.023	-0.002	0.011	
40.55	0.263	0.274	-0.002	-0.054	0.000	0.016	
40.60	0.263	0.274	-0.005	-0.080	0.001	0.003	
40.65	0.263	0.274	-0.014	-0.030	-0.000	0.003	
40.70	0.261	0.274	-0.013	0.092	0.001	0.005	
40.75	0.261	0.274	-0.002	0.151	0.001	-0.005	
40.80	0.261	0.274	0.010	0.068	0.000	-0.007	
40.85	0.263	0.274	0.004	-0.012	-0.000	0.005	
40.90	0.261	0.274	0.004	-0.000	0.001	0.012	
40.95	0.264	0.274	0.005	0.012	0.002	0.004	
41.00	0.262	0.274	0.004	0.035	0.002	-0.006	
41.05	0.264	0.274	0.012	-0.010	0.001	-0.016	
41.10	0.264	0.274	0.004	-0.058	-0.001	-0.011	
41.15	0.264	0.274	0.002	-0.037	-0.001	0.004	
41.20	0.264	0.274	0.000	-0.018	0.001	0.004	
41.25	0.264	0.274	0.000	0.002	0.000	-0.008	
41.30	0.264	0.274	0.001	0.006	-0.000	-0.014	
41.35	0.264	0.274	0.002	-0.002	-0.002	-0.012	
41.40	0.264	0.274	0.001	-0.013	-0.003	0.010	
41.45	0.264	0.274	0.000	-0.020	-0.000	0.019	
41.50	0.264	0.274	-0.001	-0.019	0.000	0.007	
41.55	0.264	0.274	-0.002	-0.025	0.000	0.001	
41.60	0.264	0.274	-0.003	-0.040	0.000	-0.010	
41.65	0.264	0.274	-0.005	-0.058	-0.001	-0.011	
41.70	0.264	0.274	-0.013	0.004	-0.002	0.007	
41.75	0.262	0.274	-0.005	0.073	0.000	0.012	
41.80	0.264	0.274	-0.002	0.061	0.001	-0.002	
41.85	0.261	0.274	0.001	0.034	-0.001	0.002	
41.90	0.263	0.274	0.007	-0.073	0.001	0.011	
41.95	0.263	0.274	-0.010	-0.099	0.001	0.003	
42.00	0.262	0.274	-0.012	0.042	0.000	0.009	
42.05	0.262	0.274	-0.003	0.132	0.002	0.010	
42.10	0.262	0.274	0.004	0.145	0.002	-0.000	
42.15	0.262	0.274	0.015	0.077	0.002	-0.006	
42.20	0.264	0.274	0.015	-0.049	0.001	-0.014	
42.25	0.264	0.274	0.006	-0.092	0.000	-0.016	
42.30	0.264	0.274	0.002	-0.060	-0.000	-0.013	
42.35	0.264	0.274	0.000	-0.026	-0.002	0.001	
42.40	0.264	0.274	0.000	-0.004	-0.000	0.012	
42.45	0.264	0.274	0.001	-0.003	0.001	0.001	
42.50	0.264	0.274	0.000	-0.007	-0.000	-0.012	
42.55	0.264	0.274	0.000	-0.008	-0.001	-0.014	
42.60	0.264	0.274	-0.000	-0.010	-0.002	-0.009	
42.65	0.264	0.274	-0.001	-0.006	-0.002	-0.005	
42.70	0.264	0.274	-0.001	0.003	-0.003	0.005	
42.75	0.264	0.274	-0.000	0.003	-0.002	0.018	
42.80	0.264	0.274	-0.000	-0.005	-0.000	0.022	
42.85	0.264	0.274	-0.001	-0.006	0.001	0.020	
42.90	0.264	0.274	-0.002	0.002	0.002	0.006	
42.95	0.264	0.274	-0.001	0.010	0.002	-0.016	
43.00	0.263	0.274	-0.000	0.011	-0.001	-0.008	
43.05	0.264	0.274	0.001	0.002	0.000	0.012	
43.10	0.264	0.274	-0.001	0.000	0.002	0.005	
43.15	0.263	0.274	0.000	0.007	0.001	-0.010	
43.20	0.264	0.274	0.001	0.002	-0.000	-0.006	
43.25	0.264	0.274	0.000	-0.002	0.000	0.008	
43.30	0.264	0.274	0.000	0.002	0.001	0.009	
43.35	0.264	0.274	0.000	0.007	0.002	-0.001	
43.40	0.264	0.274	0.001	0.004	0.001	-0.012	
43.45	0.264	0.274	0.001	-0.005	0.000	-0.017	
43.50	0.264	0.274	0.000	-0.008	-0.001	-0.008	
43.55	0.264	0.274	0.000	-0.005	-0.001	0.007	
43.60	0.264	0.274	0.000	-0.002	0.000	0.012	
43.65	0.264	0.274	0.000	-0.002	0.001	-0.000	
43.70	0.264	0.274	-0.000	-0.005	0.000	-0.021	
43.75	0.264	0.274	-0.000	-0.010	-0.002	-0.021	
43.80	0.264	0.274	-0.001	-0.009	-0.003	-0.001	
43.85	0.264	0.274	-0.002	-0.002	-0.002	0.013	
43.90	0.264	0.274	-0.002	0.002	-0.001	0.015	
43.95	0.263	0.274	-0.001	-0.004	-0.001	0.018	
44.00	0.263	0.274	-0.001	-0.028	0.001	0.015	
44.05	0.264	0.274	-0.004	-0.048	0.002	-0.006	
44.10	0.263	0.274	-0.011	0.020	0.000	-0.019	
44.15	0.261	0.274	-0.001	0.085	-0.001	-0.010	
44.20	0.263	0.274	0.007	0.001	-0.001	0.009	
44.25	0.263	0.274	-0.007	-0.002	0.000	0.023	
44.30	0.261	0.274	0.001	0.069	0.002	0.020	
44.35	0.263	0.274	0.010	-0.005	0.003	-0.003	
44.40	0.263	0.274	0.001	-0.079	0.001	-0.022	
44.45	0.264	0.274	-0.008	-0.001	-0.001	-0.008	
44.50	0.262	0.274	0.000	0.092	0.001	0.006	
44.55	0.264	0.274	0.010	0.034	0.001	-0.002	
44.60	0.264	0.274	0.004	-0.036	0.000	-0.007	
44.65	0.264	0.274	0.002	-0.035	-0.000	-0.006	
44.70	0.264	0.274	0.001	-0.032	-0.001	0.002	
44.75	0.264	0.274	-0.001	-0.021	0.001	0.001	
44.80	0.264	0.274	-0.002	-0.008	-0.000	-0.008	
44.85	0.264	0.274	-0.002	0.001	-0.001	-0.007	
44.90	0.263	0.274	-0.001	0.009	-0.001	-0.006	
44.95	0.263	0.274	-0.000	0.008	-0.001	-0.007	
45.00	0.263	0.274	-0.000	0.000	-0.002	-0.003	
45.05	0.263	0.274	-0.000	-0.008	-0.002	-0.001	
45.10	0.263	0.274	-0.001	-0.007	-0.002	0.004	
45.15	0.263	0.274	-0.002	0.001	-0.001	0.011	
45.20	0.263	0.274	-0.001	0.007	-0.001	0.020	
45.25	0.263	0.274	-0.000	-0.005	0.002	0.013	
45.30	0.263	0.274	-0.000	-0.041	0.001	0.002	
45.35	0.263	0.274	-0.004	-0.071	0.001	0.008	
45.40	0.263	0.274	-0.012	-0.018	0.002	0.005	
45.45	0.261	0.274	-0.009	0.092	0.001	0.001	
45.50	0.262	0.274	0.006	0.058	0.002	-0.003	
45.55	0.263	0.274	-0.001	-0.028	0.001	-0.013	
45.60	0.261	0.274	-0.007	0.038	-0.000	-0.005	
45.65	0.261	0.274	0.008	0.030	0.001	0.000	
45.70	0.263	0.274	0.002	-0.070	0.001	-0.008	
45.75	0.262	0.274	-0.008	-0.037	-0.000	-0.007	
45.80	0.262	0.274	-0.003	0.021	-0.000	-0.003	
45.85	0.262	0.274	-0.001	0.019	0.000	-0.012	
45.90	0.262	0.274	-0.001	0.011	-0.002	-0.011	
45.95	0.262	0.274	-0.000	0.003	-0.002	0.001	
46.00	0.262	0.274	-0.000	-0.004	-0.001	-0.001	
46.05	0.262	0.274	-0.001	-0.003	-0.002	-0.003	
46.10	0.262	0.274	-0.001	0.006	-0.002	0.007	
46.15	0.262	0.274	-0.000	0.012	-0.001	0.013	
46.20	0.262	0.274	-0.000	0.026	0.000	0.003	
46.25	0.262	0.274	0.001	0.058	-0.001	0.006	
46.30	0.262	0.274	0.005	0.096	0.001	0.012	
46.35	0.262	0.274	0.015	0.058	0.001	0.001	
46.40	0.264	0.274	0.015	-0.056	0.000	-0.000	
46.45	0.264	0.274	0.005	-0.089	0.000	0.008	
46.50	0.264	0.274	0.002	-0.043	0.001	0.019	
46.55	0.264	0.274	0.002	-0.009	0.003	0.007	
46.60	0.264	0.274	0.002	-0.005	0.003	-0.019	
46.65	0.264	0.274	0.002	-0.016	0.000	-0.027	
46.70	0.264	0.274	0.000	-0.021	-0.001	-0.013	
46.75	0.264	0.274	-0.000	-0.035	-0.001	0.007	
46.80	0.264	0.274	-0.002	-0.059	0.000	0.014	
46.85	0.264	0.274	-0.006	-0.085	0.002	-0.000	
46.90	0.264	0.274	-0.014	-0.037	0.000	-0.015	
46.95	0.262	0.274	-0.014	0.084	-0.001	-0.006	
47.00	0.262	0.274	-0.002	0.130	0.000	-0.004	
47.05	0.262	0.274	0.008	0.024	-0.001	-0.017	
47.10	0.264	0.274	-0.000	-0.069	-0.003	-0.005	
47.15	0.262	0.274	-0.010	0.019	-0.002	0.014	
47.20	0.262	0.274	-0.000	0.135	-0.001	0.014	
47.25	0.262	0.274	0.013	0.101	-0.000	0.009	
47.30	0.263	0.274	0.015	-0.027	0.000	0.004	
47.35	0.264	0.274	0.005	-0.086	0.000	0.001	
47.40	0.264	0.274	0.002	-0.055	0.001	-0.004	
47.45	0.264	0.274	0.000	-0.021	-0.001	-0.000	
47.50	0.264	0.274	0.001	-0.007	-0.000	0.018	
47.55	0.264	0.274	0.000	-0.006	0.002	0.016	
47.60	0.264	0.274	-0.000	0.005	0.002	-0.005	
47.65	0.264	0.274	0.001	0.009	0.001	-0.014	
47.70	0.264	0.274	0.001	-0.001	0.000	-0.007	
47.75	0.264	0.274	0.001	-0.006	0.000	0.001	
47.80	0.264	0.274	0.001	-0.011	0.000	0.007	
47.85	0.264	0.274	-0.001	-0.008	0.001	0.005	
47.90	0.264	0.274	-0.001	0.006	0.001	-0.005	
47.95	0.264	0.274	0.001	0.005	0.000	-0.009	
48.00	0.264	0.274	0.000	-0.007	0.000	-0.007	
48.05	0.264	0.274	0.000	-0.028	-0.000	-0.004	
48.10	0.264	0.274	-0.002	-0.065	-0.001	-0.000	
48.15	0.264	0.274	-0.006	-0.103	0.000	-0.005	
48.20	0.264	0.274	-0.016	-0.058	-0.001	-0.016	
48.25	0.262	0.274	-0.016	0.058	-0.003	-0.002	
48.30	0.262	0.274	-0.006	0.096	-0.001	0.011	
48.35	0.261	0.274	-0.002	0.063	-0.000	0.003	
48.40	0.261	0.274	-0.000	0.031	-0.000	-0.008	
48.45	0.261	0.274	-0.000	0.014	-0.002	-0.009	
48.50	0.261	0.274	0.000	0.024	-0.002	0.008	
48.55	0.261	0.274	0.001	0.057	-0.001	0.024	
48.60	0.261	0.274	0.005	0.098	0.002	0.015	
48.65	0.261	0.274	0.015	0.063	0.001	-0.004	
48.70	0.263	0.274	0.015	-0.048	-0.000	-0.000	
48.75	0.263	0.274	0.006	-0.088	0.001	0.013	
48.80	0.264	0.274	0.003	-0.056	0.002	0.007	
48.85	0.264	0.274	0.001	-0.028	0.002	-0.012	
48.90	0.264	0.274	0.000	-0.011	-0.001	-0.005	
48.95	0.264	0.274	0.000	-0.003	0.001	0.010	
49.00	0.264	0.274	0.001	-0.007	0.002	-0.002	
49.05	0.264	0.274	-0.000	-0.013	0.001	-0.011	
49.10	0.264	0.274	-0.001	-0.008	0.000	-0.011	
49.15	0.264	0.274	-0.001	0.003	-0.000	-0.012	
49.20	0.264	0.274	-0.000	0.007	-0.001	-0.013	
49.25	0.264	0.274	-0.000	0.003	-0.002	-0.001	
49.30	0.264	0.274	-0.000	-0.003	-0.002	0.022	
49.35	0.264	0.274	-0.000	-0.008	0.002	0.015	
49.40	0.264	0.274	-0.001	-0.009	0.001	-0.020	
49.45	0.263	0.274	-0.001	-0.016	-0.002	-0.027	
49.50	0.263	0.274	-0.002	-0.044	-0.003	-0.000	
49.55	0.263	0.274	-0.005	-0.076	-0.001	0.014	
49.60	0.263	0.274	-0.014	-0.024	-0.001	0.008	
49.65	0.261	0.274	-0.012	0.099	-0.001	0.008	
49.70	0.261	0.274	0.005	0.081	-0.000	0.014	
49.75	0.263	0.274	-0.000	0.003	0.001	0.016	
49.80	0.261	0.274	-0.005	0.080	0.002	0.007	
49.85	0.261	0.274	0.011	0.104	0.002	-0.008	
49.90	0.263	0.274	0.014	-0.011	0.001	-0.008	
49.95	0.263	0.274	0.006	-0.069	0.000	-0.004	
50.00	0.263	0.274	0.003	-0.051	0.001	-0.005	
50.05	0.264	0.274	0.001	-0.029	-0.000	-0.006	
50.10	0.264	0.274	0.000	-0.015	-0.001	0.011	
50.15	0.264	0.274	0.000	-0.005	0.002	0.013	
50.20	0.264	0.274	-0.000	0.004	0.002	-0.011	
50.25	0.264	0.274	-0.000	0.019	-0.000	-0.016	
50.30	0.263	0.274	0.002	0.019	-0.001	-0.001	
50.35	0.264	0.274	0.003	-0.008	-0.000	0.007	
50.40	0.264	0.274	0.001	-0.024	0.001	-0.001	
50.45	0.264	0.274	-0.000	-0.020	-0.000	-0.014	
50.50	0.264	0.274	-0.001	-0.010	-0.001	-0.014	
50.55	0.264	0.274	-0.001	0.004	-0.002	-0.006	
50.60	0.264	0.274	-0.000	0.009	-0.002	0.008	
50.65	0.264	0.274	0.000	0.007	-0.001	0.014	
50.70	0.264	0.274	0.000	0.004	-0.000	0.007	
50.75	0.264	0.274	0.001	-0.009	-0.000	0.003	
50.80	0.264	0.274	-0.000	-0.036	-0.000	0.003	
50.85	0.264	0.274	-0.002	-0.067	-0.000	0.012	
50.90	0.264	0.274	-0.006	-0.096	0.002	0.008	
50.95	0.264	0.274	-0.016	-0.047	0.001	-0.008	
51.00	0.262	0.274	-0.015	0.072	-0.000	-0.003	
51.05	0.262	0.274	-0.004	0.103	0.001	0.005	
51.10	0.262	0.274	-0.001	0.059	0.001	0.006	
51.15	0.262	0.274	0.000	0.040	0.002	0.006	
51.20	0.262	0.274	0.002	0.049	0.002	-0.009	
51.25	0.262	0.274	0.004	0.074	-0.000	-0.012	
51.30	0.262	0.274	0.013	0.033	0.001	-0.010	
51.35	0.264	0.274	0.012	-0.086	-0.001	-0.013	
51.40	0.264	0.274	-0.005	-0.058	-0.002	0.009	
51.45	0.262	0.274	0.002	0.053	0.001	0.022	
51.50	0.264	0.274	0.010	0.012	0.002	0.003	
51.55	0.264	0.274	0.003	-0.046	0.001	-0.013	
51.60	0.264	0.274	0.001	-0.035	-0.000	-0.016	
51.65	0.264	0.274	0.000	-0.017	-0.001	-0.012	
51.70	0.264	0.274	0.000	-0.003	-0.001	-0.005	
51.75	0.264	0.274	0.000	0.001	-0.001	-0.008	
51.80	0.264	0.274	0.000	0.003	-0.003	-0.005	
51.85	0.264	0.274	0.000	0.003	-0.002	0.013	
51.90	0.264	0.274	0.001	-0.004	-0.001	0.019	
51.95	0.264	0.274	0.000	-0.015	0.000	0.013	
52.00	0.264	0.274	-0.001	-0.026	0.001	0.004	
52.05	0.264	0.274	-0.002	-0.043	0.000	-0.001	
52.10	0.264	0.274	-0.005	-0.063	-0.000	0.009	
52.15	0.264	0.274	-0.013	-0.010	0.002	0.008	
52.20	0.262	0.274	-0.005	0.031	0.001	-0.004	
52.25	0.264	0.274	-0.004	-0.007	0.000	0.000	
52.30	0.262	0.274	-0.011	0.037	0.002	-0.003	
52.35	0.262	0.274	-0.002	0.105	0.001	-0.018	
52.40	0.262	0.274	0.003	0.115	-0.001	-0.011	
52.45	0.262	0.274	0.014	0.044	-0.001	0.003	
52.50	0.264	0.274	0.012	-0.105	-0.000	0.005	
52.55	0.264	0.274	-0.006	-0.093	-0.000	0.010	
52.60	0.262	0.274	-0.002	0.010	0.001	0.001	
52.65	0.264	0.274	-0.001	0.052	0.000	-0.010	
52.70	0.262	0.274	0.003	0.076	-0.001	0.006	
52.75	0.264	0.274	0.011	0.011	0.001	0.015	
52.80	0.264	0.274	0.004	-0.048	0.002	-0.004	
52.85	0.264	0.274	0.002	-0.035	0.000	-0.019	
52.90	0.264	0.274	0.001	-0.027	-0.001	-0.015	
52.95	0.264	0.274	0.000	-0.020	-0.002	-0.003	
53.00	0.264	0.274	-0.001	-0.010	-0.001	0.007	
53.05	0.264	0.274	-0.001	0.002	-0.000	0.009	
53.10	0.264	0.274	-0.000	0.005	-0.000	0.005	
53.15	0.264	0.274	-0.000	0.000	0.000	0.000	
53.20	0.264	0.274	-0.001	-0.001	-0.000	-0.002	
53.25	0.263	0.274	-0.000	-0.012	-0.000	-0.003	
53.30	0.264	0.274	-0.001	-0.043	-0.001	0.006	
53.35	0.264	0.274	-0.004	-0.069	0.000	0.017	
53.40	0.263	0.274	-0.013	-0.014	0.002	0.013	
53.45	0.261	0.274	-0.005	0.034	0.002	-0.006	
53.50	0.263	0.274	-0.004	0.010	0.001	-0.022	
53.55	0.261	0.274	-0.009	0.072	-0.002	-0.011	
53.60	0.262	0.274	0.001	0.148	-0.001	0.012	
53.65	0.261	0.274	0.013	0.093	0.001	0.009	
53.70	0.263	0.274	0.015	-0.041	0.000	-0.003	
53.75	0.263	0.274	0.004	-0.111	-0.000	0.002	
53.80	0.263	0.274	0.000	-0.109	0.001	-0.004	
53.85	0.263	0.274	-0.005	-0.113	-0.000	-0.016	
53.90	0.263	0.274	-0.015	-0.041	-0.002	-0.003	
53.95	0.261	0.274	-0.014	0.113	-0.000	0.009	
54.00	0.261	0.274	0.000	0.192	0.000	0.002	
54.05	0.261	0.274	0.014	0.114	-0.001	-0.002	
54.10	0.263	0.274	0.015	-0.036	-0.000	-0.002	
54.15	0.263	0.274	0.005	-0.092	0.000	-0.014	
54.20	0.263	0.274	0.001	-0.056	-0.002	-0.010	
54.25	0.263	0.274	0.000	-0.023	-0.002	0.013	
54.30	0.263	0.274	-0.000	-0.007	-0.000	0.025	
54.35	0.263	0.274	-0.000	-0.004	0.002	0.012	
54.40	0.263	0.274	-0.001	0.003	0.001	-0.002	
54.45	0.263	0.274	0.000	0.010	0.001	-0.001	
54.50	0.263	0.274	0.001	0.003	0.002	-0.010	
54.55	0.263	0.274	0.000	-0.003	-0.001	-0.013	
54.60	0.263	0.274	0.000	-0.002	-0.001	0.003	
54.65	0.263	0.274	0.000	0.002	0.000	0.013	
54.70	0.263	0.274	0.000	0.009	0.001	0.008	
54.75	0.263	0.274	0.001	0.018	0.001	-0.005	
54.80	0.263	0.274	0.003	0.014	0.000	-0.012	
54.85	0.264	0.274	0.003	-0.003	-0.000	-0.012	
54.90	0.264	0.274	0.002	-0.014	-0.001	-0.005	
54.95	0.264	0.274	0.001	-0.019	-0.001	0.008	
55.00	0.264	0.274	-0.001	-0.014	-0.000	0.013	
55.05	0.264	0.274	-0.000	-0.008	0.001	0.004	
55.10	0.264	0.274	-0.000	-0.021	0.000	-0.006	
55.15	0.264	0.274	-0.002	-0.036	-0.000	-0.009	
55.20	0.264	0.274	-0.004	-0.044	-0.001	-0.011	
55.25	0.264	0.274	-0.011	0.012	-0.002	-0.001	
55.30	0.262	0.274	-0.002	0.056	-0.001	0.008	
55.35	0.264	0.274	0.004	-0.053	-0.000	0.006	
55.40	0.264	0.274	-0.012	-0.090	-0.001	0.009	
55.45	0.262	0.274	-0.014	0.028	0.001	0.004	
55.50	0.262	0.274	-0.005	0.081	0.001	-0.011	
55.55	0.262	0.274	-0.001	0.057	-0.001	-0.011	
55.60	0.262	0.274	0.000	0.043	-0.002	0.010	
55.65	0.262	0.274	0.001	0.062	0.001	0.020	
55.70	0.262	0.274	0.005	0.099	0.001	0.008	
55.75	0.262	0.274	0.015	0.062	0.001	-0.004	
55.80	0.264	0.274	0.016	-0.059	0.001	-0.012	
55.85	0.264	0.274	0.005	-0.101	-0.001	0.001	
55.90	0.264	0.274	0.001	-0.051	0.001	0.012	
55.95	0.264	0.274	0.001	-0.013	0.002	-0.005	
56.00	0.264	0.274	0.001	-0.006	0.000	-0.017	
56.05	0.264	0.274	0.000	-0.008	-0.001	-0.011	
56.10	0.264	0.274	0.000	-0.006	-0.001	0.001	
56.15	0.264	0.274	-0.000	-0.005	0.000	-0.002	
56.20	0.264	0.274	-0.000	-0.004	-0.001	-0.006	
56.25	0.264	0.274	-0.001	0.003	-0.002	0.009	
56.30	0.264	0.274	0.000	0.009	0.000	0.011	
56.35	0.264	0.274	0.001	0.002	0.001	-0.007	
56.40	0.264	0.274	0.000	-0.007	-0.001	-0.012	
56.45	0.264	0.274	-0.000	-0.008	-0.002	0.003	
56.50	0.264	0.274	-0.001	-0.003	0.000	0.008	
56.55	0.264	0.274	-0.000	0.001	-0.000	0.002	
56.60	0.264	0.274	-0.000	-0.003	-0.001	0.015	
56.65	0.264	0.274	-0.001	-0.004	0.002	0.016	
56.70	0.264	0.274	-0.000	-0.016	0.002	-0.007	
56.75	0.264	0.274	-0.002	-0.039	-0.000	-0.009	
56.80	0.264	0.274	-0.004	-0.057	0.000	0.004	
56.85	0.263	0.274	-0.011	-0.008	0.001	0.002	
56.90	0.262	0.274	-0.004	0.023	0.001	-0.008	
56.95	0.264	0.274	-0.004	-0.023	-0.000	-0.012	
57.00	0.262	0.274	-0.011	0.015	-0.001	0.005	
57.05	0.262	0.274	-0.003	0.061	0.001	0.016	
57.10	0.262	0.274	-0.001	0.043	0.002	0.001	
57.15	0.262	0.274	0.000	0.039	0.000	-0.004	
57.20	0.262	0.274	0.001	0.059	0.001	-0.002	
57.25	0.262	0.274	0.005	0.095	0.001	-0.011	
57.30	0.262	0.274	0.015	0.055	-0.001	-0.010	
57.35	0.264	0.274	0.015	-0.063	-0.001	0.001	
57.40	0.264	0.274	0.004	-0.097	0.000	-0.003	
57.45	0.263	0.274	0.001	-0.051	-0.001	-0.015	
57.50	0.264	0.274	-0.000	-0.018	-0.003	-0.003	
57.55	0.263	0.274	-0.000	0.004	-0.001	0.010	
57.60	0.263	0.274	0.001	-0.002	-0.001	0.003	
57.65	0.264	0.274	-0.000	-0.016	-0.001	0.001	
57.70	0.263	0.274	-0.002	-0.005	-0.001	0.002	
57.75	0.263	0.274	-0.001	0.005	-0.001	0.009	
57.80	0.263	0.274	-0.000	0.001	-0.000	0.025	
57.85	0.263	0.274	-0.000	-0.005	0.002	0.021	
57.90	0.263	0.274	-0.001	-0.003	0.003	-0.009	
57.95	0.263	0.274	-0.001	0.008	0.001	-0.026	
58.00	0.263	0.274	-0.000	0.009	-0.001	-0.014	
58.05	0.263	0.274	0.001	-0.014	-0.001	0.004	
58.10	0.263	0.274	-0.001	-0.054	0.000	0.006	
58.15	0.263	0.274	-0.004	-0.089	0.000	0.001	
58.20	0.263	0.274	-0.013	-0.044	-0.000	0.008	
58.25	0.262	0.274	-0.014	0.101	0.001	0.009	
58.30	0.261	0.274	-0.001	0.191	0.002	-0.010	
58.35	0.261	0.274	0.014	0.101	-0.001	-0.016	
58.40	0.263	0.274	0.014	-0.073	-0.001	-0.003	
58.45	0.263	0.274	0.001	-0.137	-0.000	0.005	
58.50	0.263	0.274	-0.010	-0.024	-0.000	0.003	
58.55	0.261	0.274	-0.001	0.094	0.000	-0.002	
58.60	0.263	0.274	0.009	0.046	-0.000	-0.007	
58.65	0.263	0.274	0.004	-0.030	-0.001	-0.011	
58.70	0.263	0.274	0.002	-0.039	-0.002	-0.000	
58.75	0.263	0.274	0.000	-0.033	-0.001	0.016	
58.80	0.263	0.274	-0.001	-0.016	0.001	0.013	
58.85	0.263	0.274	-0.002	-0.001	0.001	-0.003	
58.90	0.263	0.274	-0.001	0.011	-0.001	-0.006	
58.95	0.263	0.274	-0.000	0.015	-0.000	0.001	
59.00	0.263	0.274	0.001	0.010	-0.000	0.002	
59.05	0.263	0.274	0.001	0.011	0.000	0.006	
59.10	0.263	0.274	0.001	0.023	0.000	0.010	
59.15	0.263	0.274	0.004	0.018	0.001	0.014	
59.20	0.264	0.274	0.004	-0.007	0.003	-0.001	
59.25	0.264	0.274	0.002	-0.021	0.001	-0.014	
59.30	0.264	0.274	0.001	-0.022	-0.000	-0.003	
59.35	0.264	0.274	0.000	-0.019	0.001	-0.004	
59.40	0.264	0.274	-0.001	-0.012	-0.000	-0.007	
59.45	0.264	0.274	-0.000	-0.022	-0.000	-0.000	
59.50	0.264	0.274	-0.002	-0.057	-0.000	0.001	
59.55	0.264	0.274	-0.005	-0.093	0.000	0.001	
59.60	0.264	0.274	-0.015	-0.054	0.000	0.000	
59.65	0.262	0.274	-0.014	0.048	0.000	-0.000	
59.70	0.262	0.274	-0.006	0.079	0.000	-0.002	
59.75	0.262	0.274	-0.004	0.051	-0.000	-0.005	
59.80	0.262	0.274	-0.002	0.031	-0.000	-0.008	
59.85	0.261	0.274	-0.001	0.019	-0.001	-0.003	
59.90	0.261	0.274	0.000	0.006	-0.001	0.010	
59.95	0.262	0.274	-0.000	-0.012	-0.000	0.023	
60.00	0.261	0.274	-0.002	-0.024	0.002	0.031	
