Vernier Format 2
run23.txt 10/10/2025 15:17:38
Run 1
Time	Position	Position	Velocity	Acceleration	Velocity	Acceleration	
T	P	P	V	A	V	A	
s	m	m	m/s	m/s^2	m/s	m/s^2	

0.00	0.216	0.272	0.143	0.253	-0.001	-0.004	
0.05	0.223	0.272	0.155	0.244	-0.001	0.001	
0.10	0.231	0.272	0.171	0.184	-0.001	0.006	
0.15	0.241	0.272	0.177	0.066	0.000	-0.004	
0.20	0.249	0.272	0.173	0.018	-0.001	-0.021	
0.25	0.258	0.272	0.177	0.002	-0.003	-0.011	
0.30	0.267	0.272	0.177	-0.062	-0.003	0.015	
0.35	0.276	0.272	0.171	-0.137	-0.001	0.021	
0.40	0.284	0.272	0.162	-0.201	0.000	0.011	
0.45	0.292	0.272	0.151	-0.265	0.001	-0.007	
0.50	0.299	0.272	0.136	-0.330	-0.001	-0.021	
0.55	0.306	0.272	0.117	-0.388	-0.003	-0.007	
0.60	0.311	0.271	0.097	-0.435	-0.002	0.011	
0.65	0.315	0.272	0.073	-0.469	-0.000	0.002	
0.70	0.318	0.272	0.049	-0.490	-0.001	-0.009	
0.75	0.320	0.271	0.024	-0.499	-0.002	0.002	
0.80	0.321	0.271	-0.001	-0.497	-0.001	0.014	
0.85	0.320	0.271	-0.026	-0.490	0.000	0.007	
0.90	0.318	0.271	-0.050	-0.483	-0.000	-0.004	
0.95	0.315	0.271	-0.075	-0.458	-0.002	0.008	
1.00	0.311	0.271	-0.097	-0.407	0.000	0.023	
1.05	0.305	0.271	-0.116	-0.347	0.002	0.011	
1.10	0.299	0.271	-0.131	-0.299	0.002	-0.013	
1.15	0.292	0.272	-0.145	-0.258	-0.000	-0.017	
1.20	0.285	0.271	-0.157	-0.211	-0.001	0.002	
1.25	0.276	0.271	-0.167	-0.140	0.001	0.009	
1.30	0.268	0.271	-0.172	-0.048	0.001	0.009	
1.35	0.259	0.271	-0.172	0.037	0.001	0.007	
1.40	0.250	0.272	-0.168	0.104	0.002	-0.000	
1.45	0.242	0.272	-0.161	0.170	0.001	-0.005	
1.50	0.234	0.272	-0.152	0.245	0.001	-0.001	
1.55	0.227	0.272	-0.136	0.296	0.001	0.011	
1.60	0.220	0.272	-0.119	0.300	0.002	0.012	
1.65	0.215	0.272	-0.105	0.303	0.002	0.006	
1.70	0.210	0.272	-0.095	0.410	0.003	-0.002	
1.75	0.205	0.272	-0.068	0.588	0.003	-0.016	
1.80	0.203	0.272	-0.030	0.665	0.001	-0.018	
1.85	0.202	0.272	0.002	0.644	0.000	-0.009	
1.90	0.203	0.272	0.039	0.526	0.000	-0.002	
1.95	0.207	0.272	0.054	0.420	0.000	0.002	
2.00	0.208	0.272	0.074	0.430	0.000	0.003	
2.05	0.214	0.272	0.097	0.443	0.001	-0.005	
2.10	0.217	0.273	0.120	0.425	-0.000	-0.013	
2.15	0.226	0.272	0.145	0.316	-0.001	-0.008	
2.20	0.233	0.272	0.152	0.200	-0.001	0.002	
2.25	0.241	0.272	0.161	0.141	-0.000	0.003	
2.30	0.249	0.272	0.167	0.074	-0.000	-0.002	
2.35	0.258	0.272	0.169	0.011	-0.001	-0.000	
2.40	0.266	0.272	0.168	-0.063	-0.001	0.009	
2.45	0.275	0.272	0.163	-0.140	0.000	0.007	
2.50	0.283	0.272	0.153	-0.206	0.000	-0.001	
2.55	0.290	0.272	0.142	-0.261	-0.000	0.002	
2.60	0.297	0.272	0.127	-0.315	0.001	-0.009	
2.65	0.303	0.272	0.110	-0.368	-0.001	-0.020	
2.70	0.308	0.272	0.090	-0.414	-0.002	-0.005	
2.75	0.312	0.272	0.068	-0.447	-0.002	0.008	
2.80	0.315	0.272	0.045	-0.475	-0.001	0.008	
2.85	0.317	0.272	0.020	-0.492	-0.000	-0.001	
2.90	0.317	0.272	-0.005	-0.490	-0.001	-0.000	
2.95	0.316	0.272	-0.029	-0.475	-0.001	0.009	
3.00	0.314	0.272	-0.052	-0.450	0.000	0.012	
3.05	0.311	0.272	-0.074	-0.413	0.001	-0.006	
3.10	0.306	0.272	-0.094	-0.372	-0.001	-0.014	
3.15	0.301	0.272	-0.112	-0.323	-0.002	0.010	
3.20	0.295	0.272	-0.127	-0.263	0.000	0.029	
3.25	0.288	0.272	-0.138	-0.206	0.003	0.021	
3.30	0.281	0.272	-0.147	-0.159	0.003	-0.006	
3.35	0.274	0.272	-0.154	-0.114	0.001	-0.017	
3.40	0.266	0.272	-0.159	-0.060	0.000	0.000	
3.45	0.258	0.272	-0.160	0.005	0.002	0.004	
3.50	0.250	0.272	-0.158	0.066	0.001	-0.011	
3.55	0.242	0.272	-0.158	0.192	0.000	-0.017	
3.60	0.233	0.272	-0.138	0.305	-0.001	-0.015	
3.65	0.228	0.272	-0.117	0.248	-0.002	0.001	
3.70	0.222	0.272	-0.117	0.253	-0.001	0.022	
3.75	0.216	0.272	-0.101	0.408	0.002	0.016	
3.80	0.212	0.272	-0.072	0.495	0.001	-0.005	
3.85	0.209	0.272	-0.046	0.492	0.000	-0.012	
3.90	0.207	0.272	-0.023	0.475	-0.000	-0.008	
3.95	0.206	0.272	0.000	0.469	-0.001	0.004	
4.00	0.207	0.272	0.025	0.454	0.000	0.011	
4.05	0.209	0.272	0.045	0.463	0.002	-0.003	
4.10	0.211	0.273	0.069	0.503	0.000	-0.017	
4.15	0.216	0.272	0.096	0.505	-0.002	-0.003	
4.20	0.221	0.272	0.126	0.391	-0.000	0.012	
4.25	0.229	0.272	0.139	0.208	0.000	0.011	
4.30	0.235	0.272	0.140	0.127	0.002	-0.007	
4.35	0.243	0.273	0.148	0.125	-0.000	-0.023	
4.40	0.250	0.272	0.155	0.087	-0.003	-0.006	
4.45	0.258	0.272	0.159	0.010	-0.001	0.011	
4.50	0.266	0.272	0.156	-0.070	-0.000	0.006	
4.55	0.274	0.272	0.150	-0.127	-0.000	-0.002	
4.60	0.281	0.272	0.143	-0.166	-0.001	-0.007	
4.65	0.288	0.272	0.135	-0.221	-0.002	0.003	
4.70	0.295	0.272	0.122	-0.291	-0.000	0.014	
4.75	0.301	0.272	0.105	-0.347	0.001	0.005	
4.80	0.306	0.272	0.086	-0.390	0.000	-0.006	
4.85	0.310	0.272	0.066	-0.432	-0.000	-0.007	
4.90	0.312	0.272	0.043	-0.459	-0.001	0.001	
4.95	0.314	0.272	0.019	-0.467	-0.001	0.016	
5.00	0.314	0.272	-0.005	-0.461	0.002	0.011	
5.05	0.313	0.272	-0.027	-0.448	0.001	-0.006	
5.10	0.311	0.272	-0.050	-0.429	-0.000	-0.003	
5.15	0.308	0.272	-0.071	-0.395	0.001	-0.000	
5.20	0.304	0.272	-0.090	-0.349	0.001	-0.010	
5.25	0.299	0.272	-0.106	-0.305	-0.001	-0.007	
5.30	0.294	0.272	-0.120	-0.265	-0.001	0.008	
5.35	0.287	0.272	-0.133	-0.219	0.001	0.011	
5.40	0.280	0.272	-0.142	-0.159	0.001	0.001	
5.45	0.273	0.272	-0.148	-0.099	0.000	-0.005	
5.50	0.265	0.272	-0.152	-0.046	0.000	-0.004	
5.55	0.258	0.272	-0.153	0.003	0.001	-0.009	
5.60	0.250	0.272	-0.151	0.050	-0.001	-0.007	
5.65	0.242	0.272	-0.147	0.092	-0.001	0.008	
5.70	0.235	0.272	-0.145	0.189	0.000	0.015	
5.75	0.227	0.272	-0.132	0.346	0.002	0.002	
5.80	0.222	0.273	-0.106	0.418	0.000	-0.013	
5.85	0.217	0.272	-0.086	0.407	-0.001	-0.009	
5.90	0.213	0.272	-0.067	0.425	-0.000	-0.009	
5.95	0.210	0.272	-0.045	0.466	-0.002	-0.004	
6.00	0.209	0.272	-0.019	0.475	-0.001	0.012	
6.05	0.208	0.272	0.004	0.453	0.000	0.008	
6.10	0.209	0.272	0.026	0.431	0.000	-0.005	
6.15	0.211	0.272	0.047	0.410	-0.000	-0.012	
6.20	0.214	0.272	0.067	0.386	-0.002	-0.009	
6.25	0.218	0.272	0.085	0.382	-0.002	0.007	
6.30	0.222	0.272	0.105	0.389	-0.000	0.016	
6.35	0.228	0.272	0.124	0.376	0.001	0.006	
6.40	0.234	0.272	0.147	0.278	0.000	-0.005	
6.45	0.244	0.272	0.157	0.101	-0.001	-0.003	
6.50	0.251	0.272	0.152	0.000	0.000	-0.006	
6.55	0.258	0.272	0.153	-0.024	-0.001	-0.009	
6.60	0.266	0.272	0.152	-0.082	-0.002	0.007	
6.65	0.274	0.272	0.145	-0.150	0.000	0.010	
6.70	0.281	0.272	0.136	-0.195	-0.000	-0.001	
6.75	0.287	0.272	0.125	-0.237	-0.001	0.001	
6.80	0.293	0.272	0.112	-0.282	0.000	-0.003	
6.85	0.299	0.272	0.097	-0.324	-0.001	-0.004	
6.90	0.303	0.271	0.080	-0.364	-0.001	0.007	
6.95	0.307	0.272	0.061	-0.401	0.000	0.005	
7.00	0.309	0.272	0.039	-0.426	0.000	-0.000	
7.05	0.311	0.272	0.017	-0.434	-0.000	0.007	
7.10	0.311	0.271	-0.005	-0.429	0.001	0.012	
7.15	0.310	0.272	-0.026	-0.419	0.001	0.008	
7.20	0.309	0.272	-0.046	-0.407	0.001	0.010	
7.25	0.306	0.272	-0.067	-0.379	0.003	0.006	
7.30	0.302	0.272	-0.085	-0.340	0.003	-0.012	
7.35	0.297	0.272	-0.101	-0.302	0.001	-0.023	
7.40	0.292	0.272	-0.115	-0.256	-0.001	-0.008	
7.45	0.285	0.272	-0.127	-0.199	0.000	0.012	
7.50	0.279	0.272	-0.136	-0.140	0.002	0.003	
7.55	0.272	0.272	-0.140	-0.101	0.000	-0.010	
7.60	0.265	0.272	-0.144	-0.084	-0.000	-0.009	
7.65	0.257	0.272	-0.148	-0.060	-0.001	0.000	
7.70	0.250	0.272	-0.155	0.049	0.000	0.009	
7.75	0.241	0.272	-0.148	0.245	0.001	0.002	
7.80	0.234	0.272	-0.126	0.362	0.000	-0.007	
7.85	0.229	0.272	-0.107	0.371	-0.000	-0.008	
7.90	0.223	0.272	-0.085	0.298	-0.001	-0.001	
7.95	0.221	0.272	-0.078	0.242	-0.000	0.005	
8.00	0.216	0.272	-0.070	0.349	-0.000	0.004	
8.05	0.213	0.272	-0.043	0.451	0.000	0.004	
8.10	0.212	0.272	-0.019	0.462	0.000	0.003	
8.15	0.211	0.272	0.004	0.447	0.001	-0.004	
8.20	0.212	0.272	0.025	0.428	-0.000	-0.010	
8.25	0.214	0.272	0.046	0.436	-0.001	0.005	
8.30	0.217	0.272	0.069	0.446	0.001	0.013	
8.35	0.221	0.272	0.091	0.429	0.001	0.001	
8.40	0.226	0.272	0.116	0.333	0.000	-0.005	
8.45	0.233	0.272	0.128	0.177	0.000	-0.004	
8.50	0.239	0.272	0.129	0.100	0.000	-0.003	
8.55	0.245	0.272	0.134	0.088	-0.000	-0.005	
8.60	0.252	0.272	0.140	0.050	-0.000	-0.007	
8.65	0.260	0.272	0.141	-0.010	-0.001	-0.002	
8.70	0.267	0.272	0.138	-0.058	-0.001	0.006	
8.75	0.273	0.272	0.134	-0.099	0.000	0.000	
8.80	0.280	0.272	0.129	-0.154	-0.000	-0.013	
8.85	0.286	0.272	0.119	-0.211	-0.002	-0.005	
8.90	0.292	0.272	0.107	-0.264	-0.001	0.012	
8.95	0.297	0.272	0.093	-0.316	-0.000	0.016	
9.00	0.301	0.272	0.075	-0.357	0.001	0.006	
9.05	0.305	0.272	0.056	-0.384	0.000	-0.004	
9.10	0.307	0.272	0.037	-0.408	0.000	-0.006	
9.15	0.309	0.272	0.015	-0.423	-0.000	-0.005	
9.20	0.309	0.272	-0.006	-0.419	-0.001	0.003	
9.25	0.308	0.272	-0.027	-0.402	0.000	0.011	
9.30	0.306	0.272	-0.047	-0.375	0.001	0.005	
9.35	0.303	0.272	-0.065	-0.344	0.000	-0.001	
9.40	0.299	0.272	-0.081	-0.318	0.001	-0.005	
9.45	0.295	0.272	-0.097	-0.279	-0.000	-0.002	
9.50	0.289	0.272	-0.109	-0.231	0.000	0.006	
9.55	0.284	0.272	-0.120	-0.191	0.001	-0.007	
9.60	0.277	0.272	-0.129	-0.144	-0.001	-0.014	
9.65	0.271	0.272	-0.135	-0.091	-0.001	0.001	
9.70	0.264	0.272	-0.138	-0.045	-0.001	0.019	
9.75	0.257	0.272	-0.138	-0.008	0.001	0.023	
9.80	0.250	0.272	-0.138	0.025	0.003	0.006	
9.85	0.244	0.272	-0.139	0.112	0.002	-0.016	
9.90	0.236	0.272	-0.130	0.254	-0.000	-0.014	
9.95	0.230	0.272	-0.110	0.331	-0.000	0.007	
10.00	0.225	0.272	-0.094	0.349	0.002	0.006	
10.05	0.221	0.272	-0.076	0.376	0.001	-0.014	
10.10	0.217	0.272	-0.056	0.401	-0.000	-0.023	
10.15	0.215	0.272	-0.035	0.417	-0.002	-0.012	
10.20	0.214	0.272	-0.013	0.410	-0.002	0.003	
10.25	0.214	0.272	0.006	0.391	-0.001	0.001	
10.30	0.214	0.272	0.025	0.384	-0.001	-0.002	
10.35	0.216	0.272	0.044	0.378	-0.002	0.002	
10.40	0.219	0.272	0.064	0.354	-0.001	0.007	
10.45	0.223	0.272	0.080	0.323	-0.000	0.005	
10.50	0.227	0.272	0.095	0.306	-0.000	-0.001	
10.55	0.232	0.272	0.110	0.301	-0.001	0.001	
10.60	0.238	0.272	0.125	0.299	-0.001	0.011	
10.65	0.244	0.272	0.145	0.200	0.001	0.011	
10.70	0.253	0.272	0.150	0.006	0.000	0.001	
10.75	0.260	0.272	0.141	-0.105	0.001	-0.009	
10.80	0.267	0.272	0.135	-0.121	-0.000	-0.018	
10.85	0.273	0.272	0.129	-0.135	-0.002	-0.005	
10.90	0.280	0.272	0.122	-0.170	-0.001	0.016	
10.95	0.286	0.271	0.113	-0.221	0.000	0.021	
11.00	0.291	0.272	0.101	-0.280	0.002	0.004	
11.05	0.296	0.272	0.084	-0.330	0.001	-0.020	
11.10	0.300	0.272	0.066	-0.340	-0.001	-0.024	
11.15	0.302	0.272	0.050	-0.336	-0.002	-0.006	
11.20	0.305	0.271	0.034	-0.360	-0.002	0.011	
11.25	0.306	0.271	0.014	-0.386	-0.000	0.013	
11.30	0.306	0.271	-0.006	-0.388	0.000	0.008	
11.35	0.305	0.271	-0.026	-0.375	0.000	0.003	
11.40	0.304	0.271	-0.044	-0.354	0.001	-0.004	
11.45	0.301	0.272	-0.061	-0.327	-0.001	-0.000	
11.50	0.297	0.271	-0.077	-0.296	-0.000	0.017	
11.55	0.293	0.271	-0.091	-0.257	0.002	0.015	
11.60	0.288	0.272	-0.103	-0.218	0.002	-0.008	
11.65	0.283	0.272	-0.113	-0.183	0.000	-0.017	
11.70	0.277	0.272	-0.121	-0.142	-0.001	-0.002	
11.75	0.271	0.272	-0.127	-0.090	0.000	0.014	
11.80	0.264	0.272	-0.131	-0.025	0.002	0.016	
11.85	0.257	0.272	-0.130	0.047	0.003	0.003	
11.90	0.251	0.272	-0.126	0.110	0.002	-0.011	
11.95	0.245	0.272	-0.118	0.145	0.001	-0.017	
12.00	0.239	0.272	-0.110	0.153	-0.000	-0.011	
12.05	0.234	0.272	-0.102	0.153	-0.000	-0.001	
12.10	0.229	0.272	-0.098	0.226	0.000	-0.005	
12.15	0.223	0.272	-0.083	0.378	-0.001	0.004	
12.20	0.220	0.272	-0.057	0.473	0.000	0.021	
12.25	0.218	0.272	-0.032	0.494	0.002	0.014	
12.30	0.217	0.272	-0.007	0.476	0.002	0.000	
12.35	0.217	0.272	0.019	0.378	0.002	-0.009	
12.40	0.220	0.272	0.034	0.234	0.001	-0.017	
12.45	0.221	0.272	0.033	0.267	-0.000	-0.019	
12.50	0.222	0.272	0.052	0.449	-0.002	-0.004	
12.55	0.225	0.272	0.089	0.439	-0.000	0.006	
12.60	0.232	0.272	0.106	0.247	0.000	-0.007	
12.65	0.237	0.272	0.108	0.132	-0.001	-0.015	
12.70	0.242	0.272	0.114	0.113	-0.002	-0.003	
12.75	0.248	0.272	0.120	0.104	-0.002	0.011	
12.80	0.254	0.272	0.126	0.070	-0.001	0.014	
12.85	0.261	0.272	0.128	0.006	-0.000	0.016	
12.90	0.267	0.272	0.126	-0.060	0.002	0.008	
12.95	0.273	0.272	0.121	-0.112	0.001	-0.006	
13.00	0.279	0.272	0.115	-0.165	0.000	-0.006	
13.05	0.285	0.272	0.105	-0.218	0.000	-0.010	
13.10	0.290	0.272	0.092	-0.256	-0.001	-0.003	
13.15	0.294	0.272	0.079	-0.280	-0.000	0.007	
13.20	0.298	0.272	0.065	-0.305	0.001	-0.011	
13.25	0.301	0.272	0.049	-0.336	-0.002	-0.018	
13.30	0.303	0.272	0.031	-0.362	-0.002	0.002	
13.35	0.304	0.272	0.012	-0.375	-0.001	0.011	
13.40	0.304	0.272	-0.007	-0.380	-0.001	0.013	
13.45	0.303	0.272	-0.027	-0.371	0.001	0.008	
13.50	0.301	0.272	-0.045	-0.349	0.000	0.001	
13.55	0.299	0.272	-0.062	-0.313	-0.000	0.010	
13.60	0.295	0.272	-0.077	-0.260	0.002	0.009	
13.65	0.291	0.272	-0.088	-0.221	0.001	-0.001	
13.70	0.286	0.272	-0.098	-0.200	0.001	-0.008	
13.75	0.281	0.272	-0.108	-0.175	0.001	-0.028	
13.80	0.275	0.272	-0.117	-0.127	-0.003	-0.021	
13.85	0.269	0.272	-0.121	-0.059	-0.002	0.012	
13.90	0.263	0.272	-0.122	-0.002	-0.000	0.026	
13.95	0.257	0.272	-0.121	0.045	0.001	0.019	
14.00	0.251	0.272	-0.118	0.097	0.002	-0.001	
14.05	0.245	0.272	-0.111	0.132	0.000	-0.005	
14.10	0.240	0.272	-0.103	0.133	0.001	-0.002	
14.15	0.235	0.272	-0.096	0.127	0.001	-0.016	
14.20	0.230	0.272	-0.095	0.215	-0.002	-0.006	
14.25	0.225	0.272	-0.079	0.377	-0.000	0.015	
14.30	0.222	0.272	-0.052	0.436	0.002	0.001	
14.35	0.220	0.272	-0.031	0.409	0.000	-0.015	
14.40	0.219	0.272	-0.012	0.389	-0.001	-0.013	
14.45	0.219	0.272	0.007	0.391	-0.002	0.000	
14.50	0.220	0.272	0.026	0.419	-0.001	0.015	
14.55	0.221	0.272	0.048	0.441	0.000	0.021	
14.60	0.224	0.272	0.075	0.366	0.002	0.007	
14.65	0.229	0.272	0.089	0.219	0.001	-0.013	
14.70	0.233	0.272	0.092	0.155	-0.000	-0.012	
14.75	0.238	0.272	0.101	0.154	-0.000	-0.003	
14.80	0.244	0.272	0.109	0.130	-0.000	-0.001	
14.85	0.249	0.272	0.115	0.093	-0.001	0.003	
14.90	0.255	0.272	0.118	0.056	0.000	0.000	
14.95	0.261	0.272	0.121	0.003	-0.000	-0.008	
15.00	0.267	0.272	0.119	-0.059	-0.002	0.002	
15.05	0.273	0.272	0.115	-0.109	0.000	0.006	
15.10	0.279	0.272	0.108	-0.160	-0.000	-0.002	
15.15	0.284	0.272	0.099	-0.208	-0.001	0.003	
15.20	0.289	0.272	0.087	-0.246	0.000	0.007	
15.25	0.293	0.272	0.074	-0.273	0.001	-0.000	
15.30	0.296	0.272	0.059	-0.296	0.000	-0.009	
15.35	0.299	0.272	0.044	-0.320	-0.001	-0.003	
15.40	0.301	0.272	0.027	-0.338	-0.000	0.005	
15.45	0.302	0.272	0.010	-0.347	-0.000	0.012	
15.50	0.302	0.272	-0.008	-0.343	0.002	0.006	
15.55	0.301	0.272	-0.025	-0.325	0.000	-0.008	
15.60	0.299	0.272	-0.041	-0.305	0.000	-0.008	
15.65	0.297	0.272	-0.055	-0.289	-0.000	-0.005	
15.70	0.294	0.272	-0.070	-0.269	-0.001	0.005	
15.75	0.290	0.272	-0.083	-0.234	0.000	0.014	
15.80	0.285	0.272	-0.093	-0.190	0.001	0.010	
15.85	0.280	0.272	-0.102	-0.148	0.002	-0.007	
15.90	0.275	0.272	-0.108	-0.114	-0.000	-0.012	
15.95	0.269	0.272	-0.113	-0.081	0.000	-0.004	
16.00	0.264	0.272	-0.117	-0.030	0.000	-0.006	
16.05	0.258	0.272	-0.117	0.045	-0.001	0.004	
16.10	0.252	0.272	-0.112	0.113	0.000	0.019	
16.15	0.246	0.272	-0.104	0.148	0.002	0.010	
16.20	0.241	0.272	-0.097	0.176	0.002	-0.008	
16.25	0.236	0.272	-0.088	0.228	0.000	-0.014	
16.30	0.232	0.272	-0.074	0.271	-0.000	-0.014	
16.35	0.229	0.272	-0.059	0.274	-0.001	-0.015	
16.40	0.226	0.272	-0.046	0.264	-0.002	-0.005	
16.45	0.224	0.272	-0.032	0.261	-0.002	0.013	
16.50	0.224	0.272	-0.024	0.339	-0.000	0.018	
16.55	0.221	0.272	-0.003	0.493	0.001	0.016	
16.60	0.222	0.272	0.034	0.483	0.002	0.001	
16.65	0.226	0.272	0.054	0.309	0.001	-0.019	
16.70	0.228	0.272	0.059	0.218	-0.001	-0.012	
16.75	0.231	0.272	0.070	0.225	-0.001	0.002	
16.80	0.235	0.272	0.084	0.219	-0.000	0.001	
16.85	0.240	0.272	0.094	0.187	-0.001	0.006	
16.90	0.245	0.272	0.102	0.148	0.000	0.005	
16.95	0.250	0.272	0.109	0.103	-0.000	0.007	
17.00	0.256	0.272	0.113	0.054	0.001	0.008	
17.05	0.262	0.272	0.115	-0.005	0.001	-0.005	
17.10	0.267	0.272	0.112	-0.066	0.000	-0.014	
17.15	0.273	0.272	0.107	-0.114	0.000	-0.022	
17.20	0.278	0.272	0.101	-0.155	-0.003	-0.009	
17.25	0.283	0.272	0.092	-0.193	-0.002	0.022	
17.30	0.287	0.272	0.081	-0.231	0.001	0.020	
17.35	0.291	0.272	0.068	-0.261	0.001	-0.002	
17.40	0.294	0.272	0.055	-0.283	-0.000	-0.006	
17.45	0.297	0.272	0.040	-0.304	0.000	-0.005	
17.50	0.298	0.272	0.024	-0.318	-0.001	-0.003	
17.55	0.299	0.272	0.008	-0.318	-0.000	0.004	
17.60	0.299	0.272	-0.008	-0.318	0.000	0.003	
17.65	0.298	0.272	-0.024	-0.318	0.000	0.002	
17.70	0.297	0.272	-0.040	-0.302	0.001	-0.006	
17.75	0.294	0.272	-0.055	-0.276	-0.001	-0.005	
17.80	0.291	0.272	-0.068	-0.247	-0.001	0.008	
17.85	0.287	0.272	-0.080	-0.211	0.001	0.008	
17.90	0.283	0.272	-0.089	-0.175	0.001	-0.005	
17.95	0.279	0.272	-0.097	-0.140	-0.001	-0.004	
18.00	0.273	0.272	-0.103	-0.100	-0.000	0.005	
18.05	0.268	0.272	-0.107	-0.061	0.000	0.007	
18.10	0.263	0.272	-0.110	-0.013	0.001	0.001	
18.15	0.257	0.272	-0.109	0.057	0.001	-0.012	
18.20	0.252	0.272	-0.104	0.118	-0.001	-0.008	
18.25	0.246	0.272	-0.096	0.153	-0.001	0.016	
18.30	0.242	0.272	-0.088	0.170	0.002	0.022	
18.35	0.238	0.272	-0.079	0.182	0.002	-0.001	
18.40	0.234	0.272	-0.069	0.188	0.001	-0.013	
18.45	0.231	0.272	-0.059	0.194	0.001	-0.018	
18.50	0.228	0.272	-0.054	0.287	-0.001	-0.018	
18.55	0.225	0.272	-0.036	0.460	-0.002	-0.006	
18.60	0.224	0.272	0.000	0.475	-0.002	0.005	
18.65	0.226	0.272	0.020	0.333	-0.001	0.018	
18.70	0.226	0.272	0.029	0.255	0.000	0.023	
18.75	0.228	0.272	0.042	0.249	0.002	0.008	
18.80	0.230	0.272	0.054	0.248	0.002	-0.018	
18.85	0.234	0.272	0.067	0.231	-0.001	-0.019	
18.90	0.237	0.272	0.078	0.208	-0.001	-0.006	
18.95	0.241	0.272	0.088	0.181	-0.001	-0.008	
19.00	0.246	0.272	0.097	0.138	-0.002	-0.000	
19.05	0.251	0.272	0.102	0.092	-0.001	0.008	
19.10	0.257	0.272	0.106	0.047	-0.001	0.011	
19.15	0.262	0.272	0.107	-0.000	0.000	0.014	
19.20	0.267	0.272	0.106	-0.049	0.002	-0.002	
19.25	0.273	0.272	0.102	-0.098	-0.000	-0.011	
19.30	0.278	0.272	0.096	-0.151	-0.000	-0.007	
19.35	0.282	0.272	0.087	-0.199	-0.001	-0.009	
19.40	0.286	0.272	0.075	-0.228	-0.002	0.004	
19.45	0.290	0.272	0.063	-0.246	-0.000	0.017	
19.50	0.293	0.272	0.051	-0.266	0.000	0.014	
19.55	0.295	0.272	0.037	-0.289	0.002	-0.004	
19.60	0.297	0.272	0.022	-0.307	0.000	-0.027	
19.65	0.297	0.272	0.006	-0.310	-0.003	-0.013	
19.70	0.297	0.271	-0.010	-0.300	-0.002	0.021	
19.75	0.296	0.271	-0.024	-0.289	0.001	0.022	
19.80	0.295	0.272	-0.039	-0.272	0.001	0.001	
19.85	0.292	0.272	-0.052	-0.245	0.000	-0.004	
19.90	0.289	0.272	-0.063	-0.221	0.000	0.001	
19.95	0.286	0.272	-0.074	-0.203	0.001	0.009	
20.00	0.282	0.272	-0.084	-0.182	0.002	0.004	
20.05	0.277	0.272	-0.093	-0.142	0.001	-0.003	
20.10	0.273	0.272	-0.099	-0.089	0.001	-0.004	
20.15	0.268	0.272	-0.102	-0.037	0.001	-0.012	
20.20	0.262	0.272	-0.102	0.010	-0.000	-0.010	
20.25	0.257	0.272	-0.100	0.045	0.000	-0.010	
20.30	0.252	0.272	-0.098	0.085	-0.001	-0.010	
20.35	0.247	0.272	-0.092	0.136	-0.002	0.010	
20.40	0.243	0.272	-0.083	0.161	0.000	0.023	
20.45	0.239	0.272	-0.075	0.165	0.002	0.009	
20.50	0.235	0.272	-0.067	0.191	0.001	-0.013	
20.55	0.233	0.272	-0.061	0.301	-0.001	-0.013	
20.60	0.228	0.272	-0.036	0.388	-0.000	-0.005	
20.65	0.229	0.272	-0.012	0.306	-0.001	0.004	
20.70	0.228	0.272	-0.006	0.224	0.000	0.007	
20.75	0.228	0.272	0.000	0.296	0.001	-0.004	
20.80	0.227	0.272	0.023	0.382	-0.000	-0.016	
20.85	0.231	0.272	0.048	0.303	-0.002	-0.006	
20.90	0.233	0.272	0.054	0.202	-0.001	0.013	
20.95	0.236	0.272	0.063	0.186	-0.000	0.019	
21.00	0.239	0.272	0.073	0.177	0.001	0.010	
21.05	0.243	0.272	0.082	0.152	0.001	-0.005	
21.10	0.248	0.272	0.088	0.124	0.000	-0.010	
21.15	0.252	0.272	0.094	0.102	-0.001	-0.001	
21.20	0.257	0.272	0.099	0.059	0.000	0.006	
21.25	0.262	0.272	0.101	0.004	0.001	-0.007	
21.30	0.267	0.272	0.100	-0.051	-0.001	-0.009	
21.35	0.272	0.272	0.095	-0.102	-0.000	0.003	
21.40	0.277	0.272	0.089	-0.141	-0.000	0.005	
21.45	0.281	0.272	0.081	-0.179	-0.000	0.012	
21.50	0.285	0.272	0.071	-0.214	0.002	0.004	
21.55	0.288	0.272	0.059	-0.236	0.000	-0.010	
21.60	0.291	0.272	0.047	-0.254	-0.000	-0.010	
21.65	0.293	0.272	0.034	-0.282	-0.001	-0.005	
21.70	0.294	0.272	0.018	-0.292	-0.000	0.001	
21.75	0.295	0.272	0.004	-0.282	-0.000	0.001	
21.80	0.295	0.272	-0.009	-0.277	-0.001	0.012	
21.85	0.294	0.272	-0.024	-0.271	0.002	0.010	
21.90	0.292	0.272	-0.037	-0.254	0.001	-0.010	
21.95	0.290	0.272	-0.049	-0.233	-0.001	-0.008	
22.00	0.287	0.272	-0.060	-0.215	-0.001	0.010	
22.05	0.284	0.272	-0.071	-0.200	0.001	0.022	
22.10	0.280	0.272	-0.081	-0.168	0.003	0.004	
22.15	0.276	0.272	-0.088	-0.124	0.001	-0.024	
22.20	0.271	0.272	-0.093	-0.083	-0.001	-0.026	
22.25	0.267	0.272	-0.097	-0.037	-0.002	-0.012	
22.30	0.262	0.272	-0.097	0.022	-0.002	0.008	
22.35	0.257	0.272	-0.094	0.070	-0.001	0.026	
22.40	0.252	0.272	-0.089	0.087	0.002	0.016	
22.45	0.248	0.272	-0.085	0.092	0.001	-0.004	
22.50	0.244	0.272	-0.080	0.104	-0.000	-0.002	
22.55	0.240	0.272	-0.074	0.114	0.001	0.002	
22.60	0.237	0.272	-0.071	0.187	0.001	-0.006	
22.65	0.232	0.272	-0.060	0.345	-0.000	-0.003	
22.70	0.230	0.272	-0.035	0.457	0.001	-0.002	
22.75	0.229	0.272	-0.006	0.407	0.000	-0.007	
22.80	0.230	0.272	0.011	0.256	-0.001	-0.002	
22.85	0.230	0.272	0.015	0.190	0.000	-0.003	
22.90	0.231	0.272	0.025	0.213	-0.001	-0.003	
22.95	0.233	0.272	0.037	0.231	-0.001	0.008	
23.00	0.235	0.272	0.049	0.230	0.001	0.008	
23.05	0.238	0.272	0.060	0.217	0.000	0.001	
23.10	0.241	0.272	0.071	0.193	0.000	0.000	
23.15	0.245	0.272	0.081	0.149	0.001	-0.006	
23.20	0.249	0.272	0.086	0.103	-0.001	-0.005	
23.25	0.254	0.272	0.090	0.072	-0.000	0.003	
23.30	0.258	0.272	0.094	0.042	0.000	0.005	
23.35	0.263	0.272	0.095	-0.010	0.000	0.005	
23.40	0.268	0.272	0.093	-0.063	0.001	-0.002	
23.45	0.272	0.272	0.088	-0.105	0.000	-0.007	
23.50	0.277	0.272	0.082	-0.150	-0.001	0.003	
23.55	0.281	0.272	0.073	-0.182	0.000	0.011	
23.60	0.284	0.272	0.064	-0.207	0.002	-0.002	
23.65	0.287	0.272	0.052	-0.233	0.000	-0.016	
23.70	0.289	0.272	0.039	-0.237	-0.001	-0.008	
23.75	0.291	0.272	0.028	-0.237	-0.001	0.010	
23.80	0.292	0.272	0.016	-0.250	0.000	0.020	
23.85	0.293	0.272	0.003	-0.262	0.002	0.008	
23.90	0.293	0.272	-0.010	-0.263	0.001	-0.012	
23.95	0.292	0.272	-0.024	-0.253	0.000	-0.019	
24.00	0.290	0.272	-0.036	-0.235	-0.001	-0.010	
24.05	0.288	0.272	-0.047	-0.214	-0.001	0.004	
24.10	0.285	0.272	-0.057	-0.195	-0.000	0.008	
24.15	0.282	0.272	-0.067	-0.178	0.000	-0.002	
24.20	0.279	0.272	-0.075	-0.146	-0.001	-0.003	
24.25	0.275	0.272	-0.081	-0.114	-0.001	0.011	
24.30	0.271	0.272	-0.087	-0.080	0.001	0.013	
24.35	0.266	0.272	-0.090	-0.028	0.001	0.002	
24.40	0.261	0.272	-0.089	0.020	0.001	-0.008	
24.45	0.257	0.272	-0.087	0.050	-0.000	-0.003	
24.50	0.253	0.272	-0.084	0.084	0.000	0.008	
24.55	0.249	0.272	-0.079	0.117	0.002	-0.000	
24.60	0.245	0.272	-0.073	0.150	0.000	-0.008	
24.65	0.241	0.272	-0.064	0.185	-0.000	0.003	
24.70	0.238	0.272	-0.053	0.199	0.001	0.009	
24.75	0.236	0.272	-0.043	0.196	0.001	-0.002	
24.80	0.234	0.272	-0.033	0.185	0.001	-0.015	
24.85	0.233	0.273	-0.029	0.233	-0.000	-0.020	
24.90	0.230	0.272	-0.009	0.279	-0.003	0.002	
24.95	0.232	0.272	0.004	0.248	-0.000	0.023	
25.00	0.231	0.272	0.011	0.286	0.002	0.008	
25.05	0.233	0.272	0.033	0.322	0.001	-0.014	
25.10	0.235	0.273	0.047	0.299	-0.001	-0.016	
25.15	0.237	0.272	0.060	0.298	-0.002	0.001	
25.20	0.240	0.272	0.080	0.233	0.001	-0.002	
25.25	0.246	0.273	0.089	0.087	-0.001	-0.011	
25.30	0.250	0.272	0.084	0.019	-0.002	0.011	
25.35	0.254	0.272	0.086	0.027	0.000	0.021	
25.40	0.258	0.272	0.089	0.010	0.002	-0.001	
25.45	0.263	0.272	0.088	-0.026	-0.000	-0.009	
25.50	0.267	0.272	0.086	-0.059	-0.001	0.004	
25.55	0.271	0.272	0.082	-0.087	0.001	0.008	
25.60	0.276	0.272	0.077	-0.122	0.000	0.003	
25.65	0.279	0.272	0.070	-0.161	0.001	-0.004	
25.70	0.283	0.272	0.061	-0.192	0.000	-0.013	
25.75	0.286	0.272	0.051	-0.218	-0.000	-0.017	
25.80	0.288	0.272	0.038	-0.230	-0.002	-0.014	
25.85	0.289	0.272	0.027	-0.236	-0.003	0.008	
25.90	0.291	0.272	0.016	-0.254	-0.001	0.024	
25.95	0.291	0.272	0.002	-0.266	0.001	0.016	
26.00	0.291	0.272	-0.012	-0.252	0.001	0.008	
26.05	0.290	0.272	-0.024	-0.230	0.001	0.003	
26.10	0.288	0.272	-0.035	-0.219	0.001	-0.005	
26.15	0.286	0.272	-0.046	-0.209	0.000	-0.006	
26.20	0.284	0.272	-0.055	-0.197	0.000	-0.005	
26.25	0.281	0.272	-0.066	-0.173	0.001	-0.013	
26.30	0.277	0.272	-0.074	-0.128	-0.001	-0.022	
26.35	0.273	0.272	-0.079	-0.084	-0.003	-0.007	
26.40	0.269	0.272	-0.082	-0.046	-0.002	0.014	
26.45	0.265	0.272	-0.083	-0.008	-0.000	0.008	
26.50	0.261	0.272	-0.083	0.030	-0.001	0.004	
26.55	0.257	0.272	-0.079	0.056	-0.001	0.013	
26.60	0.253	0.272	-0.077	0.076	0.001	0.012	
26.65	0.249	0.272	-0.073	0.107	0.002	-0.006	
26.70	0.245	0.272	-0.066	0.141	-0.000	-0.010	
26.75	0.242	0.272	-0.058	0.170	-0.001	0.009	
26.80	0.240	0.272	-0.049	0.192	0.001	0.014	
26.85	0.237	0.272	-0.039	0.203	0.002	-0.005	
26.90	0.236	0.272	-0.027	0.190	0.001	-0.027	
26.95	0.235	0.272	-0.019	0.179	-0.002	-0.020	
27.00	0.234	0.272	-0.014	0.254	-0.002	0.006	
27.05	0.233	0.272	0.002	0.392	-0.000	0.018	
27.10	0.233	0.272	0.033	0.378	0.001	0.007	
27.15	0.237	0.272	0.048	0.217	0.000	-0.004	
27.20	0.239	0.272	0.050	0.130	-0.000	-0.005	
27.25	0.241	0.272	0.056	0.132	-0.001	0.003	
27.30	0.244	0.272	0.064	0.134	0.000	0.012	
27.35	0.248	0.272	0.071	0.112	0.001	0.005	
27.40	0.252	0.272	0.075	0.082	0.001	-0.009	
27.45	0.256	0.272	0.079	0.050	-0.000	-0.016	
27.50	0.260	0.272	0.080	0.018	-0.002	-0.001	
27.55	0.264	0.272	0.081	-0.008	-0.000	0.012	
27.60	0.268	0.272	0.080	-0.048	0.001	0.005	
27.65	0.272	0.272	0.076	-0.095	0.000	-0.005	
27.70	0.275	0.272	0.070	-0.129	-0.000	-0.005	
27.75	0.279	0.272	0.063	-0.155	-0.001	0.001	
27.80	0.282	0.272	0.055	-0.178	0.000	0.004	
27.85	0.284	0.272	0.045	-0.201	0.001	-0.014	
27.90	0.286	0.272	0.034	-0.219	-0.002	-0.017	
27.95	0.288	0.272	0.023	-0.222	-0.003	0.013	
28.00	0.289	0.272	0.012	-0.224	0.000	0.023	
28.05	0.289	0.272	0.001	-0.233	0.002	0.002	
28.10	0.289	0.272	-0.012	-0.236	-0.000	-0.008	
28.15	0.288	0.272	-0.023	-0.225	-0.001	0.004	
28.20	0.286	0.272	-0.034	-0.210	0.001	-0.001	
28.25	0.284	0.272	-0.044	-0.192	-0.001	-0.006	
28.30	0.282	0.272	-0.054	-0.165	-0.001	0.004	
28.35	0.279	0.272	-0.061	-0.133	0.001	-0.003	
28.40	0.276	0.272	-0.067	-0.108	-0.001	-0.008	
28.45	0.272	0.272	-0.072	-0.083	-0.001	0.011	
28.50	0.269	0.272	-0.076	-0.049	0.001	0.012	
28.55	0.264	0.272	-0.077	-0.015	0.001	-0.007	
28.60	0.261	0.272	-0.076	0.006	-0.000	-0.008	
28.65	0.257	0.272	-0.077	0.038	-0.000	-0.000	
28.70	0.253	0.272	-0.073	0.077	-0.000	0.003	
28.75	0.250	0.272	-0.068	0.100	0.000	0.004	
28.80	0.246	0.272	-0.064	0.133	0.000	0.002	
28.85	0.243	0.272	-0.056	0.184	0.001	-0.006	
28.90	0.240	0.272	-0.044	0.214	-0.000	-0.014	
28.95	0.239	0.272	-0.033	0.218	-0.002	-0.002	
29.00	0.237	0.272	-0.023	0.227	-0.000	0.011	
29.05	0.236	0.272	-0.010	0.234	0.000	0.009	
29.10	0.236	0.272	0.001	0.226	0.001	-0.000	
29.15	0.236	0.272	0.013	0.200	-0.000	-0.007	
29.20	0.238	0.272	0.022	0.176	-0.001	0.006	
29.25	0.239	0.272	0.030	0.171	0.001	0.005	
29.30	0.241	0.272	0.035	0.230	0.001	-0.016	
29.35	0.241	0.272	0.054	0.269	-0.002	-0.012	
29.40	0.246	0.272	0.070	0.159	-0.001	0.007	
29.45	0.249	0.272	0.069	0.062	-0.000	0.014	
29.50	0.253	0.272	0.071	0.050	0.001	0.004	
29.55	0.256	0.272	0.074	0.044	0.000	-0.007	
29.60	0.260	0.272	0.077	0.017	-0.000	-0.009	
29.65	0.264	0.272	0.076	-0.029	-0.001	-0.003	
29.70	0.268	0.271	0.073	-0.067	-0.001	0.008	
29.75	0.272	0.272	0.069	-0.099	0.000	0.004	
29.80	0.275	0.272	0.063	-0.125	-0.000	-0.005	
29.85	0.278	0.272	0.056	-0.142	-0.001	-0.000	
29.90	0.281	0.271	0.049	-0.162	-0.001	0.012	
29.95	0.283	0.271	0.041	-0.185	0.001	0.005	
30.00	0.285	0.272	0.031	-0.206	0.000	-0.010	
30.05	0.286	0.271	0.020	-0.221	-0.001	-0.005	
30.10	0.287	0.272	0.008	-0.220	-0.000	-0.000	
30.15	0.287	0.271	-0.003	-0.207	-0.000	-0.002	
30.20	0.286	0.272	-0.012	-0.202	-0.000	-0.003	
30.25	0.286	0.271	-0.023	-0.200	-0.002	0.010	
30.30	0.284	0.271	-0.033	-0.187	0.001	0.020	
30.35	0.282	0.272	-0.042	-0.163	0.002	0.009	
30.40	0.280	0.271	-0.049	-0.149	0.002	-0.003	
30.45	0.277	0.272	-0.056	-0.140	0.002	-0.020	
30.50	0.274	0.272	-0.064	-0.113	-0.001	-0.015	
30.55	0.271	0.271	-0.068	-0.076	-0.001	0.009	
30.60	0.267	0.272	-0.071	-0.040	0.001	0.015	
30.65	0.264	0.272	-0.072	-0.001	0.001	0.010	
30.70	0.260	0.272	-0.071	0.029	0.002	-0.003	
30.75	0.257	0.272	-0.069	0.055	0.001	-0.020	
30.80	0.253	0.272	-0.066	0.089	-0.001	-0.010	
30.85	0.250	0.272	-0.060	0.116	-0.000	0.008	
30.90	0.247	0.272	-0.054	0.138	0.000	0.012	
30.95	0.244	0.272	-0.046	0.156	0.001	0.007	
31.00	0.242	0.272	-0.038	0.168	0.001	-0.006	
31.05	0.241	0.272	-0.030	0.183	0.000	-0.012	
31.10	0.239	0.272	-0.020	0.189	-0.000	-0.012	
31.15	0.239	0.272	-0.009	0.162	-0.001	-0.006	
31.20	0.239	0.272	-0.002	0.126	-0.001	0.006	
31.25	0.239	0.272	-0.002	0.195	-0.000	0.009	
31.30	0.238	0.272	0.012	0.348	0.000	-0.001	
31.35	0.239	0.272	0.042	0.327	-0.001	-0.001	
31.40	0.243	0.272	0.053	0.159	-0.001	0.015	
31.45	0.245	0.272	0.052	0.089	0.001	0.019	
31.50	0.248	0.272	0.058	0.091	0.002	0.002	
31.55	0.251	0.272	0.063	0.082	0.002	-0.017	
31.60	0.254	0.272	0.066	0.064	0.000	-0.023	
31.65	0.257	0.272	0.069	0.041	-0.001	-0.014	
31.70	0.261	0.272	0.071	0.010	-0.002	0.007	
31.75	0.265	0.272	0.071	-0.034	-0.000	0.020	
31.80	0.268	0.272	0.067	-0.071	0.001	0.012	
31.85	0.271	0.272	0.063	-0.097	0.001	-0.003	
31.90	0.274	0.272	0.057	-0.123	0.000	-0.012	
31.95	0.277	0.272	0.050	-0.143	-0.000	-0.012	
32.00	0.279	0.272	0.043	-0.163	-0.001	-0.006	
32.05	0.282	0.272	0.034	-0.181	-0.001	0.007	
32.10	0.283	0.272	0.024	-0.179	-0.000	0.014	
32.15	0.284	0.272	0.016	-0.180	0.000	0.013	
32.20	0.285	0.272	0.007	-0.200	0.002	-0.002	
32.25	0.285	0.272	-0.004	-0.207	0.000	-0.015	
32.30	0.284	0.272	-0.015	-0.192	-0.001	-0.006	
32.35	0.283	0.272	-0.024	-0.173	-0.000	0.006	
32.40	0.282	0.272	-0.032	-0.157	-0.000	0.017	
32.45	0.280	0.272	-0.039	-0.152	0.002	0.012	
32.50	0.278	0.272	-0.047	-0.146	0.002	-0.013	
32.55	0.275	0.272	-0.054	-0.122	-0.000	-0.019	
32.60	0.272	0.272	-0.060	-0.093	-0.000	-0.010	
32.65	0.269	0.272	-0.064	-0.057	-0.001	-0.001	
32.70	0.266	0.272	-0.065	-0.024	-0.001	0.013	
32.75	0.263	0.272	-0.066	0.005	0.001	0.010	
32.80	0.259	0.272	-0.065	0.035	0.001	-0.006	
32.85	0.256	0.272	-0.063	0.064	-0.000	-0.013	
32.90	0.253	0.272	-0.058	0.088	-0.002	-0.001	
32.95	0.250	0.272	-0.053	0.104	-0.000	0.011	
33.00	0.247	0.272	-0.048	0.122	0.001	-0.003	
33.05	0.245	0.272	-0.040	0.127	-0.001	-0.006	
33.10	0.244	0.272	-0.035	0.125	-0.000	0.004	
33.15	0.242	0.272	-0.029	0.146	0.000	-0.002	
33.20	0.241	0.272	-0.024	0.220	-0.001	0.003	
33.25	0.239	0.272	-0.005	0.266	0.001	0.007	
33.30	0.240	0.272	0.011	0.179	0.001	-0.004	
33.35	0.241	0.272	0.007	0.182	-0.001	0.003	
33.40	0.240	0.272	0.024	0.266	0.001	0.008	
33.45	0.243	0.272	0.043	0.193	0.001	-0.012	
33.50	0.245	0.272	0.044	0.111	-0.001	-0.012	
33.55	0.247	0.272	0.049	0.103	-0.001	0.006	
33.60	0.250	0.272	0.055	0.081	0.000	0.007	
33.65	0.253	0.272	0.057	0.062	0.000	0.000	
33.70	0.256	0.272	0.061	0.054	-0.000	0.006	
33.75	0.259	0.272	0.064	0.031	0.001	0.007	
33.80	0.262	0.272	0.064	-0.005	0.001	-0.004	
33.85	0.265	0.272	0.063	-0.040	-0.000	-0.002	
33.90	0.269	0.272	0.060	-0.069	0.001	-0.000	
33.95	0.271	0.272	0.056	-0.102	0.000	-0.007	
34.00	0.274	0.272	0.050	-0.129	-0.000	-0.010	
34.05	0.276	0.272	0.042	-0.133	-0.001	-0.015	
34.10	0.279	0.272	0.037	-0.140	-0.002	-0.007	
34.15	0.280	0.272	0.029	-0.156	-0.002	0.008	
34.20	0.281	0.272	0.021	-0.166	-0.001	0.015	
34.25	0.282	0.271	0.012	-0.173	0.000	0.010	
34.30	0.283	0.272	0.003	-0.180	0.000	0.001	
34.35	0.283	0.271	-0.006	-0.188	-0.000	0.008	
34.40	0.282	0.272	-0.016	-0.190	0.001	0.008	
34.45	0.281	0.272	-0.026	-0.169	0.001	-0.005	
34.50	0.279	0.272	-0.033	-0.136	0.001	-0.017	
34.55	0.278	0.272	-0.038	-0.119	-0.002	-0.008	
34.60	0.276	0.271	-0.045	-0.114	-0.001	0.017	
34.65	0.273	0.272	-0.050	-0.098	0.001	0.024	
34.70	0.270	0.272	-0.055	-0.077	0.002	0.015	
34.75	0.268	0.272	-0.058	-0.054	0.003	-0.009	
34.80	0.265	0.272	-0.061	-0.021	0.001	-0.031	
34.85	0.262	0.272	-0.061	0.018	-0.002	-0.021	
34.90	0.258	0.272	-0.058	0.047	-0.001	0.003	
34.95	0.256	0.272	-0.055	0.063	-0.000	0.011	
35.00	0.253	0.272	-0.052	0.080	0.000	0.006	
35.05	0.250	0.272	-0.047	0.102	0.001	-0.010	
35.10	0.248	0.272	-0.042	0.115	-0.001	-0.022	
35.15	0.246	0.272	-0.036	0.129	-0.003	-0.005	
35.20	0.245	0.271	-0.029	0.154	-0.002	0.025	
35.25	0.243	0.271	-0.020	0.179	0.001	0.024	
35.30	0.243	0.272	-0.011	0.187	0.001	0.005	
35.35	0.242	0.272	-0.001	0.185	0.000	0.007	
35.40	0.242	0.272	0.008	0.178	0.002	0.004	
35.45	0.243	0.272	0.017	0.164	0.002	-0.018	
35.50	0.244	0.272	0.024	0.154	-0.001	-0.023	
35.55	0.245	0.272	0.032	0.142	-0.001	-0.009	
35.60	0.247	0.272	0.039	0.125	-0.001	0.006	
35.65	0.249	0.272	0.044	0.109	-0.000	0.013	
35.70	0.252	0.272	0.050	0.092	0.000	0.010	
35.75	0.254	0.272	0.054	0.067	0.001	-0.001	
35.80	0.257	0.272	0.057	0.031	0.001	-0.016	
35.85	0.260	0.272	0.057	0.004	-0.002	-0.011	
35.90	0.263	0.272	0.057	-0.014	-0.001	0.007	
35.95	0.266	0.272	0.056	-0.037	0.000	0.005	
36.00	0.269	0.272	0.053	-0.068	-0.001	-0.001	
36.05	0.271	0.271	0.048	-0.089	-0.000	-0.002	
36.10	0.273	0.272	0.044	-0.095	-0.000	-0.013	
36.15	0.276	0.272	0.040	-0.115	-0.003	-0.002	
36.20	0.277	0.271	0.033	-0.148	-0.001	0.021	
36.25	0.279	0.271	0.024	-0.166	0.001	0.013	
36.30	0.280	0.272	0.015	-0.160	0.000	-0.001	
36.35	0.280	0.271	0.008	-0.153	0.000	0.000	
36.40	0.281	0.272	0.001	-0.161	0.000	0.004	
36.45	0.281	0.271	-0.008	-0.166	0.001	-0.001	
36.50	0.280	0.272	-0.017	-0.160	0.001	-0.014	
36.55	0.279	0.272	-0.024	-0.153	-0.001	-0.013	
36.60	0.277	0.272	-0.032	-0.149	-0.001	0.002	
36.65	0.276	0.271	-0.040	-0.130	-0.001	0.016	
36.70	0.273	0.271	-0.045	-0.093	0.002	0.006	
36.75	0.271	0.272	-0.049	-0.059	0.001	-0.017	
36.80	0.268	0.272	-0.051	-0.035	-0.002	-0.012	
36.85	0.266	0.271	-0.051	-0.029	-0.001	0.010	
36.90	0.263	0.271	-0.054	-0.011	0.000	0.019	
36.95	0.260	0.271	-0.054	0.026	0.001	0.011	
37.00	0.258	0.272	-0.051	0.045	0.002	-0.008	
37.05	0.255	0.272	-0.049	0.059	-0.000	-0.011	
37.10	0.253	0.271	-0.046	0.082	-0.000	0.004	
37.15	0.251	0.272	-0.041	0.105	0.001	0.001	
37.20	0.249	0.272	-0.035	0.119	0.000	-0.009	
37.25	0.247	0.272	-0.029	0.132	-0.001	0.008	
37.30	0.246	0.271	-0.022	0.148	0.001	0.018	
37.35	0.245	0.272	-0.014	0.160	0.002	0.002	
37.40	0.245	0.272	-0.005	0.162	0.001	-0.015	
37.45	0.245	0.272	0.003	0.154	-0.000	-0.015	
37.50	0.245	0.272	0.010	0.144	-0.000	-0.006	
37.55	0.246	0.272	0.017	0.138	-0.001	-0.006	
37.60	0.247	0.272	0.024	0.133	-0.002	0.005	
37.65	0.248	0.272	0.031	0.127	0.000	0.009	
37.70	0.250	0.272	0.037	0.119	-0.000	0.003	
37.75	0.252	0.272	0.043	0.096	-0.000	0.009	
37.80	0.254	0.272	0.047	0.061	0.001	0.009	
37.85	0.256	0.272	0.048	0.037	0.002	-0.010	
37.90	0.259	0.272	0.050	0.020	-0.001	-0.017	
37.95	0.262	0.272	0.050	0.006	-0.001	-0.004	
38.00	0.264	0.272	0.051	-0.008	-0.001	0.003	
38.05	0.267	0.272	0.050	-0.038	-0.001	0.007	
38.10	0.269	0.272	0.047	-0.070	0.001	0.003	
38.15	0.271	0.272	0.043	-0.094	-0.000	-0.008	
38.20	0.273	0.272	0.038	-0.110	-0.001	-0.006	
38.25	0.275	0.272	0.032	-0.123	-0.001	-0.004	
38.30	0.277	0.272	0.025	-0.127	-0.001	-0.000	
38.35	0.278	0.271	0.019	-0.129	-0.001	0.009	
38.40	0.279	0.271	0.013	-0.145	-0.000	0.011	
38.45	0.279	0.271	0.005	-0.163	0.001	0.000	
38.50	0.279	0.272	-0.005	-0.162	-0.000	-0.010	
38.55	0.279	0.271	-0.013	-0.142	-0.001	-0.005	
38.60	0.278	0.271	-0.019	-0.121	-0.001	0.007	
38.65	0.277	0.271	-0.024	-0.112	0.000	0.006	
38.70	0.275	0.272	-0.030	-0.109	0.000	-0.000	
38.75	0.274	0.271	-0.035	-0.099	-0.000	0.006	
38.80	0.272	0.271	-0.040	-0.075	0.001	0.006	
38.85	0.270	0.271	-0.043	-0.055	0.001	-0.006	
38.90	0.267	0.272	-0.045	-0.046	-0.000	-0.010	
38.95	0.265	0.271	-0.048	-0.033	-0.001	0.007	
39.00	0.263	0.271	-0.049	-0.005	0.001	0.016	
39.05	0.260	0.272	-0.048	0.032	0.002	-0.001	
39.10	0.258	0.272	-0.046	0.063	0.000	-0.012	
39.15	0.256	0.272	-0.041	0.068	-0.001	-0.001	
39.20	0.254	0.271	-0.038	0.068	0.000	0.011	
39.25	0.252	0.272	-0.035	0.076	0.002	0.003	
39.30	0.250	0.272	-0.031	0.091	0.001	-0.007	
39.35	0.249	0.272	-0.027	0.128	0.000	-0.003	
39.40	0.247	0.272	-0.018	0.163	0.000	0.000	
39.45	0.247	0.272	-0.008	0.161	0.001	-0.004	
39.50	0.247	0.272	-0.001	0.137	0.000	-0.011	
39.55	0.247	0.272	0.004	0.128	-0.001	-0.004	
39.60	0.247	0.272	0.011	0.136	-0.000	0.005	
39.65	0.248	0.272	0.018	0.134	-0.001	0.015	
39.70	0.249	0.272	0.025	0.119	0.001	0.019	
39.75	0.250	0.272	0.030	0.099	0.002	0.001	
39.80	0.252	0.272	0.035	0.084	0.002	-0.019	
39.85	0.254	0.272	0.039	0.068	-0.000	-0.027	
39.90	0.256	0.272	0.042	0.045	-0.002	-0.021	
39.95	0.258	0.272	0.043	0.027	-0.003	0.003	
40.00	0.260	0.271	0.044	0.015	-0.001	0.018	
40.05	0.262	0.272	0.045	-0.001	-0.000	0.011	
40.10	0.265	0.271	0.045	-0.028	0.000	0.004	
40.15	0.267	0.272	0.042	-0.057	0.000	-0.007	
40.20	0.269	0.272	0.038	-0.065	-0.002	-0.002	
40.25	0.271	0.271	0.036	-0.080	-0.000	0.011	
40.30	0.273	0.272	0.031	-0.114	0.001	0.003	
40.35	0.274	0.272	0.023	-0.125	0.000	-0.005	
40.40	0.275	0.272	0.017	-0.117	-0.000	-0.006	
40.45	0.276	0.272	0.012	-0.110	-0.001	0.002	
40.50	0.276	0.271	0.007	-0.111	0.000	0.009	
40.55	0.276	0.272	0.001	-0.119	0.001	0.002	
40.60	0.276	0.272	-0.005	-0.126	0.000	-0.006	
40.65	0.276	0.272	-0.012	-0.126	-0.000	-0.006	
40.70	0.275	0.272	-0.018	-0.122	-0.001	0.002	
40.75	0.274	0.271	-0.024	-0.109	0.000	0.011	
40.80	0.273	0.272	-0.029	-0.088	0.001	0.006	
40.85	0.271	0.272	-0.033	-0.075	0.001	0.001	
40.90	0.269	0.272	-0.037	-0.060	0.001	-0.003	
40.95	0.267	0.272	-0.038	-0.050	0.000	-0.004	
41.00	0.265	0.272	-0.041	-0.041	-0.000	0.008	
41.05	0.263	0.272	-0.044	-0.009	0.002	0.005	
41.10	0.261	0.272	-0.042	0.028	0.001	-0.012	
41.15	0.259	0.272	-0.040	0.044	-0.000	-0.011	
41.20	0.257	0.272	-0.038	0.051	-0.000	-0.004	
41.25	0.255	0.272	-0.035	0.064	-0.000	-0.001	
41.30	0.253	0.272	-0.032	0.086	-0.001	0.006	
41.35	0.252	0.272	-0.026	0.102	0.000	0.010	
41.40	0.251	0.272	-0.021	0.115	0.001	-0.005	
41.45	0.250	0.272	-0.015	0.127	-0.001	-0.012	
41.50	0.249	0.272	-0.008	0.121	-0.001	0.002	
41.55	0.249	0.272	-0.002	0.105	-0.000	0.012	
41.60	0.249	0.272	0.002	0.098	0.001	0.012	
41.65	0.249	0.272	0.007	0.101	0.002	-0.005	
41.70	0.250	0.272	0.012	0.105	0.000	-0.027	
41.75	0.250	0.272	0.018	0.105	-0.003	-0.013	
41.80	0.251	0.271	0.024	0.086	-0.002	0.021	
41.85	0.253	0.272	0.026	0.066	0.001	0.020	
41.90	0.254	0.272	0.029	0.065	0.001	-0.003	
41.95	0.256	0.272	0.033	0.065	0.000	-0.012	
42.00	0.257	0.272	0.036	0.060	-0.001	-0.003	
42.05	0.259	0.272	0.040	0.037	-0.001	0.014	
42.10	0.261	0.272	0.040	0.010	0.002	0.011	
42.15	0.263	0.272	0.040	-0.013	0.001	-0.007	
42.20	0.265	0.272	0.039	-0.041	-0.000	-0.005	
42.25	0.267	0.272	0.036	-0.061	0.001	-0.003	
42.30	0.269	0.272	0.032	-0.078	0.000	-0.010	
42.35	0.271	0.272	0.028	-0.093	-0.000	-0.013	
42.40	0.272	0.272	0.023	-0.100	-0.002	-0.008	
42.45	0.273	0.272	0.018	-0.096	-0.002	0.012	
42.50	0.274	0.272	0.013	-0.097	0.000	0.024	
42.55	0.274	0.272	0.008	-0.105	0.002	0.011	
42.60	0.275	0.272	0.003	-0.116	0.001	-0.010	
42.65	0.275	0.272	-0.003	-0.120	-0.000	-0.011	
42.70	0.274	0.272	-0.010	-0.111	0.000	-0.011	
42.75	0.274	0.272	-0.015	-0.095	-0.001	-0.010	
42.80	0.273	0.272	-0.019	-0.084	-0.002	0.008	
42.85	0.272	0.272	-0.023	-0.082	0.000	0.013	
42.90	0.270	0.272	-0.027	-0.075	0.000	0.004	
42.95	0.269	0.272	-0.031	-0.054	0.000	0.001	
43.00	0.267	0.272	-0.033	-0.034	0.001	-0.005	
43.05	0.266	0.272	-0.034	-0.029	-0.001	-0.001	
43.10	0.264	0.272	-0.036	-0.015	-0.000	0.018	
43.15	0.262	0.272	-0.036	0.009	0.002	0.016	
43.20	0.260	0.272	-0.035	0.022	0.002	-0.005	
43.25	0.258	0.272	-0.034	0.037	0.001	-0.015	
43.30	0.257	0.272	-0.031	0.052	0.000	-0.012	
43.35	0.255	0.272	-0.028	0.067	-0.000	-0.012	
43.40	0.254	0.272	-0.024	0.080	-0.001	-0.015	
43.45	0.253	0.272	-0.020	0.088	-0.002	-0.003	
43.50	0.252	0.272	-0.015	0.095	-0.002	0.022	
43.55	0.251	0.272	-0.010	0.095	0.001	0.027	
43.60	0.251	0.272	-0.006	0.091	0.002	0.004	
43.65	0.251	0.272	-0.002	0.093	0.001	-0.018	
43.70	0.251	0.272	0.003	0.108	-0.001	-0.018	
43.75	0.251	0.272	0.010	0.114	-0.001	-0.001	
43.80	0.252	0.272	0.015	0.102	-0.001	0.015	
43.85	0.253	0.272	0.021	0.077	0.001	0.014	
43.90	0.254	0.272	0.023	0.058	0.002	-0.008	
43.95	0.255	0.272	0.025	0.060	-0.001	-0.015	
44.00	0.256	0.272	0.029	0.053	-0.001	-0.001	
44.05	0.258	0.272	0.031	0.036	-0.000	0.009	
44.10	0.259	0.272	0.033	0.024	0.000	0.010	
44.15	0.261	0.272	0.034	0.006	0.001	0.001	
44.20	0.263	0.272	0.033	-0.016	0.001	-0.014	
44.25	0.265	0.272	0.032	-0.029	-0.001	-0.017	
44.30	0.266	0.272	0.030	-0.038	-0.002	-0.005	
44.35	0.268	0.272	0.028	-0.055	-0.001	0.007	
44.40	0.269	0.272	0.025	-0.067	-0.001	0.016	
44.45	0.270	0.272	0.022	-0.080	0.001	0.003	
44.50	0.271	0.272	0.017	-0.094	-0.000	-0.014	
44.55	0.272	0.272	0.012	-0.100	-0.002	-0.003	
44.60	0.272	0.272	0.006	-0.092	-0.000	0.010	
44.65	0.272	0.272	0.002	-0.078	0.000	0.011	
44.70	0.273	0.272	-0.001	-0.080	0.001	0.003	
44.75	0.272	0.272	-0.005	-0.089	0.000	-0.004	
44.80	0.272	0.272	-0.010	-0.092	0.000	-0.004	
44.85	0.271	0.272	-0.015	-0.085	-0.000	-0.004	
44.90	0.270	0.272	-0.019	-0.074	-0.000	-0.003	
44.95	0.269	0.272	-0.022	-0.064	-0.001	0.005	
45.00	0.268	0.271	-0.025	-0.051	0.000	0.013	
45.05	0.267	0.272	-0.027	-0.039	0.001	0.008	
45.10	0.265	0.272	-0.029	-0.027	0.001	-0.002	
45.15	0.264	0.272	-0.030	-0.012	0.000	-0.006	
45.20	0.262	0.272	-0.030	0.004	0.000	-0.003	
45.25	0.261	0.272	-0.030	0.014	0.001	-0.007	
45.30	0.259	0.272	-0.029	0.024	-0.001	-0.005	
45.35	0.258	0.272	-0.028	0.046	-0.000	0.002	
45.40	0.257	0.272	-0.024	0.064	-0.000	0.003	
45.45	0.256	0.272	-0.021	0.069	0.000	0.003	
45.50	0.255	0.272	-0.017	0.071	0.000	0.001	
45.55	0.254	0.272	-0.014	0.074	0.001	-0.006	
45.60	0.253	0.272	-0.010	0.079	-0.001	-0.006	
45.65	0.253	0.272	-0.006	0.080	-0.001	0.007	
45.70	0.253	0.272	-0.002	0.078	0.001	0.007	
45.75	0.253	0.272	0.002	0.079	0.000	0.001	
45.80	0.253	0.272	0.006	0.076	0.000	0.001	
45.85	0.253	0.272	0.010	0.070	0.000	0.002	
45.90	0.254	0.272	0.013	0.073	0.001	-0.003	
45.95	0.255	0.272	0.017	0.073	0.000	-0.006	
46.00	0.256	0.272	0.021	0.057	-0.001	0.006	
46.05	0.257	0.272	0.023	0.036	0.000	0.017	
46.10	0.258	0.272	0.024	0.033	0.002	0.008	
46.15	0.259	0.272	0.026	0.036	0.002	-0.018	
46.20	0.261	0.272	0.029	0.015	-0.001	-0.023	
46.25	0.262	0.272	0.028	-0.010	-0.001	-0.007	
46.30	0.263	0.272	0.026	-0.016	-0.001	0.009	
46.35	0.265	0.272	0.026	-0.026	0.000	0.015	
46.40	0.266	0.272	0.024	-0.040	0.002	-0.000	
46.45	0.267	0.272	0.022	-0.053	-0.000	-0.009	
46.50	0.268	0.272	0.019	-0.072	-0.000	-0.003	
46.55	0.269	0.272	0.014	-0.081	-0.000	-0.002	
46.60	0.270	0.272	0.010	-0.075	-0.001	0.004	
46.65	0.270	0.272	0.007	-0.071	0.001	0.002	
46.70	0.270	0.272	0.004	-0.071	-0.000	-0.005	
46.75	0.270	0.272	0.000	-0.080	-0.001	0.003	
46.80	0.270	0.272	-0.005	-0.082	0.000	0.010	
46.85	0.270	0.272	-0.009	-0.064	0.001	0.004	
46.90	0.269	0.272	-0.011	-0.053	0.001	-0.009	
46.95	0.269	0.272	-0.013	-0.059	-0.001	-0.011	
47.00	0.268	0.272	-0.017	-0.059	-0.000	-0.005	
47.05	0.267	0.272	-0.020	-0.036	-0.001	-0.005	
47.10	0.266	0.272	-0.020	-0.016	-0.002	0.010	
47.15	0.265	0.272	-0.020	-0.024	0.000	0.022	
47.20	0.264	0.272	-0.023	-0.039	0.002	0.007	
47.25	0.263	0.272	-0.025	-0.031	0.002	-0.021	
47.30	0.262	0.272	-0.027	0.004	-0.002	-0.019	
47.35	0.260	0.272	-0.025	0.042	-0.002	0.009	
47.40	0.259	0.272	-0.021	0.053	0.001	0.016	
47.45	0.258	0.272	-0.019	0.047	0.002	-0.007	
47.50	0.257	0.272	-0.017	0.046	-0.001	-0.019	
47.55	0.256	0.272	-0.015	0.052	-0.002	-0.002	
47.60	0.256	0.272	-0.012	0.061	-0.001	0.010	
47.65	0.255	0.272	-0.009	0.065	-0.000	0.007	
47.70	0.255	0.272	-0.005	0.063	0.000	0.003	
47.75	0.255	0.272	-0.002	0.060	0.000	0.001	
47.80	0.255	0.272	0.000	0.062	0.000	0.000	
47.85	0.255	0.272	0.004	0.067	0.000	0.002	
47.90	0.255	0.272	0.008	0.063	0.000	0.005	
47.95	0.255	0.272	0.010	0.056	0.000	0.009	
48.00	0.256	0.272	0.013	0.058	0.001	0.008	
48.05	0.257	0.272	0.016	0.053	0.002	-0.001	
48.10	0.258	0.272	0.019	0.038	0.001	-0.011	
48.15	0.258	0.272	0.020	0.020	0.000	-0.013	
48.20	0.260	0.272	0.021	0.002	-0.001	-0.004	
48.25	0.261	0.272	0.019	0.005	-0.000	0.001	
48.30	0.261	0.272	0.021	0.013	0.000	-0.008	
48.35	0.263	0.272	0.023	-0.014	-0.001	-0.009	
48.40	0.264	0.272	0.019	-0.039	-0.002	0.016	
48.45	0.265	0.272	0.017	-0.032	0.001	0.023	
48.50	0.265	0.272	0.016	-0.026	0.002	-0.004	
48.55	0.266	0.272	0.015	-0.034	-0.000	-0.012	
48.60	0.267	0.272	0.013	-0.048	-0.000	-0.007	
48.65	0.268	0.272	0.010	-0.060	-0.000	-0.007	
48.70	0.268	0.272	0.007	-0.064	-0.001	-0.008	
48.75	0.268	0.272	0.004	-0.063	-0.002	0.003	
48.80	0.268	0.272	0.000	-0.058	-0.001	0.018	
48.85	0.268	0.272	-0.002	-0.056	0.002	0.001	
48.90	0.268	0.272	-0.005	-0.056	-0.001	-0.016	
48.95	0.268	0.272	-0.008	-0.050	-0.002	0.001	
49.00	0.267	0.272	-0.010	-0.041	0.000	0.009	
49.05	0.267	0.272	-0.012	-0.036	-0.000	0.010	
49.10	0.266	0.272	-0.014	-0.033	0.001	0.011	
49.15	0.265	0.272	-0.015	-0.029	0.001	-0.001	
49.20	0.265	0.272	-0.017	-0.021	0.001	-0.006	
49.25	0.264	0.272	-0.017	-0.013	0.001	-0.011	
49.30	0.263	0.272	-0.018	-0.000	-0.001	-0.007	
49.35	0.262	0.272	-0.018	0.019	-0.001	0.009	
49.40	0.261	0.272	-0.016	0.028	0.001	0.011	
49.45	0.260	0.272	-0.014	0.022	0.001	-0.000	
49.50	0.260	0.272	-0.014	0.019	0.000	-0.005	
49.55	0.259	0.272	-0.013	0.028	0.000	-0.000	
49.60	0.258	0.272	-0.011	0.047	0.000	0.003	
49.65	0.258	0.272	-0.008	0.060	0.001	-0.005	
49.70	0.257	0.272	-0.004	0.055	0.000	-0.020	
49.75	0.257	0.272	-0.002	0.039	-0.002	-0.016	
49.80	0.257	0.272	-0.001	0.033	-0.002	0.009	
49.85	0.257	0.272	0.001	0.028	-0.000	0.020	
49.90	0.257	0.272	0.002	0.024	0.001	0.009	
49.95	0.257	0.272	0.003	0.026	0.001	-0.008	
50.00	0.258	0.272	0.004	0.036	-0.001	-0.009	
50.05	0.258	0.272	0.006	0.055	-0.001	0.004	
50.10	0.258	0.272	0.011	0.055	0.000	0.003	
50.15	0.259	0.272	0.012	0.041	-0.000	-0.005	
50.20	0.259	0.272	0.015	0.026	-0.001	-0.001	
50.25	0.261	0.272	0.015	0.010	-0.000	0.004	
50.30	0.261	0.272	0.015	0.008	-0.000	0.004	
50.35	0.262	0.272	0.016	0.003	0.000	0.005	
50.40	0.263	0.272	0.016	-0.009	0.000	0.007	
50.45	0.263	0.272	0.015	-0.018	0.001	0.003	
50.50	0.264	0.272	0.014	-0.027	0.001	0.001	
50.55	0.265	0.272	0.012	-0.032	0.001	-0.001	
50.60	0.265	0.272	0.011	-0.042	0.000	-0.001	
50.65	0.266	0.272	0.008	-0.046	0.001	0.003	
50.70	0.266	0.272	0.006	-0.038	0.002	-0.008	
50.75	0.267	0.272	0.004	-0.038	-0.000	-0.014	
50.80	0.267	0.272	0.002	-0.042	-0.000	-0.007	
50.85	0.267	0.272	0.000	-0.044	-0.001	0.002	
50.90	0.267	0.272	-0.002	-0.050	-0.001	0.015	
50.95	0.267	0.272	-0.005	-0.052	0.002	0.007	
51.00	0.266	0.272	-0.008	-0.042	0.000	-0.007	
51.05	0.266	0.272	-0.010	-0.025	-0.000	-0.006	
51.10	0.265	0.272	-0.010	-0.012	-0.001	0.004	
51.15	0.265	0.272	-0.011	-0.006	0.000	0.014	
51.20	0.264	0.272	-0.011	0.001	0.002	0.002	
51.25	0.263	0.272	-0.010	0.005	0.001	-0.012	
51.30	0.263	0.272	-0.010	-0.003	0.000	-0.015	
51.35	0.263	0.272	-0.011	-0.005	-0.001	-0.017	
51.40	0.262	0.272	-0.011	0.008	-0.002	-0.006	
51.45	0.261	0.272	-0.010	0.010	-0.002	0.018	
51.50	0.261	0.272	-0.010	0.010	0.000	0.022	
51.55	0.260	0.272	-0.009	0.020	0.001	0.006	
51.60	0.260	0.272	-0.008	0.026	0.001	-0.006	
51.65	0.260	0.272	-0.007	0.025	0.001	-0.015	
51.70	0.259	0.272	-0.005	0.027	-0.001	-0.016	
51.75	0.259	0.272	-0.004	0.028	-0.002	0.003	
51.80	0.259	0.272	-0.003	0.034	-0.001	0.014	
51.85	0.259	0.272	-0.000	0.039	0.000	0.011	
51.90	0.259	0.272	0.002	0.036	0.001	0.000	
51.95	0.259	0.272	0.003	0.030	0.000	-0.008	
52.00	0.259	0.272	0.005	0.023	-0.001	-0.002	
52.05	0.259	0.272	0.005	0.019	-0.000	0.003	
52.10	0.260	0.272	0.007	0.017	0.000	-0.004	
52.15	0.260	0.272	0.007	0.013	-0.001	-0.002	
52.20	0.261	0.272	0.008	0.007	-0.001	0.023	
52.25	0.261	0.272	0.008	-0.004	0.002	0.029	
52.30	0.261	0.272	0.007	-0.004	0.004	0.001	
52.35	0.262	0.272	0.007	0.005	0.002	-0.022	
52.40	0.262	0.272	0.008	0.014	0.000	-0.025	
52.45	0.262	0.272	0.009	0.007	-0.001	-0.015	
52.50	0.263	0.272	0.009	-0.016	-0.001	-0.002	
52.55	0.263	0.272	0.007	-0.030	-0.001	-0.000	
52.60	0.264	0.272	0.006	-0.033	-0.001	0.000	
52.65	0.264	0.272	0.004	-0.037	-0.001	0.008	
52.70	0.264	0.272	0.002	-0.037	-0.000	0.011	
52.75	0.264	0.272	-0.000	-0.023	0.000	0.008	
52.80	0.264	0.272	-0.000	-0.011	0.001	-0.003	
52.85	0.264	0.272	-0.001	-0.016	-0.000	-0.013	
52.90	0.264	0.272	-0.002	-0.024	-0.001	-0.010	
52.95	0.264	0.272	-0.003	-0.025	-0.001	-0.001	
53.00	0.264	0.272	-0.005	-0.019	-0.001	0.001	
53.05	0.263	0.272	-0.005	-0.012	-0.001	0.002	
53.10	0.263	0.271	-0.006	-0.012	-0.001	0.010	
53.15	0.263	0.272	-0.006	-0.010	0.000	0.009	
53.20	0.263	0.272	-0.007	-0.005	-0.000	0.009	
53.25	0.262	0.271	-0.007	-0.002	0.001	0.007	
53.30	0.262	0.272	-0.007	-0.002	0.002	-0.012	
53.35	0.262	0.272	-0.007	-0.002	-0.001	-0.015	
53.40	0.261	0.272	-0.007	-0.001	-0.002	0.008	
53.45	0.261	0.271	-0.008	0.010	0.001	0.019	
53.50	0.260	0.272	-0.006	0.026	0.002	0.001	
53.55	0.260	0.272	-0.004	0.028	0.001	-0.013	
53.60	0.260	0.272	-0.003	0.022	-0.000	-0.012	
53.65	0.260	0.272	-0.002	0.017	-0.001	-0.004	
53.70	0.260	0.272	-0.002	0.015	-0.000	0.005	
53.75	0.260	0.272	-0.001	0.018	-0.000	0.008	
53.80	0.260	0.272	0.001	0.013	-0.000	0.017	
53.85	0.260	0.272	0.001	0.001	0.002	0.014	
53.90	0.260	0.272	-0.000	0.010	0.002	-0.009	
53.95	0.260	0.272	0.001	0.033	0.001	-0.023	
54.00	0.260	0.272	0.004	0.033	-0.000	-0.026	
54.05	0.260	0.272	0.006	0.008	-0.002	-0.021	
54.10	0.261	0.272	0.005	-0.012	-0.004	0.004	
54.15	0.261	0.271	0.003	-0.010	-0.002	0.033	
54.20	0.261	0.271	0.003	0.000	0.002	0.029	
54.25	0.261	0.272	0.004	-0.002	0.002	-0.003	
54.30	0.261	0.272	0.003	-0.001	0.000	-0.018	
54.35	0.261	0.272	0.004	0.005	-0.001	-0.009	
54.40	0.262	0.272	0.004	-0.003	-0.001	0.010	
54.45	0.262	0.272	0.003	-0.012	0.001	0.014	
54.50	0.262	0.272	0.002	-0.008	0.001	0.004	
54.55	0.262	0.272	0.002	0.001	0.001	0.001	
54.60	0.262	0.272	0.003	-0.001	0.001	-0.001	
54.65	0.262	0.272	0.003	-0.013	0.001	-0.009	
54.70	0.262	0.272	0.001	-0.021	0.000	-0.011	
54.75	0.262	0.272	-0.000	-0.012	-0.001	-0.000	
54.80	0.262	0.272	0.000	0.001	0.000	0.011	
54.85	0.262	0.272	0.001	-0.006	0.001	0.006	
54.90	0.262	0.272	-0.000	-0.019	0.001	-0.007	
54.95	0.262	0.272	-0.002	-0.022	0.000	-0.014	
55.00	0.262	0.272	-0.003	-0.014	-0.001	-0.006	
55.05	0.262	0.272	-0.003	-0.002	-0.000	0.002	
55.10	0.262	0.272	-0.003	0.008	-0.001	0.008	
55.15	0.262	0.272	-0.002	0.009	0.001	0.004	
55.20	0.262	0.272	-0.002	0.005	0.000	-0.013	
55.25	0.262	0.272	-0.002	0.003	-0.002	-0.008	
55.30	0.262	0.272	-0.002	0.000	-0.001	0.009	
55.35	0.261	0.272	-0.002	-0.004	0.000	0.009	
55.40	0.261	0.272	-0.002	-0.012	0.000	0.004	
55.45	0.261	0.272	-0.004	-0.005	-0.000	0.010	
55.50	0.261	0.272	-0.003	0.025	0.002	0.004	
55.55	0.261	0.272	0.000	0.031	0.001	-0.014	
55.60	0.261	0.272	0.001	0.016	-0.001	-0.013	
55.65	0.261	0.272	0.001	0.012	-0.001	0.003	
55.70	0.261	0.272	0.002	0.016	-0.000	0.014	
55.75	0.261	0.272	0.003	0.013	0.001	0.011	
55.80	0.261	0.272	0.003	0.004	0.001	0.006	
55.85	0.262	0.272	0.003	-0.004	0.002	-0.006	
55.90	0.262	0.272	0.003	-0.013	0.001	-0.024	
55.95	0.262	0.272	0.002	-0.015	-0.002	-0.016	
56.00	0.262	0.272	0.001	-0.005	-0.001	0.003	
56.05	0.262	0.272	0.001	0.002	-0.000	0.009	
56.10	0.262	0.272	0.002	-0.003	-0.000	0.006	
56.15	0.262	0.272	0.001	-0.013	0.000	0.002	
56.20	0.262	0.272	0.001	-0.026	0.000	0.001	
56.25	0.262	0.272	-0.002	-0.020	0.000	0.002	
56.30	0.262	0.272	-0.002	0.003	0.000	0.005	
56.35	0.262	0.272	-0.001	0.011	0.000	0.008	
56.40	0.262	0.272	-0.000	0.004	0.001	0.003	
56.45	0.262	0.272	-0.001	0.003	0.001	-0.009	
56.50	0.262	0.272	-0.000	0.005	0.000	-0.015	
56.55	0.262	0.272	-0.000	0.002	-0.001	-0.007	
56.60	0.262	0.272	-0.000	-0.002	-0.001	0.008	
56.65	0.262	0.272	-0.000	-0.004	0.000	0.013	
56.70	0.262	0.272	-0.001	0.000	0.001	-0.002	
56.75	0.262	0.272	-0.000	0.005	-0.001	-0.009	
56.80	0.262	0.272	-0.000	0.004	-0.001	0.005	
56.85	0.262	0.272	0.000	0.003	0.001	0.007	
56.90	0.262	0.272	0.000	0.005	0.000	0.002	
56.95	0.262	0.272	0.000	0.010	0.001	-0.003	
57.00	0.262	0.272	0.001	0.010	-0.000	-0.003	
57.05	0.262	0.272	0.002	0.004	0.001	-0.006	
57.10	0.262	0.272	0.002	-0.001	0.000	-0.020	
57.15	0.262	0.272	0.001	-0.003	-0.003	-0.008	
57.20	0.262	0.272	0.001	0.003	-0.002	0.023	
57.25	0.262	0.272	0.002	0.008	0.001	0.021	
57.30	0.262	0.272	0.002	-0.000	0.002	-0.006	
57.35	0.262	0.272	0.002	-0.010	-0.001	-0.008	
57.40	0.262	0.272	0.001	-0.008	0.000	0.006	
57.45	0.262	0.272	0.001	-0.007	0.001	-0.004	
57.50	0.263	0.272	0.000	-0.009	-0.001	-0.010	
57.55	0.262	0.272	0.000	-0.007	-0.001	0.001	
57.60	0.263	0.272	-0.000	-0.008	0.000	-0.002	
57.65	0.262	0.272	-0.001	-0.005	-0.000	-0.010	
57.70	0.262	0.272	-0.001	-0.003	-0.002	0.003	
57.75	0.262	0.272	-0.001	-0.002	-0.001	0.022	
57.80	0.262	0.272	-0.001	0.006	0.002	0.014	
57.85	0.262	0.272	-0.000	0.008	0.002	-0.016	
57.90	0.262	0.272	-0.000	0.003	-0.001	-0.027	
57.95	0.262	0.272	-0.000	-0.002	-0.002	-0.010	
58.00	0.262	0.272	-0.000	-0.008	-0.002	0.010	
58.05	0.262	0.272	-0.001	-0.011	-0.001	0.018	
58.10	0.262	0.272	-0.001	-0.014	-0.000	0.025	
58.15	0.262	0.272	-0.003	-0.009	0.002	0.020	
58.20	0.262	0.272	-0.003	0.016	0.003	-0.011	
58.25	0.262	0.272	-0.001	0.031	0.001	-0.028	
58.30	0.262	0.272	0.001	0.021	-0.001	-0.019	
58.35	0.262	0.272	0.002	0.006	-0.001	-0.005	
58.40	0.262	0.272	0.001	-0.004	-0.001	0.000	
58.45	0.262	0.272	0.001	-0.002	-0.001	0.003	
58.50	0.262	0.272	0.001	0.008	-0.001	0.011	
58.55	0.262	0.272	0.002	0.002	0.001	0.006	
58.60	0.262	0.272	0.001	-0.013	0.000	-0.006	
58.65	0.262	0.272	0.000	-0.015	-0.000	-0.009	
58.70	0.262	0.272	-0.001	-0.004	-0.001	-0.003	
58.75	0.262	0.272	0.000	0.004	-0.002	0.015	
58.80	0.262	0.272	0.001	-0.006	0.001	0.013	
58.85	0.262	0.272	-0.000	-0.016	0.001	-0.008	
58.90	0.262	0.272	-0.002	-0.005	-0.001	-0.003	
58.95	0.262	0.272	-0.002	0.019	0.000	0.004	
59.00	0.262	0.272	0.001	0.017	0.000	-0.003	
59.05	0.262	0.272	0.001	-0.007	-0.000	-0.007	
59.10	0.262	0.272	-0.001	-0.012	-0.001	-0.009	
59.15	0.262	0.272	-0.001	-0.008	-0.002	0.004	
59.20	0.262	0.272	-0.001	-0.002	-0.000	0.018	
59.25	0.262	0.272	-0.001	0.009	0.001	0.012	
59.30	0.262	0.272	-0.000	0.013	0.001	-0.000	
59.35	0.262	0.272	0.001	0.004	0.000	-0.003	
59.40	0.262	0.272	0.000	-0.004	0.000	0.003	
59.45	0.262	0.272	0.000	-0.006	0.001	0.001	
59.50	0.262	0.272	-0.000	-0.004	0.001	-0.011	
59.55	0.262	0.272	-0.001	0.004	-0.000	-0.018	
59.60	0.262	0.272	0.000	0.013	-0.001	-0.010	
59.65	0.262	0.272	0.001	0.010	-0.002	0.012	
59.70	0.262	0.272	0.001	0.003	0.000	0.025	
59.75	0.262	0.272	0.001	0.005	0.003	0.005	
59.80	0.262	0.272	0.002	0.008	0.001	-0.014	
59.85	0.262	0.272	0.002	-0.001	-0.001	-0.001	
59.90	0.262	0.272	0.002	-0.012	0.000	0.019	
59.95	0.262	0.272	0.001	-0.014	0.002	0.035	
60.00	0.262	0.272	0.000	-0.012	0.004	0.047	
