Vernier Format 2
run25.txt 10/10/2025 15:19:15
Run 1
Time	Position	Position	Velocity	Acceleration	Velocity	Acceleration	
T	P	P	V	A	V	A	
s	m	m	m/s	m/s^2	m/s	m/s^2	

0.00	0.280	0.259	-0.270	-0.057	0.276	-0.079	
0.05	0.266	0.273	-0.273	-0.020	0.274	-0.115	
0.10	0.253	0.286	-0.278	0.094	0.268	-0.178	
0.15	0.238	0.300	-0.269	0.307	0.257	-0.260	
0.20	0.225	0.312	-0.243	0.463	0.242	-0.354	
0.25	0.214	0.324	-0.219	0.558	0.221	-0.447	
0.30	0.203	0.334	-0.190	0.675	0.196	-0.518	
0.35	0.194	0.344	-0.152	0.777	0.169	-0.578	
0.40	0.187	0.351	-0.106	0.760	0.139	-0.643	
0.45	0.184	0.358	-0.070	0.630	0.105	-0.719	
0.50	0.181	0.362	-0.047	0.568	0.066	-0.774	
0.55	0.179	0.365	-0.018	0.581	0.026	-0.791	
0.60	0.179	0.365	0.013	0.579	-0.014	-0.778	
0.65	0.181	0.363	0.042	0.561	-0.051	-0.762	
0.70	0.184	0.360	0.065	0.605	-0.091	-0.733	
0.75	0.187	0.354	0.098	0.717	-0.126	-0.674	
0.80	0.193	0.347	0.143	0.722	-0.157	-0.627	
0.85	0.202	0.338	0.177	0.607	-0.189	-0.576	
0.90	0.211	0.328	0.202	0.507	-0.217	-0.489	
0.95	0.222	0.316	0.225	0.433	-0.239	-0.379	
1.00	0.233	0.304	0.249	0.284	-0.255	-0.249	
1.05	0.247	0.291	0.257	0.062	-0.264	-0.108	
1.10	0.260	0.277	0.252	-0.093	-0.265	0.009	
1.15	0.272	0.264	0.245	-0.180	-0.262	0.111	
1.20	0.284	0.251	0.233	-0.244	-0.255	0.224	
1.25	0.296	0.238	0.220	-0.297	-0.241	0.348	
1.30	0.306	0.226	0.204	-0.365	-0.219	0.466	
1.35	0.316	0.216	0.184	-0.437	-0.193	0.567	
1.40	0.325	0.207	0.160	-0.505	-0.162	0.647	
1.45	0.332	0.200	0.133	-0.564	-0.127	0.697	
1.50	0.338	0.194	0.103	-0.618	-0.092	0.741	
1.55	0.343	0.190	0.071	-0.664	-0.053	0.774	
1.60	0.346	0.189	0.036	-0.688	-0.013	0.775	
1.65	0.346	0.189	0.001	-0.687	0.025	0.759	
1.70	0.346	0.191	-0.033	-0.675	0.063	0.739	
1.75	0.343	0.195	-0.067	-0.658	0.100	0.694	
1.80	0.339	0.202	-0.100	-0.622	0.133	0.620	
1.85	0.333	0.209	-0.129	-0.574	0.162	0.551	
1.90	0.326	0.218	-0.157	-0.520	0.189	0.469	
1.95	0.317	0.228	-0.182	-0.454	0.210	0.362	
2.00	0.307	0.239	-0.203	-0.372	0.225	0.258	
2.05	0.297	0.251	-0.219	-0.290	0.235	0.158	
2.10	0.286	0.263	-0.232	-0.211	0.242	0.040	
2.15	0.273	0.275	-0.241	-0.117	0.240	-0.088	
2.20	0.261	0.287	-0.243	-0.037	0.231	-0.189	
2.25	0.249	0.298	-0.242	0.018	0.220	-0.271	
2.30	0.237	0.309	-0.246	0.155	0.206	-0.370	
2.35	0.224	0.319	-0.233	0.392	0.183	-0.466	
2.40	0.213	0.328	-0.202	0.553	0.157	-0.522	
2.45	0.204	0.335	-0.173	0.630	0.130	-0.556	
2.50	0.196	0.341	-0.140	0.714	0.102	-0.600	
2.55	0.189	0.345	-0.102	0.784	0.070	-0.635	
2.60	0.185	0.348	-0.056	0.740	0.036	-0.631	
2.65	0.184	0.349	-0.022	0.588	0.006	-0.615	
2.70	0.184	0.348	-0.001	0.506	-0.024	-0.609	
2.75	0.184	0.346	0.024	0.518	-0.055	-0.597	
2.80	0.186	0.343	0.046	0.618	-0.085	-0.564	
2.85	0.188	0.338	0.083	0.773	-0.113	-0.506	
2.90	0.194	0.332	0.131	0.793	-0.135	-0.445	
2.95	0.202	0.324	0.168	0.695	-0.157	-0.393	
3.00	0.211	0.316	0.199	0.597	-0.175	-0.334	
3.05	0.221	0.307	0.231	0.428	-0.190	-0.275	
3.10	0.235	0.297	0.245	0.197	-0.204	-0.187	
3.15	0.246	0.286	0.245	0.056	-0.210	-0.060	
3.20	0.259	0.275	0.248	-0.033	-0.209	0.042	
3.25	0.272	0.265	0.243	-0.132	-0.204	0.104	
3.30	0.283	0.255	0.234	-0.218	-0.198	0.161	
3.35	0.295	0.245	0.222	-0.313	-0.189	0.244	
3.40	0.306	0.236	0.204	-0.419	-0.174	0.342	
3.45	0.316	0.227	0.180	-0.518	-0.154	0.428	
3.50	0.324	0.220	0.151	-0.597	-0.130	0.488	
3.55	0.331	0.214	0.119	-0.641	-0.105	0.534	
3.60	0.336	0.210	0.086	-0.658	-0.077	0.582	
3.65	0.340	0.206	0.053	-0.671	-0.046	0.610	
3.70	0.341	0.205	0.019	-0.683	-0.015	0.607	
3.75	0.341	0.205	-0.016	-0.686	0.015	0.593	
3.80	0.340	0.206	-0.051	-0.671	0.044	0.587	
3.85	0.336	0.209	-0.084	-0.629	0.074	0.573	
3.90	0.331	0.214	-0.114	-0.577	0.103	0.517	
3.95	0.325	0.220	-0.142	-0.525	0.127	0.437	
4.00	0.317	0.227	-0.167	-0.464	0.146	0.377	
4.05	0.308	0.235	-0.189	-0.385	0.164	0.328	
4.10	0.298	0.243	-0.206	-0.286	0.179	0.270	
4.15	0.287	0.253	-0.218	-0.180	0.192	0.195	
4.20	0.276	0.263	-0.224	-0.083	0.199	0.106	
4.25	0.265	0.273	-0.226	0.009	0.202	0.018	
4.30	0.253	0.283	-0.222	0.084	0.201	-0.069	
4.35	0.242	0.293	-0.215	0.122	0.195	-0.148	
4.40	0.232	0.303	-0.214	0.243	0.186	-0.232	
4.45	0.220	0.312	-0.197	0.466	0.172	-0.326	
4.50	0.211	0.320	-0.162	0.588	0.153	-0.397	
4.55	0.204	0.327	-0.132	0.596	0.131	-0.447	
4.60	0.198	0.333	-0.103	0.602	0.108	-0.503	
4.65	0.194	0.338	-0.073	0.631	0.082	-0.565	
4.70	0.191	0.342	-0.039	0.647	0.051	-0.610	
4.75	0.190	0.343	-0.007	0.640	0.019	-0.615	
4.80	0.190	0.343	0.024	0.640	-0.011	-0.605	
4.85	0.192	0.342	0.057	0.625	-0.041	-0.595	
4.90	0.196	0.339	0.088	0.572	-0.072	-0.565	
4.95	0.201	0.335	0.115	0.512	-0.098	-0.530	
5.00	0.208	0.329	0.139	0.466	-0.124	-0.502	
5.05	0.215	0.322	0.161	0.429	-0.150	-0.445	
5.10	0.224	0.314	0.181	0.402	-0.169	-0.369	
5.15	0.233	0.305	0.205	0.287	-0.186	-0.291	
5.20	0.245	0.295	0.215	0.075	-0.199	-0.205	
5.25	0.255	0.285	0.209	-0.071	-0.206	-0.130	
5.30	0.266	0.275	0.203	-0.122	-0.213	-0.036	
5.35	0.276	0.264	0.196	-0.156	-0.211	0.085	
5.40	0.285	0.253	0.189	-0.210	-0.203	0.192	
5.45	0.295	0.243	0.176	-0.285	-0.191	0.284	
5.50	0.303	0.234	0.160	-0.359	-0.174	0.362	
5.55	0.311	0.226	0.140	-0.418	-0.155	0.429	
5.60	0.317	0.218	0.118	-0.466	-0.132	0.500	
5.65	0.323	0.212	0.093	-0.509	-0.104	0.563	
5.70	0.327	0.208	0.066	-0.543	-0.075	0.620	
5.75	0.329	0.205	0.038	-0.556	-0.042	0.665	
5.80	0.330	0.204	0.010	-0.556	-0.007	0.676	
5.85	0.330	0.204	-0.018	-0.544	0.027	0.657	
5.90	0.329	0.206	-0.044	-0.528	0.060	0.612	
5.95	0.326	0.210	-0.070	-0.516	0.088	0.568	
6.00	0.322	0.215	-0.096	-0.495	0.116	0.528	
6.05	0.316	0.222	-0.121	-0.440	0.142	0.460	
6.10	0.309	0.229	-0.142	-0.348	0.163	0.370	
6.15	0.302	0.238	-0.156	-0.267	0.180	0.265	
6.20	0.294	0.248	-0.167	-0.221	0.189	0.178	
6.25	0.285	0.257	-0.178	-0.171	0.196	0.119	
6.30	0.276	0.267	-0.185	-0.111	0.202	0.035	
6.35	0.266	0.278	-0.188	-0.063	0.200	-0.070	
6.40	0.257	0.288	-0.190	-0.025	0.194	-0.162	
6.45	0.248	0.297	-0.194	0.080	0.184	-0.243	
6.50	0.237	0.306	-0.186	0.262	0.169	-0.315	
6.55	0.228	0.314	-0.164	0.377	0.153	-0.397	
6.60	0.221	0.322	-0.145	0.414	0.130	-0.478	
6.65	0.214	0.328	-0.123	0.443	0.103	-0.514	
6.70	0.208	0.332	-0.101	0.468	0.077	-0.523	
6.75	0.204	0.335	-0.077	0.501	0.051	-0.541	
6.80	0.200	0.337	-0.051	0.535	0.023	-0.556	
6.85	0.198	0.338	-0.023	0.567	-0.005	-0.553	
6.90	0.198	0.337	0.007	0.580	-0.033	-0.541	
6.95	0.199	0.334	0.036	0.562	-0.060	-0.508	
7.00	0.202	0.330	0.064	0.529	-0.084	-0.468	
7.05	0.206	0.326	0.089	0.506	-0.107	-0.428	
7.10	0.211	0.320	0.114	0.491	-0.127	-0.385	
7.15	0.217	0.313	0.139	0.456	-0.145	-0.338	
7.20	0.225	0.305	0.159	0.418	-0.162	-0.266	
7.25	0.233	0.297	0.183	0.321	-0.172	-0.183	
7.30	0.244	0.288	0.196	0.144	-0.180	-0.102	
7.35	0.253	0.279	0.195	0.012	-0.182	-0.022	
7.40	0.263	0.269	0.194	-0.060	-0.182	0.053	
7.45	0.273	0.260	0.188	-0.113	-0.177	0.128	
7.50	0.282	0.252	0.182	-0.162	-0.169	0.199	
7.55	0.291	0.243	0.173	-0.229	-0.157	0.278	
7.60	0.299	0.236	0.160	-0.302	-0.141	0.361	
7.65	0.307	0.229	0.143	-0.374	-0.120	0.419	
7.70	0.314	0.224	0.122	-0.440	-0.098	0.447	
7.75	0.319	0.219	0.098	-0.497	-0.076	0.480	
7.80	0.324	0.216	0.072	-0.536	-0.051	0.520	
7.85	0.327	0.214	0.044	-0.558	-0.024	0.555	
7.90	0.328	0.213	0.015	-0.567	0.007	0.556	
7.95	0.328	0.215	-0.013	-0.560	0.033	0.521	
8.00	0.327	0.217	-0.041	-0.544	0.058	0.487	
8.05	0.324	0.221	-0.068	-0.519	0.082	0.447	
8.10	0.320	0.225	-0.093	-0.484	0.103	0.402	
8.15	0.315	0.231	-0.116	-0.444	0.123	0.348	
8.20	0.308	0.238	-0.138	-0.394	0.139	0.283	
8.25	0.301	0.245	-0.157	-0.317	0.150	0.235	
8.30	0.292	0.253	-0.171	-0.225	0.162	0.185	
8.35	0.283	0.261	-0.178	-0.154	0.171	0.098	
8.40	0.274	0.270	-0.185	-0.109	0.172	0.001	
8.45	0.265	0.279	-0.190	-0.058	0.170	-0.073	
8.50	0.255	0.287	-0.190	-0.006	0.165	-0.150	
8.55	0.246	0.295	-0.193	0.101	0.155	-0.224	
8.60	0.235	0.303	-0.184	0.278	0.141	-0.275	
8.65	0.227	0.309	-0.162	0.394	0.127	-0.324	
8.70	0.219	0.316	-0.141	0.447	0.110	-0.391	
8.75	0.213	0.321	-0.117	0.492	0.087	-0.441	
8.80	0.208	0.324	-0.092	0.527	0.064	-0.450	
8.85	0.204	0.327	-0.064	0.551	0.043	-0.462	
8.90	0.201	0.329	-0.036	0.569	0.019	-0.487	
8.95	0.200	0.329	-0.007	0.579	-0.008	-0.476	
9.00	0.200	0.328	0.023	0.565	-0.031	-0.434	
9.05	0.202	0.326	0.050	0.544	-0.050	-0.416	
9.10	0.205	0.323	0.077	0.523	-0.071	-0.412	
9.15	0.210	0.319	0.103	0.491	-0.093	-0.372	
9.20	0.216	0.313	0.127	0.442	-0.110	-0.308	
9.25	0.223	0.307	0.146	0.398	-0.122	-0.265	
9.30	0.230	0.301	0.165	0.370	-0.135	-0.234	
9.35	0.239	0.294	0.188	0.248	-0.147	-0.181	
9.40	0.250	0.286	0.194	0.048	-0.154	-0.108	
9.45	0.259	0.278	0.188	-0.069	-0.158	-0.032	
9.50	0.269	0.270	0.184	-0.117	-0.157	0.036	
9.55	0.278	0.263	0.177	-0.167	-0.154	0.102	
9.60	0.286	0.255	0.168	-0.228	-0.147	0.173	
9.65	0.295	0.248	0.155	-0.297	-0.136	0.227	
9.70	0.302	0.241	0.138	-0.361	-0.125	0.284	
9.75	0.309	0.235	0.119	-0.419	-0.109	0.357	
9.80	0.314	0.230	0.096	-0.466	-0.089	0.426	
9.85	0.318	0.226	0.071	-0.500	-0.065	0.479	
9.90	0.321	0.223	0.045	-0.527	-0.039	0.486	
9.95	0.323	0.222	0.018	-0.536	-0.016	0.479	
10.00	0.323	0.222	-0.009	-0.529	0.008	0.488	
10.05	0.322	0.223	-0.035	-0.513	0.033	0.477	
10.10	0.319	0.225	-0.061	-0.484	0.057	0.433	
10.15	0.316	0.229	-0.084	-0.450	0.078	0.368	
10.20	0.311	0.233	-0.106	-0.409	0.093	0.310	
10.25	0.305	0.238	-0.126	-0.344	0.107	0.288	
10.30	0.298	0.244	-0.141	-0.270	0.123	0.256	
10.35	0.291	0.251	-0.152	-0.216	0.135	0.188	
10.40	0.283	0.257	-0.163	-0.158	0.141	0.130	
10.45	0.274	0.265	-0.169	-0.087	0.147	0.085	
10.50	0.266	0.272	-0.170	-0.037	0.150	0.035	
10.55	0.257	0.280	-0.170	-0.009	0.151	-0.027	
10.60	0.249	0.287	-0.175	0.101	0.147	-0.092	
10.65	0.239	0.295	-0.165	0.287	0.142	-0.166	
10.70	0.232	0.302	-0.141	0.384	0.131	-0.252	
10.75	0.225	0.308	-0.123	0.406	0.116	-0.320	
10.80	0.220	0.314	-0.102	0.431	0.098	-0.360	
10.85	0.215	0.318	-0.080	0.454	0.080	-0.392	
10.90	0.212	0.322	-0.056	0.467	0.059	-0.429	
10.95	0.210	0.324	-0.033	0.469	0.037	-0.463	
11.00	0.208	0.325	-0.009	0.480	0.012	-0.480	
11.05	0.209	0.325	0.016	0.486	-0.013	-0.473	
11.10	0.210	0.324	0.040	0.471	-0.035	-0.459	
11.15	0.213	0.322	0.064	0.433	-0.059	-0.434	
11.20	0.216	0.318	0.084	0.388	-0.080	-0.388	
11.25	0.221	0.314	0.102	0.346	-0.098	-0.333	
11.30	0.227	0.308	0.119	0.300	-0.113	-0.277	
11.35	0.233	0.302	0.131	0.277	-0.125	-0.241	
11.40	0.240	0.296	0.144	0.283	-0.137	-0.211	
11.45	0.247	0.288	0.164	0.198	-0.148	-0.147	
11.50	0.257	0.281	0.170	0.005	-0.152	-0.071	
11.55	0.265	0.273	0.161	-0.122	-0.154	-0.005	
11.60	0.273	0.265	0.153	-0.158	-0.153	0.071	
11.65	0.280	0.257	0.145	-0.191	-0.147	0.148	
11.70	0.287	0.250	0.135	-0.231	-0.138	0.213	
11.75	0.294	0.244	0.122	-0.268	-0.125	0.274	
11.80	0.300	0.238	0.108	-0.311	-0.110	0.324	
11.85	0.305	0.233	0.091	-0.362	-0.093	0.372	
11.90	0.309	0.228	0.071	-0.401	-0.073	0.425	
11.95	0.312	0.225	0.050	-0.419	-0.050	0.473	
12.00	0.314	0.223	0.029	-0.426	-0.025	0.508	
12.05	0.315	0.223	0.008	-0.433	0.002	0.517	
12.10	0.315	0.223	-0.015	-0.430	0.028	0.493	
12.15	0.313	0.226	-0.036	-0.415	0.052	0.447	
12.20	0.311	0.229	-0.056	-0.393	0.073	0.394	
12.25	0.308	0.233	-0.076	-0.358	0.091	0.341	
12.30	0.303	0.238	-0.092	-0.318	0.107	0.289	
12.35	0.298	0.244	-0.107	-0.281	0.120	0.244	
12.40	0.293	0.250	-0.121	-0.237	0.131	0.196	
12.45	0.286	0.257	-0.131	-0.191	0.141	0.124	
12.50	0.279	0.264	-0.139	-0.154	0.144	0.050	
12.55	0.272	0.271	-0.146	-0.126	0.145	-0.009	
12.60	0.265	0.279	-0.152	-0.093	0.143	-0.073	
12.65	0.257	0.286	-0.159	0.016	0.137	-0.127	
12.70	0.248	0.293	-0.153	0.185	0.130	-0.169	
12.75	0.241	0.299	-0.136	0.269	0.121	-0.224	
12.80	0.235	0.305	-0.123	0.287	0.108	-0.280	
12.85	0.229	0.310	-0.109	0.322	0.092	-0.324	
12.90	0.224	0.314	-0.091	0.357	0.076	-0.374	
12.95	0.220	0.318	-0.072	0.379	0.054	-0.406	
13.00	0.217	0.320	-0.053	0.405	0.034	-0.406	
13.05	0.214	0.321	-0.032	0.429	0.014	-0.412	
13.10	0.213	0.321	-0.009	0.434	-0.007	-0.421	
13.15	0.214	0.320	0.012	0.428	-0.029	-0.407	
13.20	0.215	0.318	0.033	0.424	-0.048	-0.382	
13.25	0.217	0.315	0.054	0.413	-0.068	-0.352	
13.30	0.220	0.311	0.075	0.390	-0.084	-0.308	
13.35	0.224	0.307	0.094	0.360	-0.098	-0.268	
13.40	0.230	0.301	0.110	0.342	-0.111	-0.221	
13.45	0.235	0.295	0.126	0.340	-0.121	-0.163	
13.50	0.242	0.289	0.149	0.250	-0.127	-0.108	
13.55	0.251	0.283	0.157	0.064	-0.131	-0.057	
13.60	0.258	0.276	0.151	-0.048	-0.133	-0.008	
13.65	0.266	0.269	0.148	-0.077	-0.132	0.046	
13.70	0.273	0.263	0.144	-0.108	-0.129	0.103	
13.75	0.280	0.256	0.138	-0.151	-0.122	0.151	
13.80	0.287	0.250	0.129	-0.195	-0.113	0.191	
13.85	0.293	0.245	0.119	-0.244	-0.104	0.248	
13.90	0.299	0.240	0.105	-0.306	-0.089	0.309	
13.95	0.304	0.236	0.088	-0.367	-0.072	0.349	
14.00	0.308	0.233	0.068	-0.417	-0.053	0.376	
14.05	0.311	0.231	0.045	-0.447	-0.034	0.392	
14.10	0.312	0.229	0.022	-0.447	-0.014	0.402	
14.15	0.313	0.229	-0.000	-0.423	0.007	0.397	
14.20	0.312	0.230	-0.020	-0.411	0.026	0.397	
14.25	0.311	0.232	-0.041	-0.406	0.047	0.391	
14.30	0.308	0.235	-0.061	-0.385	0.066	0.357	
14.35	0.305	0.238	-0.081	-0.343	0.084	0.301	
14.40	0.300	0.243	-0.096	-0.288	0.097	0.235	
14.45	0.295	0.248	-0.109	-0.248	0.107	0.180	
14.50	0.289	0.254	-0.121	-0.213	0.114	0.136	
14.55	0.283	0.260	-0.131	-0.167	0.119	0.109	
14.60	0.276	0.266	-0.137	-0.128	0.126	0.064	
14.65	0.269	0.273	-0.143	-0.090	0.127	-0.003	
14.70	0.262	0.279	-0.146	-0.038	0.125	-0.060	
14.75	0.254	0.285	-0.149	0.061	0.121	-0.113	
14.80	0.246	0.291	-0.142	0.193	0.114	-0.170	
14.85	0.240	0.297	-0.127	0.278	0.103	-0.215	
14.90	0.233	0.301	-0.112	0.320	0.091	-0.236	
14.95	0.228	0.306	-0.095	0.343	0.080	-0.268	
15.00	0.224	0.310	-0.078	0.370	0.065	-0.306	
15.05	0.220	0.312	-0.058	0.393	0.049	-0.336	
15.10	0.218	0.315	-0.039	0.407	0.032	-0.365	
15.15	0.216	0.316	-0.018	0.428	0.012	-0.376	
15.20	0.216	0.316	0.005	0.426	-0.007	-0.362	
15.25	0.217	0.315	0.026	0.408	-0.025	-0.334	
15.30	0.219	0.313	0.046	0.390	-0.040	-0.318	
15.35	0.222	0.311	0.065	0.367	-0.056	-0.312	
15.40	0.226	0.307	0.083	0.344	-0.071	-0.301	
15.45	0.230	0.304	0.099	0.326	-0.087	-0.267	
15.50	0.235	0.299	0.114	0.319	-0.100	-0.201	
15.55	0.241	0.293	0.134	0.245	-0.106	-0.157	
15.60	0.250	0.288	0.143	0.087	-0.114	-0.132	
15.65	0.256	0.282	0.140	-0.018	-0.120	-0.088	
15.70	0.263	0.276	0.139	-0.072	-0.124	-0.031	
15.75	0.270	0.269	0.133	-0.123	-0.124	0.032	
15.80	0.277	0.263	0.126	-0.162	-0.120	0.085	
15.85	0.283	0.257	0.116	-0.195	-0.115	0.137	
15.90	0.288	0.252	0.106	-0.221	-0.107	0.194	
15.95	0.293	0.247	0.095	-0.256	-0.095	0.242	
16.00	0.298	0.242	0.081	-0.301	-0.082	0.277	
16.05	0.302	0.238	0.065	-0.340	-0.067	0.304	
16.10	0.304	0.235	0.046	-0.362	-0.052	0.336	
16.15	0.306	0.233	0.028	-0.372	-0.034	0.380	
16.20	0.307	0.232	0.009	-0.380	-0.013	0.404	
16.25	0.307	0.232	-0.010	-0.382	0.007	0.404	
16.30	0.306	0.233	-0.030	-0.355	0.028	0.390	
16.35	0.304	0.235	-0.046	-0.319	0.046	0.365	
16.40	0.301	0.237	-0.062	-0.292	0.065	0.335	
16.45	0.298	0.241	-0.076	-0.262	0.081	0.281	
16.50	0.294	0.246	-0.088	-0.233	0.093	0.232	
16.55	0.289	0.251	-0.099	-0.204	0.103	0.202	
16.60	0.284	0.256	-0.109	-0.157	0.113	0.162	
16.65	0.278	0.262	-0.115	-0.110	0.120	0.104	
16.70	0.272	0.268	-0.119	-0.078	0.124	0.040	
16.75	0.266	0.275	-0.123	-0.037	0.124	-0.023	
16.80	0.260	0.281	-0.123	0.000	0.122	-0.087	
16.85	0.254	0.287	-0.120	-0.001	0.115	-0.146	
16.90	0.248	0.292	-0.127	0.081	0.106	-0.191	
16.95	0.240	0.298	-0.119	0.275	0.096	-0.232	
17.00	0.235	0.302	-0.093	0.360	0.083	-0.272	
17.05	0.232	0.306	-0.076	0.324	0.069	-0.302	
17.10	0.228	0.309	-0.063	0.309	0.053	-0.330	
17.15	0.225	0.311	-0.048	0.336	0.036	-0.364	
17.20	0.223	0.313	-0.029	0.363	0.016	-0.387	
17.25	0.222	0.313	-0.010	0.368	-0.005	-0.369	
17.30	0.222	0.312	0.008	0.357	-0.022	-0.323	
17.35	0.223	0.311	0.025	0.341	-0.036	-0.296	
17.40	0.225	0.309	0.042	0.328	-0.051	-0.283	
17.45	0.227	0.305	0.057	0.334	-0.065	-0.254	
17.50	0.230	0.302	0.075	0.351	-0.076	-0.230	
17.55	0.235	0.298	0.093	0.345	-0.087	-0.212	
17.60	0.239	0.293	0.114	0.253	-0.098	-0.176	
17.65	0.247	0.288	0.122	0.099	-0.106	-0.117	
17.70	0.252	0.282	0.119	0.017	-0.110	-0.053	
17.75	0.258	0.277	0.120	0.001	-0.111	-0.003	
17.80	0.264	0.271	0.120	-0.016	-0.110	0.031	
17.85	0.270	0.266	0.120	-0.059	-0.108	0.064	
17.90	0.276	0.260	0.115	-0.123	-0.104	0.116	
17.95	0.282	0.255	0.107	-0.180	-0.097	0.175	
18.00	0.287	0.251	0.096	-0.219	-0.086	0.218	
18.05	0.292	0.247	0.085	-0.248	-0.074	0.254	
18.10	0.296	0.243	0.071	-0.278	-0.061	0.289	
18.15	0.299	0.240	0.057	-0.302	-0.045	0.312	
18.20	0.301	0.239	0.042	-0.328	-0.029	0.324	
18.25	0.303	0.238	0.024	-0.350	-0.013	0.335	
18.30	0.304	0.237	0.006	-0.355	0.005	0.333	
18.35	0.304	0.238	-0.012	-0.350	0.021	0.322	
18.40	0.303	0.239	-0.029	-0.340	0.037	0.317	
18.45	0.301	0.242	-0.047	-0.318	0.054	0.286	
18.50	0.298	0.245	-0.061	-0.286	0.066	0.242	
18.55	0.294	0.249	-0.075	-0.255	0.077	0.211	
18.60	0.290	0.253	-0.088	-0.212	0.087	0.180	
18.65	0.286	0.257	-0.097	-0.166	0.097	0.127	
18.70	0.280	0.263	-0.103	-0.135	0.100	0.068	
18.75	0.275	0.267	-0.110	-0.109	0.102	0.035	
18.80	0.269	0.273	-0.116	-0.058	0.104	0.007	
18.85	0.263	0.278	-0.116	0.002	0.103	-0.036	
18.90	0.258	0.283	-0.114	0.043	0.100	-0.087	
18.95	0.252	0.288	-0.111	0.076	0.095	-0.140	
19.00	0.246	0.293	-0.105	0.093	0.086	-0.190	
19.05	0.242	0.297	-0.105	0.158	0.075	-0.225	
19.10	0.235	0.300	-0.094	0.299	0.063	-0.246	
19.15	0.232	0.303	-0.071	0.370	0.050	-0.261	
19.20	0.229	0.305	-0.053	0.358	0.038	-0.287	
19.25	0.227	0.307	-0.036	0.355	0.022	-0.317	
19.30	0.225	0.307	-0.018	0.366	0.005	-0.324	
19.35	0.225	0.307	0.001	0.365	-0.012	-0.302	
19.40	0.225	0.306	0.019	0.342	-0.026	-0.265	
19.45	0.227	0.305	0.035	0.314	-0.037	-0.249	
19.50	0.229	0.303	0.050	0.299	-0.050	-0.246	
19.55	0.232	0.300	0.065	0.288	-0.063	-0.220	
19.60	0.235	0.296	0.079	0.275	-0.073	-0.178	
19.65	0.240	0.292	0.092	0.262	-0.081	-0.142	
19.70	0.245	0.288	0.104	0.256	-0.087	-0.105	
19.75	0.250	0.283	0.122	0.166	-0.090	-0.080	
19.80	0.258	0.279	0.126	-0.005	-0.095	-0.056	
19.85	0.263	0.274	0.116	-0.085	-0.097	-0.008	
19.90	0.269	0.269	0.114	-0.098	-0.096	0.039	
19.95	0.274	0.264	0.108	-0.129	-0.093	0.077	
20.00	0.280	0.260	0.101	-0.159	-0.089	0.124	
20.05	0.285	0.255	0.092	-0.190	-0.081	0.173	
20.10	0.289	0.252	0.082	-0.223	-0.069	0.190	
20.15	0.293	0.249	0.070	-0.264	-0.062	0.207	
20.20	0.296	0.245	0.056	-0.304	-0.051	0.255	
20.25	0.298	0.243	0.039	-0.320	-0.035	0.286	
20.30	0.300	0.242	0.023	-0.327	-0.021	0.293	
20.35	0.301	0.241	0.006	-0.334	-0.006	0.298	
20.40	0.301	0.241	-0.011	-0.325	0.009	0.296	
20.45	0.300	0.242	-0.027	-0.302	0.023	0.295	
20.50	0.298	0.243	-0.041	-0.281	0.039	0.289	
20.55	0.295	0.246	-0.055	-0.262	0.053	0.257	
20.60	0.292	0.249	-0.068	-0.237	0.065	0.218	
20.65	0.289	0.253	-0.079	-0.207	0.075	0.176	
20.70	0.285	0.257	-0.088	-0.173	0.082	0.140	
20.75	0.280	0.261	-0.096	-0.130	0.088	0.118	
20.80	0.275	0.265	-0.101	-0.089	0.095	0.075	
20.85	0.270	0.271	-0.105	-0.048	0.097	0.014	
20.90	0.264	0.275	-0.106	-0.008	0.095	-0.019	
20.95	0.259	0.280	-0.105	0.016	0.095	-0.043	
21.00	0.254	0.285	-0.103	0.024	0.092	-0.094	
21.05	0.249	0.289	-0.106	0.104	0.085	-0.144	
21.10	0.242	0.293	-0.097	0.251	0.077	-0.180	
21.15	0.239	0.297	-0.076	0.314	0.067	-0.208	
21.20	0.235	0.300	-0.062	0.302	0.056	-0.244	
21.25	0.232	0.303	-0.047	0.298	0.043	-0.279	
21.30	0.230	0.304	-0.032	0.300	0.028	-0.295	
21.35	0.229	0.306	-0.017	0.304	0.013	-0.302	
21.40	0.229	0.306	-0.002	0.304	-0.003	-0.290	
21.45	0.229	0.305	0.013	0.303	-0.017	-0.269	
21.50	0.230	0.304	0.029	0.285	-0.029	-0.267	
21.55	0.232	0.302	0.043	0.250	-0.044	-0.260	
21.60	0.234	0.300	0.052	0.243	-0.056	-0.226	
21.65	0.237	0.297	0.066	0.243	-0.066	-0.195	
21.70	0.241	0.293	0.079	0.214	-0.076	-0.165	
21.75	0.245	0.289	0.087	0.198	-0.083	-0.125	
21.80	0.250	0.285	0.096	0.211	-0.088	-0.092	
21.85	0.254	0.280	0.113	0.136	-0.093	-0.051	
21.90	0.262	0.275	0.116	-0.038	-0.093	-0.002	
21.95	0.267	0.271	0.104	-0.129	-0.092	0.037	
22.00	0.271	0.266	0.098	-0.131	-0.090	0.073	
22.05	0.276	0.262	0.092	-0.136	-0.085	0.100	
22.10	0.281	0.258	0.085	-0.158	-0.080	0.127	
22.15	0.285	0.253	0.077	-0.200	-0.073	0.168	
22.20	0.289	0.250	0.065	-0.235	-0.063	0.212	
22.25	0.292	0.247	0.052	-0.247	-0.051	0.255	
22.30	0.294	0.245	0.040	-0.258	-0.037	0.279	
22.35	0.296	0.244	0.027	-0.274	-0.022	0.283	
22.40	0.297	0.243	0.012	-0.280	-0.008	0.287	
22.45	0.297	0.243	-0.002	-0.278	0.006	0.295	
22.50	0.296	0.243	-0.015	-0.272	0.021	0.298	
22.55	0.295	0.245	-0.029	-0.262	0.037	0.273	
22.60	0.293	0.247	-0.042	-0.245	0.049	0.233	
22.65	0.291	0.250	-0.053	-0.229	0.059	0.213	
22.70	0.288	0.253	-0.065	-0.213	0.071	0.189	
22.75	0.285	0.257	-0.075	-0.188	0.079	0.154	
22.80	0.281	0.261	-0.084	-0.149	0.086	0.109	
22.85	0.276	0.266	-0.090	-0.103	0.091	0.050	
22.90	0.271	0.270	-0.094	-0.060	0.091	0.002	
22.95	0.267	0.275	-0.097	-0.005	0.090	-0.026	
23.00	0.262	0.279	-0.095	0.049	0.088	-0.057	
23.05	0.257	0.284	-0.090	0.065	0.085	-0.108	
23.10	0.253	0.288	-0.087	0.058	0.077	-0.153	
23.15	0.248	0.291	-0.084	0.053	0.069	-0.176	
23.20	0.245	0.295	-0.085	0.117	0.059	-0.194	
23.25	0.239	0.297	-0.077	0.253	0.049	-0.212	
23.30	0.236	0.300	-0.056	0.323	0.038	-0.228	
23.35	0.234	0.301	-0.041	0.320	0.027	-0.247	
23.40	0.232	0.302	-0.024	0.298	0.014	-0.271	
23.45	0.232	0.303	-0.011	0.271	-0.002	-0.272	
23.50	0.231	0.302	0.002	0.276	-0.015	-0.248	
23.55	0.232	0.301	0.017	0.285	-0.026	-0.235	
23.60	0.233	0.300	0.031	0.282	-0.039	-0.212	
23.65	0.235	0.297	0.045	0.269	-0.047	-0.179	
23.70	0.237	0.295	0.059	0.232	-0.055	-0.172	
23.75	0.241	0.292	0.068	0.201	-0.065	-0.157	
23.80	0.244	0.288	0.077	0.207	-0.072	-0.121	
23.85	0.248	0.285	0.088	0.223	-0.077	-0.080	
23.90	0.253	0.280	0.104	0.154	-0.080	-0.039	
23.95	0.259	0.276	0.108	-0.003	-0.080	-0.017	
24.00	0.264	0.272	0.099	-0.093	-0.082	0.014	
24.05	0.269	0.268	0.095	-0.107	-0.080	0.061	
24.10	0.274	0.264	0.090	-0.125	-0.075	0.098	
24.15	0.278	0.261	0.083	-0.153	-0.069	0.125	
24.20	0.282	0.257	0.074	-0.178	-0.062	0.141	
24.25	0.285	0.254	0.065	-0.196	-0.055	0.154	
24.30	0.288	0.252	0.055	-0.218	-0.048	0.185	
24.35	0.291	0.249	0.043	-0.246	-0.037	0.224	
24.40	0.293	0.248	0.030	-0.272	-0.024	0.242	
24.45	0.294	0.247	0.015	-0.273	-0.012	0.242	
24.50	0.294	0.247	0.002	-0.259	0.000	0.232	
24.55	0.294	0.247	-0.010	-0.252	0.010	0.235	
24.60	0.293	0.248	-0.023	-0.252	0.024	0.245	
24.65	0.292	0.250	-0.036	-0.245	0.036	0.235	
24.70	0.290	0.251	-0.048	-0.220	0.048	0.212	
24.75	0.287	0.254	-0.058	-0.188	0.058	0.171	
24.80	0.284	0.257	-0.067	-0.163	0.064	0.136	
24.85	0.280	0.261	-0.075	-0.136	0.071	0.108	
24.90	0.276	0.264	-0.080	-0.107	0.076	0.068	
24.95	0.272	0.268	-0.085	-0.076	0.078	0.033	
25.00	0.268	0.272	-0.089	-0.040	0.079	-0.003	
25.05	0.263	0.276	-0.088	-0.024	0.078	-0.043	
25.10	0.259	0.280	-0.089	-0.030	0.074	-0.065	
25.15	0.255	0.284	-0.096	0.045	0.072	-0.092	
25.20	0.249	0.287	-0.089	0.201	0.065	-0.134	
25.25	0.245	0.290	-0.070	0.265	0.057	-0.152	
25.30	0.242	0.293	-0.058	0.239	0.050	-0.169	
25.35	0.239	0.295	-0.048	0.229	0.041	-0.204	
25.40	0.237	0.297	-0.036	0.239	0.029	-0.221	
25.45	0.236	0.298	-0.024	0.249	0.018	-0.224	
25.50	0.235	0.299	-0.011	0.260	0.007	-0.228	
25.55	0.235	0.299	0.003	0.260	-0.005	-0.218	
25.60	0.235	0.298	0.015	0.248	-0.015	-0.212	
25.65	0.236	0.298	0.027	0.235	-0.026	-0.211	
25.70	0.238	0.296	0.039	0.214	-0.037	-0.184	
25.75	0.240	0.294	0.049	0.185	-0.045	-0.147	
25.80	0.243	0.291	0.058	0.153	-0.051	-0.132	
25.85	0.246	0.289	0.063	0.153	-0.057	-0.134	
25.90	0.249	0.286	0.071	0.191	-0.065	-0.113	
25.95	0.253	0.282	0.083	0.206	-0.070	-0.064	
26.00	0.257	0.278	0.097	0.117	-0.071	-0.021	
26.05	0.263	0.275	0.099	-0.055	-0.071	0.000	
26.10	0.268	0.271	0.087	-0.151	-0.071	0.016	
26.15	0.272	0.268	0.079	-0.148	-0.070	0.043	
26.20	0.275	0.264	0.072	-0.134	-0.067	0.078	
26.25	0.279	0.261	0.067	-0.146	-0.062	0.115	
26.30	0.282	0.258	0.059	-0.180	-0.055	0.135	
26.35	0.285	0.255	0.048	-0.196	-0.049	0.161	
26.40	0.287	0.253	0.039	-0.205	-0.040	0.201	
26.45	0.289	0.251	0.028	-0.225	-0.028	0.215	
26.50	0.290	0.250	0.016	-0.236	-0.018	0.218	
26.55	0.290	0.249	0.004	-0.232	-0.006	0.228	
26.60	0.290	0.250	-0.008	-0.221	0.006	0.224	
26.65	0.289	0.250	-0.018	-0.214	0.016	0.218	
26.70	0.288	0.251	-0.029	-0.210	0.027	0.213	
26.75	0.287	0.253	-0.040	-0.189	0.038	0.195	
26.80	0.284	0.255	-0.048	-0.164	0.047	0.178	
26.85	0.282	0.257	-0.056	-0.140	0.055	0.163	
26.90	0.279	0.261	-0.063	-0.110	0.064	0.125	
26.95	0.275	0.264	-0.067	-0.081	0.069	0.072	
27.00	0.272	0.268	-0.071	-0.052	0.070	0.045	
27.05	0.268	0.271	-0.072	-0.028	0.073	0.026	
27.10	0.265	0.275	-0.073	-0.013	0.074	-0.013	
27.15	0.261	0.279	-0.074	0.020	0.072	-0.055	
27.20	0.257	0.282	-0.073	0.080	0.068	-0.091	
27.25	0.253	0.285	-0.065	0.128	0.063	-0.124	
27.30	0.251	0.288	-0.058	0.141	0.055	-0.146	
27.35	0.248	0.291	-0.052	0.152	0.048	-0.162	
27.40	0.245	0.293	-0.043	0.156	0.039	-0.183	
27.45	0.244	0.295	-0.034	0.130	0.030	-0.210	
27.50	0.242	0.296	-0.028	0.096	0.018	-0.232	
27.55	0.241	0.297	-0.029	0.147	0.005	-0.226	
27.60	0.239	0.297	-0.018	0.272	-0.005	-0.205	
27.65	0.239	0.296	0.004	0.298	-0.015	-0.188	
27.70	0.240	0.295	0.015	0.254	-0.024	-0.174	
27.75	0.240	0.294	0.027	0.239	-0.032	-0.163	
27.80	0.242	0.292	0.039	0.238	-0.040	-0.154	
27.85	0.244	0.290	0.050	0.243	-0.048	-0.137	
27.90	0.247	0.287	0.063	0.238	-0.054	-0.114	
27.95	0.250	0.285	0.078	0.160	-0.060	-0.091	
28.00	0.256	0.281	0.082	0.023	-0.064	-0.047	
28.05	0.259	0.278	0.076	-0.039	-0.063	-0.019	
28.10	0.263	0.275	0.075	-0.038	-0.065	-0.007	
28.15	0.267	0.271	0.073	-0.047	-0.065	0.022	
28.20	0.270	0.268	0.071	-0.067	-0.063	0.057	
28.25	0.274	0.265	0.067	-0.094	-0.059	0.081	
28.30	0.277	0.262	0.061	-0.118	-0.055	0.109	
28.35	0.280	0.259	0.055	-0.147	-0.048	0.144	
28.40	0.282	0.257	0.046	-0.169	-0.039	0.159	
28.45	0.285	0.256	0.038	-0.180	-0.033	0.173	
28.50	0.286	0.254	0.029	-0.191	-0.023	0.199	
28.55	0.287	0.253	0.019	-0.203	-0.012	0.206	
28.60	0.288	0.253	0.008	-0.212	-0.002	0.205	
28.65	0.288	0.253	-0.003	-0.210	0.009	0.195	
28.70	0.288	0.254	-0.013	-0.199	0.018	0.171	
28.75	0.287	0.255	-0.023	-0.191	0.026	0.157	
28.80	0.286	0.256	-0.032	-0.185	0.033	0.155	
28.85	0.284	0.258	-0.041	-0.176	0.041	0.155	
28.90	0.281	0.261	-0.050	-0.160	0.049	0.139	
28.95	0.279	0.263	-0.058	-0.123	0.056	0.105	
29.00	0.275	0.266	-0.063	-0.071	0.061	0.052	
29.05	0.272	0.269	-0.064	-0.041	0.060	0.013	
29.10	0.269	0.272	-0.066	-0.034	0.060	0.003	
29.15	0.266	0.275	-0.069	-0.013	0.061	-0.005	
29.20	0.262	0.278	-0.068	0.025	0.061	-0.037	
29.25	0.259	0.282	-0.066	0.066	0.058	-0.090	
29.30	0.255	0.284	-0.062	0.107	0.051	-0.119	
29.35	0.252	0.287	-0.054	0.123	0.045	-0.126	
29.40	0.250	0.289	-0.048	0.113	0.039	-0.147	
29.45	0.248	0.291	-0.043	0.107	0.031	-0.173	
29.50	0.246	0.292	-0.037	0.110	0.021	-0.181	
29.55	0.244	0.293	-0.037	0.190	0.012	-0.180	
29.60	0.241	0.293	-0.018	0.267	0.003	-0.179	
29.65	0.243	0.293	-0.005	0.255	-0.006	-0.179	
29.70	0.241	0.292	0.007	0.237	-0.016	-0.164	
29.75	0.244	0.291	0.017	0.234	-0.022	-0.142	
29.80	0.242	0.290	0.029	0.247	-0.029	-0.130	
29.85	0.246	0.288	0.047	0.170	-0.036	-0.116	
29.90	0.248	0.287	0.046	0.094	-0.041	-0.099	
29.95	0.250	0.284	0.051	0.108	-0.046	-0.076	
30.00	0.253	0.282	0.058	0.115	-0.049	-0.051	
30.05	0.256	0.279	0.065	0.092	-0.050	-0.036	
30.10	0.260	0.277	0.068	0.049	-0.052	-0.030	
30.15	0.263	0.274	0.069	0.015	-0.054	-0.011	
30.20	0.267	0.271	0.070	-0.026	-0.054	0.024	
30.25	0.270	0.269	0.067	-0.071	-0.051	0.056	
30.30	0.273	0.266	0.062	-0.106	-0.048	0.076	
30.35	0.277	0.264	0.056	-0.133	-0.043	0.085	
30.40	0.279	0.262	0.048	-0.138	-0.039	0.089	
30.45	0.281	0.260	0.042	-0.145	-0.035	0.115	
30.50	0.283	0.258	0.035	-0.173	-0.028	0.153	
30.55	0.285	0.257	0.025	-0.201	-0.018	0.161	
30.60	0.286	0.257	0.013	-0.206	-0.011	0.150	
30.65	0.286	0.256	0.004	-0.196	-0.004	0.152	
30.70	0.286	0.256	-0.006	-0.192	0.004	0.165	
30.75	0.286	0.257	-0.016	-0.180	0.012	0.173	
30.80	0.285	0.257	-0.024	-0.165	0.022	0.166	
30.85	0.283	0.259	-0.032	-0.155	0.030	0.140	
30.90	0.281	0.260	-0.039	-0.147	0.036	0.113	
30.95	0.279	0.262	-0.047	-0.140	0.041	0.093	
31.00	0.277	0.264	-0.054	-0.117	0.045	0.079	
31.05	0.274	0.267	-0.060	-0.074	0.049	0.063	
31.10	0.270	0.269	-0.061	-0.033	0.051	0.043	
31.15	0.268	0.272	-0.061	-0.016	0.053	0.025	
31.20	0.264	0.275	-0.063	0.009	0.054	0.001	
31.25	0.261	0.277	-0.062	0.054	0.053	-0.027	
31.30	0.258	0.280	-0.057	0.086	0.052	-0.061	
31.35	0.255	0.283	-0.053	0.105	0.047	-0.095	
31.40	0.253	0.285	-0.047	0.122	0.041	-0.107	
31.45	0.251	0.287	-0.039	0.116	0.036	-0.118	
31.50	0.249	0.289	-0.035	0.108	0.030	-0.143	
31.55	0.247	0.290	-0.030	0.135	0.022	-0.156	
31.60	0.246	0.291	-0.025	0.225	0.014	-0.168	
31.65	0.244	0.291	-0.006	0.275	0.005	-0.178	
31.70	0.246	0.291	0.011	0.172	-0.004	-0.169	
31.75	0.246	0.291	0.010	0.086	-0.013	-0.149	
31.80	0.247	0.290	0.010	0.167	-0.019	-0.134	
31.85	0.246	0.289	0.027	0.255	-0.025	-0.133	
31.90	0.249	0.287	0.045	0.184	-0.033	-0.121	
31.95	0.251	0.286	0.045	0.101	-0.038	-0.092	
32.00	0.253	0.283	0.051	0.077	-0.042	-0.074	
32.05	0.256	0.281	0.054	0.046	-0.045	-0.066	
32.10	0.259	0.279	0.056	0.018	-0.049	-0.049	
32.15	0.262	0.276	0.055	-0.000	-0.050	-0.022	
32.20	0.264	0.274	0.054	0.002	-0.050	-0.002	
32.25	0.267	0.271	0.056	-0.006	-0.051	0.019	
32.30	0.270	0.269	0.055	-0.041	-0.049	0.053	
32.35	0.273	0.266	0.052	-0.085	-0.044	0.072	
32.40	0.275	0.264	0.046	-0.118	-0.042	0.083	
32.45	0.278	0.262	0.039	-0.134	-0.037	0.107	
32.50	0.279	0.261	0.032	-0.144	-0.031	0.127	
32.55	0.281	0.259	0.025	-0.154	-0.024	0.146	
32.60	0.282	0.258	0.017	-0.164	-0.015	0.150	
32.65	0.283	0.258	0.009	-0.167	-0.009	0.151	
32.70	0.283	0.257	0.000	-0.162	-0.001	0.162	
32.75	0.283	0.257	-0.008	-0.150	0.008	0.158	
32.80	0.282	0.258	-0.015	-0.136	0.015	0.147	
32.85	0.281	0.259	-0.021	-0.132	0.022	0.140	
32.90	0.280	0.260	-0.028	-0.133	0.029	0.140	
32.95	0.278	0.262	-0.035	-0.121	0.037	0.129	
33.00	0.276	0.264	-0.040	-0.097	0.043	0.093	
33.05	0.274	0.266	-0.044	-0.078	0.045	0.065	
33.10	0.272	0.268	-0.048	-0.063	0.049	0.044	
33.15	0.269	0.271	-0.051	-0.045	0.050	0.015	
33.20	0.267	0.274	-0.053	-0.017	0.050	-0.006	
33.25	0.264	0.276	-0.053	0.021	0.049	-0.021	
33.30	0.261	0.279	-0.051	0.055	0.048	-0.040	
33.35	0.259	0.281	-0.046	0.060	0.046	-0.072	
33.40	0.257	0.283	-0.044	0.062	0.041	-0.105	
33.45	0.255	0.285	-0.042	0.089	0.035	-0.120	
33.50	0.252	0.287	-0.036	0.129	0.029	-0.131	
33.55	0.251	0.288	-0.028	0.153	0.022	-0.143	
33.60	0.250	0.289	-0.020	0.149	0.014	-0.151	
33.65	0.249	0.289	-0.012	0.137	0.007	-0.158	
33.70	0.249	0.290	-0.006	0.133	-0.001	-0.168	
33.75	0.248	0.289	0.000	0.140	-0.011	-0.158	
33.80	0.249	0.288	0.008	0.142	-0.019	-0.118	
33.85	0.249	0.287	0.014	0.145	-0.023	-0.081	
33.90	0.250	0.286	0.022	0.148	-0.025	-0.081	
33.95	0.251	0.285	0.030	0.138	-0.030	-0.100	
34.00	0.253	0.283	0.036	0.122	-0.037	-0.086	
34.05	0.255	0.281	0.042	0.104	-0.039	-0.061	
34.10	0.257	0.279	0.047	0.075	-0.042	-0.042	
34.15	0.260	0.277	0.050	0.046	-0.044	-0.008	
34.20	0.262	0.275	0.052	0.015	-0.042	0.006	
34.25	0.265	0.273	0.051	-0.014	-0.043	0.015	
34.30	0.267	0.270	0.050	-0.029	-0.042	0.039	
34.35	0.270	0.269	0.048	-0.041	-0.038	0.045	
34.40	0.272	0.267	0.046	-0.060	-0.037	0.052	
34.45	0.275	0.265	0.043	-0.095	-0.034	0.083	
34.50	0.277	0.263	0.037	-0.133	-0.029	0.116	
34.55	0.278	0.262	0.028	-0.147	-0.022	0.127	
34.60	0.279	0.261	0.021	-0.141	-0.016	0.129	
34.65	0.280	0.260	0.015	-0.141	-0.008	0.123	
34.70	0.281	0.260	0.007	-0.145	-0.003	0.108	
34.75	0.281	0.260	0.000	-0.145	0.001	0.121	
34.80	0.281	0.260	-0.007	-0.147	0.009	0.142	
34.85	0.280	0.261	-0.015	-0.141	0.017	0.130	
34.90	0.279	0.262	-0.022	-0.128	0.022	0.106	
34.95	0.278	0.263	-0.028	-0.113	0.027	0.095	
35.00	0.277	0.265	-0.033	-0.096	0.032	0.075	
35.05	0.275	0.267	-0.037	-0.079	0.034	0.052	
35.10	0.273	0.268	-0.040	-0.073	0.036	0.045	
35.15	0.271	0.270	-0.045	-0.061	0.039	0.038	
35.20	0.268	0.272	-0.047	-0.033	0.041	0.025	
35.25	0.266	0.274	-0.048	-0.009	0.041	0.010	
35.30	0.263	0.276	-0.048	0.017	0.042	-0.014	
35.35	0.261	0.279	-0.046	0.038	0.041	-0.054	
35.40	0.259	0.280	-0.044	0.046	0.036	-0.086	
35.45	0.257	0.282	-0.042	0.066	0.031	-0.096	
35.50	0.255	0.283	-0.039	0.110	0.027	-0.106	
35.55	0.253	0.285	-0.031	0.147	0.021	-0.114	
35.60	0.251	0.286	-0.022	0.148	0.015	-0.118	
35.65	0.251	0.286	-0.015	0.138	0.009	-0.120	
35.70	0.250	0.286	-0.009	0.140	0.003	-0.113	
35.75	0.250	0.287	-0.001	0.140	-0.002	-0.117	
35.80	0.250	0.286	0.005	0.135	-0.009	-0.118	
35.85	0.250	0.286	0.012	0.142	-0.015	-0.099	
35.90	0.251	0.285	0.020	0.138	-0.019	-0.085	
35.95	0.252	0.284	0.026	0.113	-0.023	-0.080	
36.00	0.254	0.283	0.031	0.085	-0.027	-0.072	
36.05	0.255	0.281	0.034	0.075	-0.030	-0.056	
36.10	0.257	0.280	0.038	0.080	-0.033	-0.038	
36.15	0.259	0.278	0.043	0.065	-0.034	-0.015	
36.20	0.261	0.276	0.045	0.040	-0.034	-0.002	
36.25	0.264	0.274	0.047	0.012	-0.034	-0.002	
36.30	0.266	0.273	0.047	-0.023	-0.034	0.003	
36.35	0.268	0.271	0.044	-0.045	-0.034	0.008	
36.40	0.270	0.269	0.042	-0.063	-0.034	0.031	
36.45	0.273	0.267	0.038	-0.093	-0.031	0.066	
36.50	0.274	0.266	0.032	-0.114	-0.026	0.075	
36.55	0.276	0.265	0.026	-0.118	-0.023	0.075	
36.60	0.277	0.264	0.020	-0.110	-0.020	0.093	
36.65	0.278	0.263	0.016	-0.116	-0.014	0.109	
36.70	0.279	0.262	0.009	-0.137	-0.008	0.116	
36.75	0.279	0.262	0.001	-0.143	-0.002	0.115	
36.80	0.279	0.262	-0.005	-0.137	0.004	0.104	
36.85	0.278	0.263	-0.012	-0.133	0.008	0.103	
36.90	0.277	0.263	-0.019	-0.118	0.013	0.114	
36.95	0.276	0.264	-0.024	-0.101	0.021	0.100	
37.00	0.275	0.265	-0.029	-0.087	0.024	0.079	
37.05	0.273	0.266	-0.033	-0.066	0.028	0.074	
37.10	0.272	0.268	-0.036	-0.045	0.032	0.052	
37.15	0.270	0.269	-0.037	-0.032	0.032	0.039	
37.20	0.268	0.271	-0.038	-0.027	0.035	0.033	
37.25	0.266	0.273	-0.040	-0.014	0.037	0.012	
37.30	0.264	0.275	-0.041	0.016	0.036	-0.006	
37.35	0.262	0.277	-0.038	0.025	0.036	-0.021	
37.40	0.260	0.278	-0.036	-0.001	0.035	-0.044	
37.45	0.258	0.280	-0.038	-0.013	0.031	-0.062	
37.50	0.257	0.281	-0.044	0.084	0.028	-0.071	
37.55	0.253	0.283	-0.035	0.256	0.025	-0.089	
37.60	0.252	0.284	-0.009	0.259	0.020	-0.114	
37.65	0.253	0.285	-0.000	0.106	0.012	-0.125	
37.70	0.253	0.285	-0.004	0.037	0.006	-0.118	
37.75	0.252	0.286	-0.002	0.065	0.001	-0.117	
37.80	0.252	0.285	0.004	0.089	-0.005	-0.123	
37.85	0.253	0.285	0.008	0.096	-0.011	-0.126	
37.90	0.253	0.284	0.013	0.105	-0.019	-0.107	
37.95	0.254	0.283	0.019	0.110	-0.023	-0.063	
38.00	0.255	0.282	0.025	0.097	-0.024	-0.044	
38.05	0.257	0.281	0.029	0.068	-0.026	-0.050	
38.10	0.258	0.279	0.031	0.049	-0.030	-0.041	
38.15	0.260	0.278	0.033	0.047	-0.031	-0.016	
38.20	0.262	0.276	0.036	0.035	-0.031	0.002	
38.25	0.264	0.275	0.037	0.014	-0.030	0.005	
38.30	0.265	0.273	0.038	-0.005	-0.031	0.018	
38.35	0.267	0.271	0.037	-0.026	-0.029	0.043	
38.40	0.269	0.270	0.035	-0.048	-0.025	0.045	
38.45	0.271	0.269	0.032	-0.060	-0.024	0.028	
38.50	0.272	0.268	0.029	-0.069	-0.024	0.038	
38.55	0.274	0.266	0.026	-0.092	-0.022	0.079	
38.60	0.275	0.265	0.019	-0.109	-0.015	0.102	
38.65	0.276	0.265	0.014	-0.110	-0.010	0.099	
38.70	0.276	0.264	0.009	-0.113	-0.005	0.092	
38.75	0.277	0.264	0.003	-0.122	-0.001	0.082	
38.80	0.277	0.264	-0.003	-0.135	0.002	0.082	
38.85	0.276	0.265	-0.012	-0.120	0.007	0.089	
38.90	0.275	0.265	-0.017	-0.078	0.012	0.088	
38.95	0.275	0.266	-0.018	-0.056	0.016	0.077	
39.00	0.274	0.267	-0.021	-0.059	0.019	0.065	
39.05	0.273	0.268	-0.025	-0.055	0.023	0.052	
39.10	0.271	0.269	-0.027	-0.047	0.025	0.032	
39.15	0.270	0.270	-0.029	-0.051	0.025	0.027	
39.20	0.268	0.271	-0.032	-0.050	0.028	0.020	
39.25	0.267	0.273	-0.035	-0.023	0.028	0.002	
39.30	0.265	0.274	-0.036	0.022	0.027	0.004	
39.35	0.263	0.276	-0.032	0.054	0.029	-0.004	
39.40	0.261	0.277	-0.028	0.045	0.028	-0.046	
39.45	0.260	0.279	-0.027	0.030	0.023	-0.066	
39.50	0.259	0.280	-0.027	0.047	0.021	-0.071	
39.55	0.257	0.281	-0.023	0.068	0.017	-0.084	
39.60	0.256	0.281	-0.019	0.076	0.012	-0.079	
39.65	0.255	0.282	-0.016	0.093	0.008	-0.071	
39.70	0.255	0.282	-0.010	0.112	0.005	-0.074	
39.75	0.254	0.282	-0.004	0.117	0.002	-0.090	
39.80	0.254	0.282	0.002	0.116	-0.004	-0.097	
39.85	0.255	0.282	0.008	0.115	-0.009	-0.078	
39.90	0.255	0.281	0.014	0.100	-0.012	-0.060	
39.95	0.256	0.281	0.018	0.074	-0.015	-0.048	
40.00	0.257	0.280	0.021	0.056	-0.016	-0.045	
40.05	0.258	0.279	0.024	0.044	-0.020	-0.036	
40.10	0.259	0.278	0.025	0.036	-0.021	-0.015	
40.15	0.261	0.277	0.026	0.039	-0.020	-0.010	
40.20	0.262	0.276	0.029	0.046	-0.021	-0.018	
40.25	0.263	0.275	0.033	0.021	-0.023	-0.010	
40.30	0.265	0.274	0.032	-0.022	-0.023	0.011	
40.35	0.267	0.273	0.029	-0.035	-0.021	0.021	
40.40	0.268	0.271	0.028	-0.043	-0.020	0.017	
40.45	0.270	0.271	0.025	-0.060	-0.020	0.029	
40.50	0.271	0.269	0.022	-0.071	-0.018	0.055	
40.55	0.272	0.269	0.018	-0.073	-0.014	0.058	
40.60	0.273	0.268	0.014	-0.066	-0.012	0.052	
40.65	0.273	0.268	0.012	-0.068	-0.009	0.060	
40.70	0.274	0.267	0.008	-0.081	-0.006	0.065	
40.75	0.274	0.267	0.003	-0.095	-0.002	0.059	
40.80	0.274	0.267	-0.002	-0.103	0.000	0.056	
40.85	0.274	0.267	-0.007	-0.102	0.003	0.060	
40.90	0.273	0.267	-0.013	-0.087	0.005	0.075	
40.95	0.273	0.267	-0.016	-0.061	0.011	0.079	
41.00	0.272	0.268	-0.018	-0.044	0.015	0.054	
41.05	0.271	0.269	-0.020	-0.043	0.016	0.041	
41.10	0.270	0.270	-0.023	-0.045	0.018	0.040	
41.15	0.268	0.271	-0.026	-0.026	0.021	0.023	
41.20	0.267	0.272	-0.025	-0.001	0.020	0.015	
41.25	0.266	0.273	-0.025	0.004	0.022	0.014	
41.30	0.265	0.274	-0.024	0.000	0.022	0.003	
41.35	0.263	0.275	-0.025	0.006	0.022	-0.008	
41.40	0.262	0.276	-0.025	0.029	0.022	-0.024	
41.45	0.261	0.277	-0.022	0.053	0.019	-0.035	
41.50	0.260	0.278	-0.019	0.073	0.018	-0.046	
41.55	0.259	0.279	-0.014	0.079	0.015	-0.061	
41.60	0.258	0.280	-0.010	0.064	0.012	-0.071	
41.65	0.258	0.280	-0.009	0.061	0.008	-0.073	
41.70	0.257	0.281	-0.005	0.074	0.004	-0.073	
41.75	0.257	0.281	-0.001	0.076	0.000	-0.075	
41.80	0.257	0.281	0.003	0.078	-0.003	-0.071	
41.85	0.258	0.281	0.007	0.072	-0.007	-0.066	
41.90	0.258	0.280	0.010	0.059	-0.010	-0.061	
41.95	0.259	0.280	0.013	0.056	-0.013	-0.055	
42.00	0.259	0.279	0.016	0.048	-0.016	-0.040	
42.05	0.260	0.278	0.018	0.036	-0.017	-0.012	
42.10	0.261	0.277	0.020	0.025	-0.016	-0.001	
42.15	0.262	0.276	0.020	0.012	-0.016	-0.010	
42.20	0.263	0.275	0.020	0.008	-0.018	-0.008	
42.25	0.264	0.274	0.022	-0.007	-0.018	0.008	
42.30	0.266	0.273	0.020	-0.029	-0.017	0.021	
42.35	0.266	0.273	0.017	-0.021	-0.015	0.019	
42.40	0.267	0.272	0.017	-0.005	-0.016	0.022	
42.45	0.268	0.271	0.018	-0.012	-0.013	0.033	
42.50	0.269	0.271	0.017	-0.042	-0.011	0.023	
42.55	0.270	0.270	0.014	-0.067	-0.012	0.026	
42.60	0.270	0.269	0.009	-0.070	-0.010	0.051	
42.65	0.271	0.269	0.006	-0.068	-0.006	0.060	
42.70	0.271	0.269	0.003	-0.070	-0.003	0.058	
42.75	0.271	0.269	-0.001	-0.067	0.000	0.050	
42.80	0.271	0.269	-0.004	-0.062	0.001	0.049	
42.85	0.271	0.269	-0.007	-0.060	0.005	0.056	
42.90	0.270	0.269	-0.010	-0.053	0.008	0.048	
42.95	0.270	0.270	-0.012	-0.046	0.009	0.042	
43.00	0.269	0.270	-0.015	-0.036	0.012	0.033	
43.05	0.268	0.271	-0.016	-0.026	0.013	0.023	
43.10	0.268	0.271	-0.017	-0.019	0.014	0.022	
43.15	0.267	0.272	-0.018	-0.008	0.016	0.009	
43.20	0.266	0.273	-0.018	-0.002	0.015	-0.001	
43.25	0.265	0.274	-0.018	-0.005	0.015	-0.004	
43.30	0.264	0.275	-0.018	-0.002	0.015	-0.012	
43.35	0.263	0.275	-0.018	0.009	0.013	-0.010	
43.40	0.262	0.276	-0.017	0.011	0.014	-0.007	
43.45	0.261	0.277	-0.016	0.006	0.014	-0.026	
43.50	0.261	0.277	-0.017	0.012	0.011	-0.041	
43.55	0.260	0.278	-0.020	0.099	0.009	-0.042	
43.60	0.257	0.278	-0.006	0.174	0.007	-0.044	
43.65	0.259	0.278	0.006	0.094	0.005	-0.050	
43.70	0.259	0.279	0.002	0.022	0.002	-0.054	
43.75	0.259	0.279	0.004	0.022	-0.001	-0.048	
43.80	0.259	0.279	0.005	0.023	-0.003	-0.042	
43.85	0.260	0.278	0.006	0.021	-0.005	-0.041	
43.90	0.260	0.278	0.007	0.009	-0.007	-0.052	
43.95	0.260	0.278	0.008	-0.002	-0.011	-0.049	
44.00	0.261	0.277	0.007	-0.005	-0.013	-0.022	
44.05	0.261	0.276	0.003	0.067	-0.013	0.004	
44.10	0.260	0.276	0.014	0.133	-0.012	0.016	
44.15	0.263	0.275	0.024	0.054	-0.010	0.006	
44.20	0.264	0.275	0.019	-0.027	-0.011	-0.001	
44.25	0.264	0.274	0.017	-0.027	-0.012	0.013	
44.30	0.265	0.273	0.016	-0.023	-0.009	0.013	
44.35	0.266	0.273	0.015	-0.025	-0.010	0.005	
44.40	0.267	0.272	0.014	-0.031	-0.010	0.020	
44.45	0.267	0.272	0.012	-0.036	-0.007	0.024	
44.50	0.268	0.272	0.010	-0.041	-0.007	0.026	
44.55	0.268	0.271	0.008	-0.051	-0.006	0.040	
44.60	0.269	0.271	0.005	-0.057	-0.002	0.031	
44.65	0.269	0.271	0.002	-0.053	-0.002	0.016	
44.70	0.269	0.271	-0.001	-0.040	-0.002	0.027	
44.75	0.269	0.271	-0.002	-0.031	-0.000	0.050	
44.80	0.269	0.271	-0.003	-0.038	0.005	0.045	
44.85	0.269	0.271	-0.006	-0.039	0.006	0.015	
44.90	0.268	0.271	-0.008	-0.027	0.005	0.009	
44.95	0.268	0.272	-0.008	-0.024	0.006	0.021	
45.00	0.267	0.272	-0.010	-0.026	0.007	0.027	
45.05	0.267	0.273	-0.011	-0.018	0.010	0.009	
45.10	0.266	0.273	-0.011	-0.015	0.008	-0.004	
45.15	0.266	0.273	-0.013	-0.007	0.008	0.005	
45.20	0.265	0.274	-0.013	0.013	0.009	0.003	
45.25	0.264	0.274	-0.011	0.023	0.009	-0.007	
45.30	0.264	0.275	-0.010	0.022	0.008	-0.011	
45.35	0.263	0.275	-0.009	0.019	0.007	-0.004	
45.40	0.263	0.275	-0.008	0.009	0.008	-0.002	
45.45	0.263	0.276	-0.008	0.008	0.008	-0.025	
45.50	0.262	0.276	-0.008	0.025	0.005	-0.036	
45.55	0.262	0.276	-0.006	0.046	0.003	-0.022	
45.60	0.261	0.276	-0.002	0.054	0.004	-0.022	
45.65	0.262	0.277	0.000	0.050	0.002	-0.035	
45.70	0.261	0.277	0.002	0.048	-0.001	-0.033	
45.75	0.262	0.277	0.005	0.032	-0.002	-0.027	
45.80	0.262	0.276	0.006	0.010	-0.003	-0.021	
45.85	0.262	0.276	0.007	-0.011	-0.004	-0.014	
45.90	0.263	0.276	0.004	-0.019	-0.004	-0.014	
45.95	0.263	0.276	0.003	0.010	-0.005	-0.019	
46.00	0.263	0.275	0.006	0.031	-0.007	-0.009	
46.05	0.263	0.275	0.007	0.030	-0.006	-0.001	
46.10	0.264	0.275	0.009	0.024	-0.007	-0.001	
46.15	0.264	0.274	0.010	0.011	-0.007	0.005	
46.20	0.265	0.274	0.010	-0.005	-0.006	0.012	
46.25	0.265	0.274	0.009	-0.016	-0.005	0.014	
46.30	0.265	0.274	0.008	-0.024	-0.004	0.001	
46.35	0.266	0.274	0.006	-0.030	-0.006	0.006	
46.40	0.266	0.273	0.004	-0.025	-0.004	0.029	
46.45	0.266	0.273	0.004	-0.016	-0.002	0.025	
46.50	0.267	0.273	0.004	-0.024	-0.002	0.013	
46.55	0.267	0.273	0.002	-0.037	-0.001	0.013	
46.60	0.267	0.273	-0.001	-0.035	-0.000	0.014	
46.65	0.267	0.273	-0.002	-0.030	0.000	0.015	
46.70	0.267	0.273	-0.004	-0.029	0.001	0.015	
46.75	0.266	0.273	-0.005	-0.024	0.002	0.013	
46.80	0.266	0.273	-0.006	-0.012	0.002	0.016	
46.85	0.266	0.273	-0.006	0.003	0.004	0.009	
46.90	0.265	0.273	-0.006	0.008	0.003	0.002	
46.95	0.265	0.274	-0.005	0.006	0.003	0.010	
47.00	0.265	0.274	-0.005	0.005	0.005	0.014	
47.05	0.265	0.274	-0.005	0.006	0.006	-0.001	
47.10	0.264	0.274	-0.004	0.003	0.004	-0.011	
47.15	0.264	0.274	-0.005	0.002	0.004	-0.016	
47.20	0.264	0.275	-0.004	0.007	0.002	-0.015	
47.25	0.264	0.275	-0.003	0.003	0.002	-0.005	
47.30	0.264	0.275	-0.004	0.002	0.003	-0.006	
47.35	0.263	0.275	-0.004	0.019	0.002	-0.010	
47.40	0.263	0.275	-0.002	0.030	0.001	-0.007	
47.45	0.263	0.275	-0.000	0.029	0.002	-0.013	
47.50	0.263	0.275	0.001	0.027	0.000	-0.023	
47.55	0.263	0.275	0.003	0.021	-0.002	-0.012	
47.60	0.263	0.275	0.003	0.009	-0.001	-0.006	
47.65	0.263	0.275	0.003	0.009	-0.002	-0.011	
47.70	0.264	0.275	0.004	0.007	-0.002	-0.012	
47.75	0.264	0.275	0.004	0.002	-0.004	-0.003	
47.80	0.264	0.274	0.004	0.005	-0.002	0.005	
47.85	0.264	0.275	0.004	0.002	-0.002	-0.002	
47.90	0.264	0.274	0.004	-0.002	-0.003	-0.002	
47.95	0.265	0.274	0.004	-0.009	-0.003	0.006	
48.00	0.265	0.274	0.003	-0.018	-0.002	0.010	
48.05	0.265	0.274	0.002	-0.016	-0.002	0.010	
48.10	0.265	0.274	0.002	-0.010	-0.001	0.013	
48.15	0.265	0.274	0.001	0.001	-0.000	0.015	
48.20	0.265	0.274	0.002	0.007	0.000	0.015	
48.25	0.265	0.274	0.002	-0.004	0.001	0.013	
48.30	0.265	0.274	0.002	-0.020	0.002	0.008	
48.35	0.265	0.274	0.000	-0.026	0.002	0.003	
48.40	0.265	0.274	-0.002	-0.021	0.002	-0.008	
48.45	0.265	0.274	-0.003	-0.009	0.001	-0.018	
48.50	0.265	0.274	-0.002	-0.002	-0.001	-0.006	
48.55	0.265	0.274	-0.002	-0.007	-0.000	0.019	
48.60	0.265	0.274	-0.003	-0.007	0.003	0.022	
48.65	0.265	0.275	-0.003	-0.001	0.004	-0.010	
48.70	0.265	0.275	-0.003	0.003	0.000	-0.025	
48.75	0.264	0.274	-0.002	0.002	-0.000	-0.010	
48.80	0.264	0.275	-0.003	0.001	-0.000	0.000	
48.85	0.264	0.274	-0.003	0.010	-0.000	0.012	
48.90	0.264	0.275	-0.002	0.016	0.002	0.005	
48.95	0.264	0.275	-0.001	0.019	0.002	-0.022	
49.00	0.264	0.275	0.000	0.012	-0.002	-0.025	
49.05	0.264	0.274	0.000	0.007	-0.002	-0.002	
49.10	0.264	0.275	0.000	0.022	-0.001	0.005	
49.15	0.264	0.274	0.003	0.028	-0.001	-0.006	
49.20	0.264	0.275	0.004	0.013	-0.002	-0.012	
49.25	0.264	0.274	0.004	-0.002	-0.003	0.002	
49.30	0.265	0.274	0.003	-0.009	-0.001	0.011	
49.35	0.265	0.274	0.003	-0.016	-0.001	0.007	
49.40	0.265	0.274	0.002	-0.022	-0.001	0.003	
49.45	0.265	0.274	0.000	-0.022	-0.001	0.003	
49.50	0.265	0.274	-0.000	-0.025	-0.001	0.012	
49.55	0.265	0.274	-0.003	-0.010	0.001	0.010	
49.60	0.264	0.274	-0.002	0.020	0.000	0.005	
49.65	0.265	0.274	0.001	0.017	0.000	0.008	
49.70	0.265	0.274	0.000	-0.001	0.001	0.007	
49.75	0.265	0.274	0.000	-0.008	0.002	0.001	
49.80	0.265	0.274	-0.000	-0.012	0.001	-0.004	
49.85	0.265	0.274	-0.001	-0.012	0.001	-0.003	
49.90	0.265	0.274	-0.002	-0.008	0.001	-0.003	
49.95	0.265	0.275	-0.002	-0.005	0.001	-0.008	
50.00	0.264	0.274	-0.003	0.003	-0.000	0.000	
50.05	0.264	0.274	-0.002	0.011	0.001	0.013	
50.10	0.264	0.274	-0.001	0.008	0.002	0.003	
50.15	0.264	0.275	-0.001	0.005	0.002	-0.020	
50.20	0.264	0.275	-0.000	0.003	-0.001	-0.019	
50.25	0.264	0.274	-0.000	-0.003	-0.001	0.002	
50.30	0.264	0.274	-0.001	-0.003	0.000	0.002	
50.35	0.264	0.275	-0.001	-0.001	-0.001	-0.001	
50.40	0.264	0.274	-0.001	0.002	-0.000	-0.001	
50.45	0.264	0.275	-0.001	0.013	-0.000	-0.005	
50.50	0.264	0.274	0.001	0.015	-0.001	-0.001	
50.55	0.264	0.274	0.001	0.013	-0.001	0.009	
50.60	0.264	0.274	0.002	0.015	0.000	0.012	
50.65	0.264	0.274	0.003	0.008	0.001	-0.007	
50.70	0.264	0.274	0.002	0.003	-0.001	-0.017	
50.75	0.264	0.274	0.003	-0.002	-0.002	-0.001	
50.80	0.265	0.274	0.003	-0.013	-0.001	0.010	
50.85	0.265	0.274	0.001	-0.009	-0.000	0.007	
50.90	0.265	0.274	0.001	0.004	0.000	0.004	
50.95	0.265	0.274	0.002	-0.002	0.000	0.002	
51.00	0.265	0.274	0.002	-0.026	0.000	0.000	
51.05	0.265	0.274	-0.001	-0.034	0.001	-0.008	
51.10	0.265	0.274	-0.003	-0.013	-0.001	-0.008	
51.15	0.265	0.274	-0.002	0.004	-0.001	0.005	
51.20	0.265	0.274	-0.001	-0.003	-0.000	0.013	
51.25	0.265	0.274	-0.003	-0.010	0.001	0.009	
51.30	0.264	0.274	-0.003	-0.013	0.001	0.005	
51.35	0.264	0.274	-0.003	-0.023	0.001	0.001	
51.40	0.264	0.274	-0.005	-0.027	0.001	-0.009	
51.45	0.264	0.274	-0.011	0.047	0.000	-0.015	
51.50	0.262	0.274	-0.000	0.120	-0.001	-0.013	
51.55	0.264	0.274	0.010	0.050	-0.002	0.004	
51.60	0.264	0.274	0.004	-0.016	-0.001	0.026	
51.65	0.264	0.274	0.004	-0.014	0.003	0.014	
51.70	0.264	0.275	0.003	-0.012	0.002	-0.010	
51.75	0.264	0.274	0.003	-0.014	-0.000	-0.009	
51.80	0.265	0.274	0.002	-0.018	0.001	-0.007	
51.85	0.265	0.274	0.001	-0.012	-0.000	-0.011	
51.90	0.265	0.274	0.000	-0.003	-0.001	-0.004	
51.95	0.265	0.274	0.001	-0.004	-0.001	0.007	
52.00	0.265	0.274	0.000	-0.005	0.000	0.003	
52.05	0.265	0.274	-0.000	0.005	-0.000	-0.009	
52.10	0.265	0.274	0.001	0.010	-0.001	-0.008	
52.15	0.265	0.274	0.001	0.002	-0.001	0.003	
52.20	0.265	0.274	0.001	-0.000	-0.001	0.013	
52.25	0.265	0.274	0.001	-0.004	0.001	0.007	
52.30	0.265	0.274	0.001	-0.015	0.001	-0.013	
52.35	0.265	0.274	-0.001	-0.013	-0.001	-0.016	
52.40	0.265	0.274	-0.001	-0.000	-0.003	0.009	
52.45	0.265	0.274	-0.000	0.006	-0.000	0.028	
52.50	0.265	0.274	-0.000	0.001	0.002	0.007	
52.55	0.265	0.274	-0.000	-0.006	0.000	-0.010	
52.60	0.265	0.274	-0.001	-0.011	-0.001	0.009	
52.65	0.265	0.274	-0.002	-0.004	0.002	0.024	
52.70	0.264	0.274	-0.001	0.008	0.004	0.000	
52.75	0.265	0.275	0.000	-0.001	0.001	-0.020	
52.80	0.265	0.274	-0.001	-0.008	-0.000	-0.007	
52.85	0.264	0.274	-0.002	0.008	0.001	-0.005	
52.90	0.264	0.275	-0.001	0.028	-0.000	-0.005	
52.95	0.264	0.274	0.002	0.023	0.000	0.004	
53.00	0.265	0.275	0.002	0.000	0.001	-0.001	
53.05	0.265	0.274	0.001	-0.006	0.000	-0.008	
53.10	0.265	0.275	0.001	0.006	-0.000	-0.011	
53.15	0.265	0.274	0.002	0.005	-0.001	-0.009	
53.20	0.265	0.274	0.002	-0.007	-0.001	-0.006	
53.25	0.265	0.274	0.001	-0.019	-0.002	0.003	
53.30	0.265	0.274	0.000	-0.032	-0.001	0.016	
53.35	0.265	0.274	-0.003	-0.020	0.001	0.002	
53.40	0.265	0.274	-0.003	0.010	-0.001	-0.013	
53.45	0.265	0.274	-0.001	0.017	-0.001	-0.008	
53.50	0.265	0.274	-0.000	0.006	-0.002	-0.000	
53.55	0.265	0.274	0.000	-0.011	-0.001	0.009	
53.60	0.265	0.274	-0.002	-0.011	-0.000	0.013	
53.65	0.264	0.274	-0.002	0.010	-0.000	0.018	
53.70	0.264	0.274	0.000	0.010	0.002	0.013	
53.75	0.264	0.274	-0.000	-0.004	0.002	-0.004	
53.80	0.264	0.274	-0.001	-0.006	0.001	-0.007	
53.85	0.264	0.274	-0.001	-0.000	0.001	-0.006	
53.90	0.264	0.274	-0.001	0.002	-0.000	0.004	
53.95	0.264	0.274	-0.001	0.004	0.001	0.018	
54.00	0.264	0.274	-0.001	0.015	0.003	0.005	
54.05	0.264	0.275	0.001	0.015	0.002	-0.015	
54.10	0.264	0.274	0.001	0.006	-0.000	-0.009	
54.15	0.264	0.274	0.001	0.004	0.001	-0.002	
54.20	0.264	0.275	0.002	0.002	0.000	-0.004	
54.25	0.264	0.274	0.002	-0.013	0.000	-0.005	
54.30	0.265	0.275	0.000	-0.022	0.000	-0.011	
54.35	0.264	0.275	-0.002	-0.006	-0.002	-0.005	
54.40	0.264	0.274	-0.000	0.008	-0.001	0.011	
54.45	0.264	0.274	0.000	0.002	0.001	-0.001	
54.50	0.264	0.275	-0.001	0.001	-0.001	-0.016	
54.55	0.264	0.274	0.000	0.007	-0.002	-0.014	
54.60	0.264	0.274	0.001	0.004	-0.002	-0.008	
54.65	0.264	0.274	0.000	0.001	-0.003	0.011	
54.70	0.264	0.274	0.000	0.005	-0.001	0.023	
54.75	0.264	0.274	0.001	0.002	0.000	0.011	
54.80	0.265	0.274	0.001	-0.008	-0.000	0.005	
54.85	0.265	0.274	0.000	-0.012	0.001	0.003	
54.90	0.265	0.274	-0.001	-0.003	0.001	-0.008	
54.95	0.264	0.274	-0.000	0.005	-0.001	0.003	
55.00	0.265	0.274	0.001	-0.002	0.001	0.015	
55.05	0.265	0.274	-0.001	-0.005	0.001	0.009	
55.10	0.264	0.274	-0.000	-0.001	0.002	0.004	
55.15	0.265	0.274	-0.000	-0.003	0.002	-0.000	
55.20	0.264	0.274	-0.001	0.001	0.001	0.001	
55.25	0.264	0.274	-0.000	0.003	0.003	-0.013	
55.30	0.264	0.275	-0.000	-0.001	0.000	-0.026	
55.35	0.264	0.274	-0.000	-0.005	-0.002	-0.002	
55.40	0.264	0.274	-0.001	0.000	0.000	0.014	
55.45	0.264	0.275	-0.001	0.013	0.001	0.002	
55.50	0.264	0.274	0.001	0.011	0.000	-0.008	
55.55	0.264	0.275	0.001	-0.003	-0.000	-0.012	
55.60	0.264	0.274	0.000	-0.011	-0.001	-0.009	
55.65	0.264	0.274	-0.001	-0.005	-0.001	-0.008	
55.70	0.264	0.274	-0.000	0.002	-0.002	-0.002	
55.75	0.264	0.274	-0.000	0.004	-0.002	0.009	
55.80	0.264	0.274	-0.000	0.012	-0.001	0.007	
55.85	0.264	0.274	0.001	0.014	-0.000	-0.002	
55.90	0.264	0.274	0.002	-0.003	-0.001	-0.003	
55.95	0.265	0.274	0.000	-0.013	-0.001	0.006	
56.00	0.264	0.274	-0.000	-0.003	-0.000	0.010	
56.05	0.264	0.274	0.001	-0.000	0.000	0.010	
56.10	0.265	0.274	0.000	-0.009	0.000	0.012	
56.15	0.264	0.274	-0.000	-0.023	0.001	0.010	
56.20	0.265	0.274	-0.002	-0.038	0.002	0.002	
56.25	0.264	0.274	-0.004	-0.051	0.002	-0.006	
56.30	0.265	0.274	-0.011	0.000	0.001	-0.011	
56.35	0.262	0.274	-0.004	0.068	-0.000	-0.002	
56.40	0.264	0.274	-0.001	0.070	0.000	0.011	
56.45	0.262	0.274	0.002	0.069	0.002	0.003	
56.50	0.264	0.275	0.010	-0.008	0.001	-0.012	
56.55	0.264	0.274	0.002	-0.087	-0.000	-0.010	
56.60	0.264	0.274	-0.002	-0.091	0.000	-0.001	
56.65	0.264	0.274	-0.011	-0.015	0.000	-0.007	
56.70	0.262	0.275	-0.003	0.058	-0.001	-0.010	
56.75	0.264	0.274	-0.001	0.044	-0.001	-0.001	
56.80	0.262	0.274	0.001	0.031	-0.001	0.003	
56.85	0.264	0.274	0.001	0.034	-0.001	0.006	
56.90	0.262	0.274	0.002	0.066	-0.000	0.006	
56.95	0.264	0.274	0.012	0.018	0.000	-0.006	
57.00	0.264	0.274	0.005	-0.055	-0.001	-0.011	
57.05	0.264	0.274	0.002	-0.045	-0.001	-0.002	
57.10	0.264	0.274	0.001	-0.027	-0.001	0.008	
57.15	0.264	0.274	0.001	-0.037	-0.000	0.010	
57.20	0.265	0.274	-0.001	-0.084	0.001	-0.001	
57.25	0.265	0.274	-0.008	-0.109	-0.001	-0.006	
57.30	0.264	0.274	-0.018	-0.018	-0.000	-0.003	
57.35	0.262	0.274	-0.014	0.142	-0.001	0.002	
57.40	0.262	0.274	0.001	0.204	-0.000	0.009	
57.45	0.262	0.274	0.014	0.118	0.000	0.010	
57.50	0.264	0.274	0.016	-0.035	0.001	0.011	
57.55	0.264	0.274	0.005	-0.090	0.002	0.001	
57.60	0.264	0.274	0.002	-0.054	0.001	-0.008	
57.65	0.265	0.274	0.001	-0.030	0.000	-0.002	
57.70	0.264	0.274	0.000	-0.017	0.000	0.002	
57.75	0.265	0.274	-0.000	-0.013	0.001	-0.001	
57.80	0.264	0.274	-0.001	-0.007	0.001	-0.011	
57.85	0.264	0.274	-0.001	0.003	-0.001	-0.003	
57.90	0.264	0.274	-0.000	0.004	0.000	0.005	
57.95	0.264	0.274	-0.000	-0.002	0.000	-0.002	
58.00	0.264	0.274	-0.001	-0.003	0.000	-0.004	
58.05	0.264	0.274	-0.001	-0.003	-0.000	-0.007	
58.10	0.264	0.274	-0.001	-0.002	-0.001	-0.003	
58.15	0.264	0.274	-0.001	0.006	-0.001	0.002	
58.20	0.264	0.274	-0.000	0.009	-0.001	0.007	
58.25	0.264	0.274	-0.000	0.008	0.000	0.012	
58.30	0.264	0.274	0.000	0.009	0.001	0.003	
58.35	0.264	0.274	0.001	0.012	0.001	-0.013	
58.40	0.264	0.274	0.002	0.003	-0.001	-0.013	
58.45	0.264	0.274	0.001	-0.010	-0.002	0.005	
58.50	0.264	0.274	-0.000	-0.002	0.000	0.010	
58.55	0.264	0.274	0.001	0.009	0.000	-0.004	
58.60	0.264	0.274	0.001	0.008	-0.001	0.002	
58.65	0.264	0.274	0.001	0.012	0.000	0.015	
58.70	0.264	0.274	0.003	0.000	0.002	0.004	
58.75	0.265	0.274	0.002	-0.025	0.001	-0.008	
58.80	0.265	0.274	-0.000	-0.026	0.000	-0.006	
58.85	0.265	0.274	-0.001	-0.010	-0.000	-0.002	
58.90	0.265	0.274	-0.001	0.003	-0.000	0.005	
58.95	0.265	0.274	0.000	-0.001	0.001	-0.003	
59.00	0.265	0.274	-0.001	-0.007	-0.000	-0.017	
59.05	0.264	0.274	-0.002	0.005	-0.002	0.002	
59.10	0.264	0.274	0.000	0.004	0.000	0.015	
59.15	0.265	0.274	-0.001	-0.010	0.001	0.004	
59.20	0.264	0.274	-0.002	-0.005	-0.000	0.004	
59.25	0.264	0.274	-0.002	0.009	0.001	0.006	
59.30	0.264	0.274	-0.000	0.011	0.001	-0.005	
59.35	0.264	0.274	-0.000	0.008	0.000	-0.011	
59.40	0.264	0.274	0.000	0.007	-0.000	-0.011	
59.45	0.264	0.274	0.000	0.009	-0.001	-0.003	
59.50	0.264	0.274	0.001	0.007	-0.001	0.009	
59.55	0.264	0.274	0.001	-0.000	0.001	0.008	
59.60	0.264	0.274	0.001	0.001	0.000	0.000	
59.65	0.264	0.274	0.001	0.003	0.000	-0.000	
59.70	0.265	0.274	0.001	0.001	0.000	-0.000	
59.75	0.265	0.274	0.001	0.004	0.000	-0.002	
59.80	0.265	0.274	0.002	-0.000	0.000	-0.011	
59.85	0.265	0.274	0.002	-0.013	-0.001	-0.013	
59.90	0.265	0.274	0.000	-0.018	-0.002	0.006	
59.95	0.265	0.274	-0.000	-0.023	-0.001	0.025	
60.00	0.265	0.274	-0.002	-0.028	0.002	0.035	
