Vernier Format 2
run26.txt 10/10/2025 15:19:54
Run 1
Time	Position	Position	Velocity	Acceleration	Velocity	Acceleration	
T	P	P	V	A	V	A	
s	m	m	m/s	m/s^2	m/s	m/s^2	

0.00	0.264	0.279	-0.304	0.384	0.264	-0.213	
0.05	0.248	0.293	-0.285	0.394	0.255	-0.254	
0.10	0.235	0.305	-0.264	0.403	0.242	-0.316	
0.15	0.222	0.317	-0.246	0.446	0.225	-0.397	
0.20	0.210	0.328	-0.223	0.565	0.202	-0.485	
0.25	0.199	0.337	-0.194	0.757	0.175	-0.557	
0.30	0.190	0.345	-0.145	0.897	0.145	-0.606	
0.35	0.185	0.352	-0.098	0.894	0.114	-0.640	
0.40	0.180	0.357	-0.053	0.797	0.081	-0.672	
0.45	0.179	0.360	-0.008	0.522	0.047	-0.698	
0.50	0.181	0.362	-0.001	0.277	0.012	-0.724	
0.55	0.179	0.362	0.004	0.321	-0.026	-0.739	
0.60	0.181	0.359	0.024	0.521	-0.064	-0.712	
0.65	0.181	0.355	0.054	0.785	-0.098	-0.668	
0.70	0.185	0.349	0.107	0.951	-0.130	-0.630	
0.75	0.192	0.342	0.161	0.873	-0.162	-0.572	
0.80	0.202	0.333	0.198	0.690	-0.188	-0.504	
0.85	0.212	0.323	0.226	0.555	-0.212	-0.437	
0.90	0.224	0.311	0.256	0.383	-0.233	-0.347	
0.95	0.239	0.299	0.270	0.126	-0.248	-0.230	
1.00	0.252	0.286	0.264	-0.044	-0.257	-0.095	
1.05	0.265	0.273	0.260	-0.116	-0.256	0.025	
1.10	0.278	0.261	0.253	-0.192	-0.253	0.122	
1.15	0.290	0.248	0.242	-0.281	-0.245	0.235	
1.20	0.302	0.236	0.225	-0.381	-0.230	0.361	
1.25	0.313	0.225	0.203	-0.469	-0.208	0.467	
1.30	0.323	0.215	0.178	-0.536	-0.182	0.550	
1.35	0.331	0.206	0.149	-0.597	-0.153	0.623	
1.40	0.338	0.199	0.118	-0.648	-0.120	0.692	
1.45	0.343	0.194	0.084	-0.685	-0.083	0.743	
1.50	0.346	0.191	0.049	-0.714	-0.044	0.759	
1.55	0.348	0.190	0.012	-0.727	-0.006	0.758	
1.60	0.347	0.190	-0.025	-0.717	0.032	0.755	
1.65	0.345	0.193	-0.061	-0.687	0.070	0.727	
1.70	0.341	0.198	-0.094	-0.650	0.105	0.676	
1.75	0.336	0.204	-0.126	-0.606	0.138	0.615	
1.80	0.329	0.211	-0.155	-0.547	0.168	0.538	
1.85	0.320	0.221	-0.182	-0.468	0.192	0.451	
1.90	0.310	0.231	-0.203	-0.370	0.213	0.362	
1.95	0.300	0.242	-0.218	-0.278	0.228	0.268	
2.00	0.288	0.254	-0.230	-0.206	0.240	0.160	
2.05	0.277	0.266	-0.239	-0.130	0.245	0.048	
2.10	0.264	0.279	-0.244	-0.029	0.244	-0.047	
2.15	0.252	0.291	-0.242	0.070	0.241	-0.157	
2.20	0.240	0.303	-0.234	0.129	0.229	-0.284	
2.25	0.229	0.314	-0.232	0.247	0.211	-0.389	
2.30	0.216	0.324	-0.216	0.470	0.190	-0.477	
2.35	0.206	0.333	-0.182	0.645	0.162	-0.538	
2.40	0.198	0.340	-0.147	0.735	0.136	-0.594	
2.45	0.191	0.347	-0.108	0.780	0.103	-0.653	
2.50	0.187	0.351	-0.063	0.705	0.069	-0.678	
2.55	0.186	0.354	-0.033	0.560	0.036	-0.699	
2.60	0.184	0.355	-0.012	0.499	-0.001	-0.723	
2.65	0.184	0.354	0.015	0.488	-0.038	-0.711	
2.70	0.186	0.351	0.035	0.535	-0.074	-0.664	
2.75	0.187	0.346	0.063	0.681	-0.105	-0.606	
2.80	0.191	0.340	0.107	0.750	-0.134	-0.558	
2.85	0.198	0.333	0.146	0.667	-0.161	-0.507	
2.90	0.206	0.324	0.174	0.544	-0.186	-0.430	
2.95	0.216	0.314	0.198	0.450	-0.205	-0.329	
3.00	0.226	0.303	0.217	0.385	-0.218	-0.238	
3.05	0.237	0.292	0.240	0.256	-0.229	-0.143	
3.10	0.251	0.280	0.248	0.043	-0.233	-0.030	
3.15	0.263	0.268	0.240	-0.106	-0.231	0.068	
3.20	0.275	0.257	0.233	-0.180	-0.226	0.150	
3.25	0.286	0.246	0.222	-0.242	-0.217	0.248	
3.30	0.297	0.235	0.210	-0.307	-0.202	0.368	
3.35	0.307	0.225	0.193	-0.394	-0.179	0.472	
3.40	0.317	0.217	0.170	-0.478	-0.153	0.543	
3.45	0.325	0.210	0.144	-0.539	-0.124	0.595	
3.50	0.331	0.204	0.116	-0.584	-0.093	0.630	
3.55	0.336	0.200	0.085	-0.621	-0.062	0.668	
3.60	0.340	0.198	0.053	-0.647	-0.026	0.702	
3.65	0.342	0.198	0.020	-0.663	0.011	0.697	
3.70	0.342	0.199	-0.014	-0.666	0.045	0.657	
3.75	0.340	0.202	-0.047	-0.649	0.076	0.609	
3.80	0.337	0.207	-0.079	-0.614	0.106	0.559	
3.85	0.332	0.213	-0.109	-0.572	0.133	0.499	
3.90	0.326	0.220	-0.137	-0.531	0.157	0.419	
3.95	0.318	0.229	-0.162	-0.484	0.175	0.333	
4.00	0.310	0.238	-0.186	-0.419	0.189	0.264	
4.05	0.300	0.248	-0.206	-0.326	0.202	0.191	
4.10	0.289	0.258	-0.218	-0.228	0.209	0.098	
4.15	0.278	0.269	-0.227	-0.155	0.211	0.003	
4.20	0.266	0.280	-0.234	-0.080	0.210	-0.098	
4.25	0.254	0.290	-0.235	-0.005	0.201	-0.190	
4.30	0.243	0.300	-0.238	0.135	0.190	-0.259	
4.35	0.230	0.309	-0.226	0.349	0.175	-0.323	
4.40	0.220	0.318	-0.198	0.479	0.157	-0.385	
4.45	0.210	0.325	-0.173	0.524	0.137	-0.446	
4.50	0.202	0.332	-0.147	0.572	0.112	-0.500	
4.55	0.195	0.336	-0.118	0.645	0.085	-0.523	
4.60	0.190	0.340	-0.082	0.705	0.060	-0.540	
4.65	0.187	0.342	-0.044	0.696	0.031	-0.557	
4.70	0.186	0.343	-0.010	0.652	0.004	-0.559	
4.75	0.186	0.343	0.020	0.635	-0.024	-0.562	
4.80	0.188	0.341	0.051	0.651	-0.053	-0.556	
4.85	0.191	0.338	0.086	0.658	-0.081	-0.538	
4.90	0.196	0.333	0.119	0.629	-0.108	-0.497	
4.95	0.203	0.327	0.149	0.584	-0.131	-0.446	
5.00	0.211	0.320	0.177	0.539	-0.153	-0.385	
5.05	0.221	0.311	0.207	0.405	-0.170	-0.303	
5.10	0.233	0.302	0.222	0.191	-0.182	-0.231	
5.15	0.244	0.293	0.222	0.053	-0.193	-0.167	
5.20	0.255	0.283	0.224	-0.023	-0.200	-0.078	
5.25	0.266	0.273	0.220	-0.094	-0.200	0.008	
5.30	0.277	0.263	0.214	-0.156	-0.198	0.077	
5.35	0.288	0.253	0.205	-0.236	-0.194	0.165	
5.40	0.298	0.243	0.191	-0.333	-0.182	0.259	
5.45	0.307	0.234	0.172	-0.425	-0.167	0.338	
5.50	0.315	0.226	0.148	-0.497	-0.149	0.413	
5.55	0.322	0.219	0.121	-0.549	-0.125	0.473	
5.60	0.327	0.214	0.092	-0.583	-0.100	0.518	
5.65	0.331	0.209	0.063	-0.607	-0.074	0.564	
5.70	0.334	0.206	0.031	-0.618	-0.043	0.597	
5.75	0.334	0.205	0.000	-0.613	-0.013	0.616	
5.80	0.334	0.205	-0.031	-0.596	0.018	0.628	
5.85	0.331	0.206	-0.060	-0.563	0.051	0.616	
5.90	0.327	0.210	-0.087	-0.524	0.082	0.565	
5.95	0.322	0.215	-0.113	-0.483	0.107	0.505	
6.00	0.316	0.221	-0.136	-0.430	0.131	0.452	
6.05	0.309	0.228	-0.156	-0.360	0.153	0.392	
6.10	0.300	0.236	-0.173	-0.277	0.171	0.318	
6.15	0.291	0.245	-0.184	-0.197	0.185	0.235	
6.20	0.282	0.255	-0.191	-0.143	0.195	0.152	
6.25	0.272	0.265	-0.197	-0.105	0.201	0.057	
6.30	0.262	0.275	-0.201	-0.059	0.201	-0.042	
6.35	0.252	0.285	-0.208	0.077	0.196	-0.127	
6.40	0.240	0.295	-0.198	0.280	0.188	-0.205	
6.45	0.232	0.304	-0.174	0.390	0.176	-0.287	
6.50	0.223	0.313	-0.154	0.414	0.159	-0.372	
6.55	0.216	0.320	-0.133	0.430	0.137	-0.433	
6.60	0.210	0.327	-0.112	0.458	0.115	-0.477	
6.65	0.205	0.332	-0.088	0.503	0.090	-0.518	
6.70	0.201	0.336	-0.062	0.548	0.062	-0.539	
6.75	0.199	0.338	-0.033	0.573	0.036	-0.552	
6.80	0.198	0.339	-0.003	0.565	0.008	-0.567	
6.85	0.198	0.339	0.024	0.546	-0.022	-0.566	
6.90	0.200	0.337	0.051	0.530	-0.050	-0.540	
6.95	0.204	0.334	0.078	0.506	-0.076	-0.503	
7.00	0.208	0.329	0.102	0.488	-0.100	-0.473	
7.05	0.214	0.324	0.126	0.467	-0.124	-0.438	
7.10	0.221	0.317	0.149	0.422	-0.145	-0.385	
7.15	0.228	0.309	0.172	0.307	-0.163	-0.319	
7.20	0.239	0.300	0.183	0.136	-0.178	-0.224	
7.25	0.247	0.291	0.182	0.035	-0.186	-0.113	
7.30	0.256	0.282	0.184	-0.012	-0.188	-0.033	
7.35	0.266	0.272	0.182	-0.072	-0.188	0.034	
7.40	0.275	0.263	0.176	-0.128	-0.185	0.117	
7.45	0.283	0.254	0.169	-0.185	-0.177	0.205	
7.50	0.292	0.245	0.158	-0.249	-0.165	0.301	
7.55	0.299	0.237	0.144	-0.317	-0.146	0.387	
7.60	0.306	0.230	0.126	-0.379	-0.125	0.445	
7.65	0.312	0.224	0.106	-0.429	-0.102	0.491	
7.70	0.317	0.220	0.083	-0.471	-0.076	0.530	
7.75	0.321	0.217	0.058	-0.502	-0.047	0.545	
7.80	0.323	0.215	0.032	-0.518	-0.021	0.543	
7.85	0.324	0.215	0.006	-0.519	0.006	0.543	
7.90	0.323	0.216	-0.020	-0.509	0.035	0.526	
7.95	0.322	0.218	-0.045	-0.497	0.060	0.486	
8.00	0.319	0.222	-0.071	-0.471	0.083	0.448	
8.05	0.315	0.226	-0.093	-0.426	0.105	0.410	
8.10	0.309	0.232	-0.113	-0.379	0.124	0.360	
8.15	0.303	0.239	-0.132	-0.320	0.141	0.301	
8.20	0.296	0.247	-0.146	-0.250	0.155	0.223	
8.25	0.288	0.255	-0.156	-0.193	0.164	0.142	
8.30	0.280	0.263	-0.165	-0.141	0.169	0.067	
8.35	0.272	0.272	-0.170	-0.095	0.170	0.003	
8.40	0.263	0.280	-0.173	-0.059	0.169	-0.058	
8.45	0.255	0.289	-0.176	-0.015	0.166	-0.149	
8.50	0.246	0.297	-0.180	0.119	0.155	-0.245	
8.55	0.236	0.304	-0.167	0.308	0.139	-0.308	
8.60	0.229	0.311	-0.143	0.388	0.123	-0.364	
8.65	0.222	0.317	-0.125	0.399	0.104	-0.427	
8.70	0.216	0.322	-0.105	0.426	0.080	-0.465	
8.75	0.211	0.325	-0.082	0.443	0.056	-0.475	
8.80	0.208	0.327	-0.060	0.460	0.033	-0.491	
8.85	0.205	0.328	-0.038	0.504	0.007	-0.513	
8.90	0.204	0.328	-0.009	0.539	-0.020	-0.498	
8.95	0.204	0.326	0.019	0.528	-0.044	-0.446	
9.00	0.206	0.323	0.044	0.509	-0.065	-0.400	
9.05	0.209	0.320	0.069	0.486	-0.083	-0.373	
9.10	0.213	0.315	0.093	0.449	-0.102	-0.343	
9.15	0.218	0.309	0.115	0.408	-0.119	-0.285	
9.20	0.224	0.303	0.134	0.367	-0.131	-0.224	
9.25	0.232	0.296	0.151	0.325	-0.141	-0.169	
9.30	0.240	0.289	0.165	0.291	-0.148	-0.102	
9.35	0.248	0.281	0.184	0.186	-0.150	-0.051	
9.40	0.259	0.274	0.189	-0.008	-0.153	-0.004	
9.45	0.268	0.266	0.179	-0.134	-0.152	0.066	
9.50	0.276	0.258	0.171	-0.168	-0.146	0.140	
9.55	0.285	0.251	0.163	-0.202	-0.138	0.208	
9.60	0.293	0.244	0.152	-0.262	-0.126	0.274	
9.65	0.300	0.238	0.137	-0.329	-0.110	0.334	
9.70	0.306	0.233	0.119	-0.397	-0.092	0.381	
9.75	0.312	0.229	0.097	-0.456	-0.071	0.410	
9.80	0.316	0.226	0.072	-0.487	-0.051	0.436	
9.85	0.319	0.224	0.048	-0.502	-0.028	0.472	
9.90	0.321	0.223	0.022	-0.513	-0.002	0.479	
9.95	0.322	0.224	-0.004	-0.520	0.021	0.450	
10.00	0.321	0.225	-0.030	-0.515	0.043	0.418	
10.05	0.318	0.228	-0.056	-0.495	0.063	0.384	
10.10	0.315	0.232	-0.080	-0.464	0.082	0.335	
10.15	0.310	0.236	-0.103	-0.417	0.097	0.277	
10.20	0.305	0.241	-0.122	-0.358	0.109	0.227	
10.25	0.298	0.247	-0.139	-0.296	0.120	0.175	
10.30	0.291	0.254	-0.152	-0.234	0.127	0.127	
10.35	0.283	0.260	-0.162	-0.176	0.132	0.093	
10.40	0.274	0.267	-0.170	-0.110	0.136	0.054	
10.45	0.265	0.274	-0.173	-0.051	0.138	0.007	
10.50	0.257	0.281	-0.173	-0.011	0.137	-0.043	
10.55	0.249	0.288	-0.178	0.104	0.134	-0.100	
10.60	0.238	0.294	-0.168	0.295	0.127	-0.165	
10.65	0.231	0.300	-0.144	0.404	0.117	-0.223	
10.70	0.224	0.306	-0.123	0.421	0.104	-0.268	
10.75	0.219	0.311	-0.102	0.434	0.090	-0.300	
10.80	0.214	0.315	-0.080	0.465	0.075	-0.341	
10.85	0.211	0.319	-0.055	0.489	0.056	-0.388	
10.90	0.209	0.321	-0.030	0.489	0.035	-0.415	
10.95	0.208	0.322	-0.006	0.488	0.014	-0.434	
11.00	0.208	0.322	0.018	0.493	-0.009	-0.445	
11.05	0.209	0.321	0.044	0.487	-0.032	-0.429	
11.10	0.212	0.319	0.068	0.462	-0.052	-0.396	
11.15	0.216	0.316	0.089	0.441	-0.071	-0.356	
11.20	0.221	0.312	0.112	0.415	-0.088	-0.315	
11.25	0.228	0.307	0.131	0.374	-0.102	-0.281	
11.30	0.234	0.301	0.152	0.272	-0.115	-0.258	
11.35	0.243	0.295	0.162	0.099	-0.129	-0.222	
11.40	0.251	0.288	0.158	-0.005	-0.139	-0.162	
11.45	0.259	0.281	0.158	-0.043	-0.145	-0.096	
11.50	0.267	0.274	0.155	-0.098	-0.149	-0.021	
11.55	0.275	0.266	0.149	-0.153	-0.148	0.058	
11.60	0.282	0.259	0.140	-0.201	-0.143	0.127	
11.65	0.289	0.252	0.128	-0.241	-0.134	0.175	
11.70	0.295	0.246	0.116	-0.282	-0.125	0.214	
11.75	0.300	0.239	0.100	-0.327	-0.113	0.268	
11.80	0.305	0.234	0.083	-0.369	-0.098	0.333	
11.85	0.309	0.229	0.063	-0.403	-0.080	0.405	
11.90	0.311	0.226	0.042	-0.418	-0.057	0.466	
11.95	0.313	0.224	0.021	-0.428	-0.032	0.499	
12.00	0.314	0.223	-0.001	-0.430	-0.007	0.507	
12.05	0.313	0.223	-0.023	-0.410	0.019	0.489	
12.10	0.311	0.225	-0.043	-0.384	0.043	0.452	
12.15	0.308	0.227	-0.061	-0.358	0.064	0.422	
12.20	0.305	0.231	-0.079	-0.326	0.085	0.391	
12.25	0.300	0.236	-0.095	-0.284	0.104	0.337	
12.30	0.295	0.242	-0.107	-0.233	0.120	0.266	
12.35	0.290	0.248	-0.118	-0.187	0.130	0.203	
12.40	0.283	0.255	-0.126	-0.145	0.140	0.149	
12.45	0.277	0.262	-0.132	-0.115	0.146	0.080	
12.50	0.270	0.270	-0.137	-0.095	0.147	0.023	
12.55	0.263	0.277	-0.140	-0.074	0.148	-0.030	
12.60	0.257	0.285	-0.148	0.018	0.146	-0.112	
12.65	0.248	0.292	-0.143	0.180	0.137	-0.191	
12.70	0.242	0.298	-0.125	0.266	0.125	-0.243	
12.75	0.236	0.304	-0.113	0.280	0.112	-0.286	
12.80	0.230	0.310	-0.098	0.293	0.097	-0.329	
12.85	0.226	0.314	-0.084	0.315	0.079	-0.365	
12.90	0.222	0.317	-0.067	0.346	0.060	-0.393	
12.95	0.219	0.320	-0.049	0.365	0.040	-0.425	
13.00	0.217	0.322	-0.031	0.390	0.017	-0.448	
13.05	0.216	0.322	-0.010	0.413	-0.006	-0.446	
13.10	0.216	0.321	0.012	0.404	-0.028	-0.426	
13.15	0.217	0.319	0.032	0.378	-0.049	-0.397	
13.20	0.219	0.316	0.049	0.362	-0.068	-0.363	
13.25	0.222	0.312	0.068	0.349	-0.086	-0.320	
13.30	0.226	0.307	0.085	0.331	-0.100	-0.274	
13.35	0.231	0.302	0.100	0.325	-0.113	-0.234	
13.40	0.236	0.296	0.116	0.327	-0.124	-0.188	
13.45	0.242	0.289	0.137	0.243	-0.132	-0.129	
13.50	0.250	0.282	0.145	0.069	-0.137	-0.064	
13.55	0.257	0.275	0.139	-0.030	-0.138	-0.004	
13.60	0.264	0.269	0.138	-0.056	-0.138	0.055	
13.65	0.271	0.262	0.135	-0.094	-0.133	0.123	
13.70	0.278	0.255	0.129	-0.141	-0.125	0.186	
13.75	0.284	0.249	0.121	-0.187	-0.115	0.243	
13.80	0.290	0.243	0.111	-0.226	-0.101	0.295	
13.85	0.295	0.239	0.098	-0.256	-0.084	0.331	
13.90	0.300	0.235	0.085	-0.289	-0.068	0.368	
13.95	0.304	0.232	0.070	-0.337	-0.047	0.393	
14.00	0.307	0.230	0.051	-0.380	-0.027	0.389	
14.05	0.309	0.229	0.031	-0.402	-0.009	0.392	
14.10	0.310	0.229	0.010	-0.409	0.012	0.402	
14.15	0.310	0.230	-0.010	-0.407	0.032	0.395	
14.20	0.309	0.233	-0.031	-0.396	0.052	0.376	
14.25	0.307	0.236	-0.050	-0.374	0.071	0.330	
14.30	0.304	0.240	-0.068	-0.346	0.085	0.272	
14.35	0.300	0.244	-0.085	-0.314	0.097	0.226	
14.40	0.295	0.250	-0.100	-0.276	0.108	0.174	
14.45	0.290	0.255	-0.113	-0.236	0.115	0.117	
14.50	0.284	0.261	-0.124	-0.202	0.119	0.067	
14.55	0.277	0.267	-0.132	-0.178	0.121	0.026	
14.60	0.271	0.274	-0.140	-0.158	0.122	-0.023	
14.65	0.264	0.280	-0.152	-0.058	0.120	-0.085	
14.70	0.255	0.286	-0.150	0.111	0.114	-0.149	
14.75	0.248	0.291	-0.137	0.206	0.103	-0.182	
14.80	0.241	0.296	-0.126	0.236	0.095	-0.200	
14.85	0.235	0.301	-0.114	0.267	0.085	-0.245	
14.90	0.230	0.305	-0.100	0.306	0.070	-0.286	
14.95	0.225	0.308	-0.083	0.345	0.055	-0.306	
15.00	0.221	0.310	-0.065	0.374	0.040	-0.322	
15.05	0.219	0.312	-0.046	0.399	0.023	-0.328	
15.10	0.217	0.312	-0.025	0.422	0.006	-0.314	
15.15	0.216	0.312	-0.003	0.437	-0.009	-0.299	
15.20	0.216	0.311	0.019	0.438	-0.023	-0.290	
15.25	0.218	0.310	0.042	0.418	-0.037	-0.291	
15.30	0.221	0.308	0.061	0.385	-0.053	-0.290	
15.35	0.224	0.305	0.080	0.361	-0.067	-0.268	
15.40	0.229	0.301	0.097	0.344	-0.081	-0.225	
15.45	0.234	0.297	0.113	0.339	-0.090	-0.166	
15.50	0.240	0.292	0.135	0.262	-0.096	-0.130	
15.55	0.248	0.287	0.145	0.088	-0.102	-0.109	
15.60	0.255	0.282	0.139	-0.022	-0.108	-0.069	
15.65	0.262	0.276	0.138	-0.056	-0.109	-0.028	
15.70	0.269	0.271	0.135	-0.100	-0.110	0.001	
15.75	0.275	0.265	0.128	-0.145	-0.109	0.036	
15.80	0.282	0.260	0.120	-0.188	-0.107	0.095	
15.85	0.287	0.254	0.109	-0.226	-0.101	0.170	
15.90	0.293	0.249	0.097	-0.260	-0.089	0.222	
15.95	0.297	0.245	0.084	-0.305	-0.077	0.250	
16.00	0.301	0.242	0.067	-0.355	-0.064	0.274	
16.05	0.304	0.239	0.048	-0.389	-0.050	0.302	
16.10	0.306	0.236	0.027	-0.402	-0.034	0.320	
16.15	0.307	0.235	0.007	-0.398	-0.018	0.331	
16.20	0.307	0.235	-0.013	-0.381	-0.001	0.348	
16.25	0.305	0.235	-0.031	-0.361	0.018	0.345	
16.30	0.304	0.236	-0.049	-0.335	0.034	0.330	
16.35	0.300	0.239	-0.065	-0.295	0.051	0.311	
16.40	0.297	0.242	-0.079	-0.254	0.065	0.286	
16.45	0.293	0.245	-0.090	-0.221	0.080	0.250	
16.50	0.288	0.250	-0.101	-0.187	0.091	0.211	
16.55	0.282	0.254	-0.109	-0.149	0.100	0.189	
16.60	0.277	0.260	-0.116	-0.098	0.110	0.152	
16.65	0.271	0.265	-0.119	-0.054	0.117	0.086	
16.70	0.265	0.272	-0.120	-0.039	0.120	-0.001	
16.75	0.259	0.278	-0.122	-0.024	0.116	-0.066	
16.80	0.253	0.283	-0.127	0.075	0.111	-0.096	
16.85	0.245	0.289	-0.118	0.233	0.106	-0.131	
16.90	0.240	0.294	-0.099	0.308	0.098	-0.169	
16.95	0.236	0.299	-0.083	0.301	0.090	-0.221	
17.00	0.232	0.303	-0.069	0.285	0.077	-0.287	
17.05	0.229	0.307	-0.056	0.289	0.060	-0.328	
17.10	0.227	0.309	-0.041	0.320	0.043	-0.342	
17.15	0.225	0.311	-0.024	0.349	0.026	-0.347	
17.20	0.224	0.312	-0.005	0.355	0.008	-0.352	
17.25	0.224	0.312	0.013	0.340	-0.009	-0.356	
17.30	0.226	0.311	0.029	0.314	-0.028	-0.343	
17.35	0.227	0.309	0.044	0.291	-0.045	-0.310	
17.40	0.230	0.306	0.058	0.276	-0.059	-0.282	
17.45	0.233	0.303	0.070	0.292	-0.072	-0.263	
17.50	0.237	0.299	0.086	0.318	-0.086	-0.227	
17.55	0.241	0.294	0.107	0.239	-0.096	-0.174	
17.60	0.248	0.289	0.114	0.081	-0.103	-0.128	
17.65	0.253	0.284	0.110	0.002	-0.108	-0.093	
17.70	0.259	0.279	0.111	-0.012	-0.113	-0.043	
17.75	0.264	0.273	0.111	-0.045	-0.113	0.021	
17.80	0.270	0.267	0.107	-0.088	-0.110	0.072	
17.85	0.275	0.262	0.101	-0.120	-0.106	0.121	
17.90	0.280	0.256	0.095	-0.148	-0.098	0.165	
17.95	0.285	0.252	0.087	-0.179	-0.089	0.199	
18.00	0.289	0.247	0.077	-0.206	-0.079	0.250	
18.05	0.293	0.244	0.066	-0.235	-0.064	0.306	
18.10	0.296	0.241	0.054	-0.267	-0.048	0.353	
18.15	0.298	0.239	0.039	-0.294	-0.027	0.367	
18.20	0.300	0.238	0.024	-0.310	-0.010	0.348	
18.25	0.300	0.238	0.008	-0.320	0.007	0.339	
18.30	0.300	0.239	-0.008	-0.319	0.024	0.324	
18.35	0.300	0.240	-0.025	-0.303	0.040	0.294	
18.40	0.298	0.243	-0.039	-0.280	0.053	0.266	
18.45	0.296	0.246	-0.052	-0.266	0.067	0.239	
18.50	0.293	0.250	-0.066	-0.245	0.078	0.195	
18.55	0.289	0.254	-0.077	-0.208	0.086	0.149	
18.60	0.285	0.258	-0.086	-0.178	0.093	0.110	
18.65	0.280	0.263	-0.095	-0.148	0.097	0.069	
18.70	0.275	0.268	-0.102	-0.105	0.099	0.033	
18.75	0.270	0.273	-0.106	-0.057	0.101	-0.013	
18.80	0.265	0.278	-0.108	-0.003	0.099	-0.063	
18.85	0.259	0.283	-0.106	0.046	0.094	-0.101	
18.90	0.254	0.288	-0.102	0.071	0.088	-0.129	
18.95	0.249	0.292	-0.098	0.080	0.082	-0.168	
19.00	0.244	0.296	-0.093	0.084	0.071	-0.212	
19.05	0.240	0.299	-0.094	0.170	0.059	-0.235	
19.10	0.234	0.302	-0.081	0.329	0.048	-0.258	
19.15	0.231	0.304	-0.055	0.382	0.034	-0.284	
19.20	0.229	0.305	-0.037	0.340	0.018	-0.291	
19.25	0.228	0.306	-0.022	0.309	0.005	-0.298	
19.30	0.227	0.306	-0.009	0.317	-0.012	-0.297	
19.35	0.227	0.305	0.008	0.347	-0.027	-0.261	
19.40	0.228	0.303	0.028	0.349	-0.038	-0.225	
19.45	0.229	0.301	0.044	0.324	-0.048	-0.214	
19.50	0.232	0.298	0.060	0.299	-0.059	-0.201	
19.55	0.236	0.295	0.074	0.287	-0.069	-0.169	
19.60	0.239	0.291	0.087	0.303	-0.076	-0.136	
19.65	0.244	0.287	0.108	0.240	-0.083	-0.103	
19.70	0.251	0.283	0.116	0.076	-0.086	-0.071	
19.75	0.256	0.279	0.111	-0.017	-0.090	-0.039	
19.80	0.262	0.274	0.110	-0.032	-0.090	0.000	
19.85	0.267	0.270	0.109	-0.052	-0.089	0.037	
19.90	0.273	0.265	0.107	-0.101	-0.088	0.088	
19.95	0.278	0.261	0.099	-0.155	-0.080	0.126	
20.00	0.283	0.257	0.090	-0.184	-0.073	0.134	
20.05	0.287	0.253	0.081	-0.215	-0.068	0.163	
20.10	0.291	0.250	0.069	-0.257	-0.058	0.207	
20.15	0.294	0.247	0.055	-0.288	-0.046	0.237	
20.20	0.296	0.245	0.039	-0.305	-0.034	0.259	
20.25	0.298	0.244	0.024	-0.312	-0.020	0.274	
20.30	0.299	0.243	0.008	-0.316	-0.006	0.275	
20.35	0.299	0.244	-0.008	-0.310	0.008	0.263	
20.40	0.298	0.244	-0.023	-0.292	0.021	0.252	
20.45	0.296	0.246	-0.037	-0.271	0.033	0.245	
20.50	0.294	0.247	-0.051	-0.248	0.045	0.232	
20.55	0.291	0.250	-0.062	-0.229	0.056	0.211	
20.60	0.288	0.253	-0.073	-0.208	0.067	0.185	
20.65	0.284	0.257	-0.084	-0.170	0.076	0.145	
20.70	0.279	0.261	-0.091	-0.129	0.081	0.097	
20.75	0.275	0.265	-0.096	-0.093	0.085	0.054	
20.80	0.270	0.269	-0.101	-0.040	0.087	0.016	
20.85	0.264	0.274	-0.101	0.025	0.087	-0.018	
20.90	0.259	0.278	-0.097	0.061	0.084	-0.042	
20.95	0.255	0.282	-0.092	0.053	0.082	-0.063	
21.00	0.250	0.286	-0.090	0.029	0.079	-0.101	
21.05	0.246	0.290	-0.095	0.101	0.073	-0.147	
21.10	0.240	0.294	-0.086	0.272	0.063	-0.179	
21.15	0.237	0.297	-0.062	0.356	0.054	-0.195	
21.20	0.234	0.299	-0.044	0.323	0.045	-0.218	
21.25	0.233	0.301	-0.031	0.288	0.032	-0.245	
21.30	0.231	0.302	-0.018	0.293	0.019	-0.258	
21.35	0.230	0.303	-0.001	0.302	0.006	-0.267	
21.40	0.231	0.303	0.014	0.295	-0.007	-0.273	
21.45	0.232	0.303	0.026	0.316	-0.022	-0.264	
21.50	0.234	0.301	0.044	0.350	-0.035	-0.237	
21.55	0.236	0.299	0.066	0.294	-0.045	-0.213	
21.60	0.241	0.296	0.078	0.143	-0.056	-0.193	
21.65	0.245	0.293	0.077	0.056	-0.065	-0.169	
21.70	0.248	0.290	0.079	0.065	-0.072	-0.150	
21.75	0.252	0.286	0.084	0.081	-0.080	-0.123	
21.80	0.257	0.282	0.089	0.068	-0.086	-0.076	
21.85	0.261	0.277	0.092	0.027	-0.088	-0.022	
21.90	0.266	0.273	0.092	-0.035	-0.087	0.016	
21.95	0.271	0.269	0.088	-0.092	-0.085	0.033	
22.00	0.275	0.264	0.081	-0.120	-0.084	0.060	
22.05	0.279	0.260	0.075	-0.132	-0.081	0.113	
22.10	0.282	0.256	0.069	-0.159	-0.073	0.166	
22.15	0.286	0.253	0.060	-0.193	-0.063	0.202	
22.20	0.288	0.250	0.050	-0.228	-0.052	0.222	
22.25	0.291	0.247	0.036	-0.248	-0.041	0.245	
22.30	0.292	0.246	0.024	-0.241	-0.028	0.266	
22.35	0.293	0.245	0.013	-0.238	-0.014	0.273	
22.40	0.293	0.244	0.000	-0.242	0.000	0.272	
22.45	0.293	0.245	-0.012	-0.241	0.014	0.266	
22.50	0.292	0.246	-0.024	-0.236	0.027	0.257	
22.55	0.291	0.247	-0.036	-0.224	0.039	0.252	
22.60	0.289	0.249	-0.047	-0.199	0.052	0.235	
22.65	0.286	0.253	-0.056	-0.170	0.064	0.188	
22.70	0.283	0.256	-0.063	-0.148	0.071	0.146	
22.75	0.280	0.260	-0.071	-0.130	0.077	0.122	
22.80	0.276	0.264	-0.077	-0.097	0.084	0.083	
22.85	0.272	0.268	-0.081	-0.056	0.087	0.030	
22.90	0.268	0.273	-0.081	-0.041	0.087	-0.020	
22.95	0.264	0.277	-0.084	-0.045	0.084	-0.065	
23.00	0.259	0.281	-0.086	-0.041	0.079	-0.095	
23.05	0.255	0.285	-0.092	0.048	0.075	-0.118	
23.10	0.250	0.289	-0.086	0.232	0.068	-0.145	
23.15	0.246	0.292	-0.066	0.348	0.060	-0.169	
23.20	0.243	0.295	-0.043	0.296	0.051	-0.193	
23.25	0.242	0.297	-0.032	0.154	0.041	-0.224	
23.30	0.240	0.299	-0.033	0.094	0.028	-0.245	
23.35	0.239	0.300	-0.026	0.116	0.016	-0.247	
23.40	0.238	0.300	-0.019	0.124	0.004	-0.250	
23.45	0.237	0.300	-0.017	0.197	-0.010	-0.238	
23.50	0.235	0.299	-0.004	0.352	-0.021	-0.213	
23.55	0.236	0.298	0.022	0.430	-0.031	-0.199	
23.60	0.238	0.296	0.048	0.339	-0.040	-0.185	
23.65	0.241	0.294	0.059	0.171	-0.049	-0.176	
23.70	0.244	0.291	0.060	0.089	-0.059	-0.154	
23.75	0.247	0.288	0.064	0.102	-0.066	-0.112	
23.80	0.250	0.285	0.070	0.117	-0.070	-0.074	
23.85	0.254	0.281	0.078	0.091	-0.072	-0.050	
23.90	0.258	0.277	0.080	0.055	-0.074	-0.032	
23.95	0.262	0.274	0.082	0.030	-0.077	0.004	
24.00	0.267	0.270	0.084	-0.014	-0.074	0.050	
24.05	0.271	0.266	0.081	-0.067	-0.070	0.076	
24.10	0.275	0.263	0.077	-0.113	-0.067	0.104	
24.15	0.278	0.259	0.070	-0.149	-0.061	0.151	
24.20	0.282	0.256	0.061	-0.174	-0.051	0.176	
24.25	0.285	0.254	0.052	-0.187	-0.041	0.170	
24.30	0.287	0.252	0.042	-0.197	-0.035	0.183	
24.35	0.289	0.251	0.032	-0.212	-0.024	0.216	
24.40	0.290	0.250	0.021	-0.229	-0.011	0.214	
24.45	0.291	0.250	0.009	-0.237	-0.003	0.203	
24.50	0.291	0.250	-0.003	-0.232	0.008	0.211	
24.55	0.291	0.250	-0.014	-0.229	0.019	0.214	
24.60	0.290	0.251	-0.026	-0.225	0.030	0.201	
24.65	0.288	0.253	-0.037	-0.211	0.039	0.178	
24.70	0.286	0.255	-0.047	-0.187	0.048	0.153	
24.75	0.283	0.258	-0.056	-0.159	0.055	0.122	
24.80	0.280	0.261	-0.063	-0.133	0.059	0.100	
24.85	0.277	0.264	-0.069	-0.105	0.065	0.083	
24.90	0.273	0.268	-0.074	-0.078	0.069	0.044	
24.95	0.270	0.271	-0.077	-0.049	0.069	-0.000	
25.00	0.265	0.275	-0.080	-0.003	0.068	-0.035	
25.05	0.261	0.278	-0.077	0.036	0.065	-0.060	
25.10	0.258	0.281	-0.074	0.037	0.062	-0.085	
25.15	0.254	0.284	-0.073	0.024	0.057	-0.115	
25.20	0.251	0.287	-0.072	0.026	0.050	-0.129	
25.25	0.247	0.289	-0.075	0.118	0.044	-0.146	
25.30	0.242	0.292	-0.064	0.275	0.036	-0.177	
25.35	0.240	0.293	-0.041	0.324	0.025	-0.178	
25.40	0.239	0.294	-0.026	0.273	0.018	-0.173	
25.45	0.238	0.295	-0.016	0.243	0.009	-0.188	
25.50	0.237	0.295	-0.004	0.249	-0.001	-0.196	
25.55	0.237	0.295	0.009	0.266	-0.011	-0.187	
25.60	0.238	0.294	0.022	0.291	-0.020	-0.169	
25.65	0.239	0.293	0.037	0.320	-0.028	-0.151	
25.70	0.241	0.291	0.059	0.258	-0.035	-0.139	
25.75	0.246	0.289	0.068	0.109	-0.042	-0.124	
25.80	0.249	0.286	0.066	0.029	-0.048	-0.095	
25.85	0.252	0.284	0.066	0.043	-0.052	-0.072	
25.90	0.255	0.281	0.069	0.073	-0.055	-0.062	
25.95	0.259	0.279	0.075	0.062	-0.057	-0.055	
26.00	0.263	0.276	0.077	0.014	-0.061	-0.031	
26.05	0.267	0.272	0.077	-0.038	-0.061	0.003	
26.10	0.270	0.269	0.073	-0.083	-0.060	0.020	
26.15	0.274	0.267	0.068	-0.123	-0.060	0.048	
26.20	0.277	0.263	0.060	-0.143	-0.056	0.098	
26.25	0.280	0.261	0.053	-0.149	-0.049	0.129	
26.30	0.283	0.258	0.046	-0.176	-0.042	0.141	
26.35	0.285	0.256	0.036	-0.205	-0.035	0.152	
26.40	0.286	0.255	0.024	-0.215	-0.028	0.168	
26.45	0.287	0.253	0.014	-0.214	-0.018	0.189	
26.50	0.288	0.253	0.003	-0.210	-0.007	0.185	
26.55	0.288	0.253	-0.008	-0.199	-0.000	0.183	
26.60	0.287	0.253	-0.017	-0.186	0.010	0.193	
26.65	0.286	0.254	-0.026	-0.179	0.020	0.188	
26.70	0.284	0.255	-0.035	-0.176	0.029	0.176	
26.75	0.282	0.257	-0.044	-0.163	0.038	0.154	
26.80	0.280	0.259	-0.052	-0.134	0.045	0.129	
26.85	0.277	0.261	-0.057	-0.107	0.051	0.107	
26.90	0.274	0.264	-0.063	-0.080	0.056	0.081	
26.95	0.271	0.267	-0.066	-0.043	0.059	0.063	
27.00	0.268	0.270	-0.067	-0.007	0.062	0.047	
27.05	0.264	0.273	-0.066	0.026	0.064	0.016	
27.10	0.261	0.276	-0.064	0.057	0.064	-0.029	
27.15	0.258	0.280	-0.060	0.075	0.061	-0.071	
27.20	0.255	0.283	-0.056	0.073	0.056	-0.101	
27.25	0.252	0.285	-0.053	0.077	0.050	-0.119	
27.30	0.250	0.288	-0.049	0.107	0.045	-0.141	
27.35	0.247	0.290	-0.047	0.206	0.037	-0.168	
27.40	0.244	0.291	-0.028	0.285	0.026	-0.169	
27.45	0.245	0.292	-0.009	0.196	0.020	-0.170	
27.50	0.244	0.293	-0.008	0.104	0.011	-0.200	
27.55	0.244	0.294	-0.004	0.112	-0.001	-0.217	
27.60	0.244	0.293	-0.002	0.210	-0.012	-0.198	
27.65	0.243	0.292	0.018	0.291	-0.021	-0.171	
27.70	0.246	0.291	0.037	0.200	-0.029	-0.142	
27.75	0.247	0.289	0.038	0.107	-0.035	-0.116	
27.80	0.249	0.288	0.042	0.100	-0.040	-0.117	
27.85	0.251	0.286	0.048	0.094	-0.047	-0.121	
27.90	0.254	0.283	0.053	0.080	-0.054	-0.088	
27.95	0.257	0.280	0.056	0.069	-0.056	-0.043	
28.00	0.260	0.277	0.060	0.049	-0.056	-0.024	
28.05	0.263	0.274	0.061	0.015	-0.058	-0.004	
28.10	0.266	0.271	0.061	-0.017	-0.058	0.026	
28.15	0.269	0.269	0.060	-0.054	-0.055	0.046	
28.20	0.272	0.266	0.055	-0.080	-0.053	0.064	
28.25	0.275	0.263	0.051	-0.096	-0.049	0.089	
28.30	0.277	0.261	0.047	-0.121	-0.044	0.125	
28.35	0.279	0.259	0.039	-0.144	-0.036	0.152	
28.40	0.281	0.257	0.031	-0.152	-0.028	0.160	
28.45	0.282	0.256	0.024	-0.157	-0.021	0.177	
28.50	0.283	0.255	0.016	-0.172	-0.011	0.199	
28.55	0.284	0.255	0.007	-0.185	0.000	0.196	
28.60	0.284	0.255	-0.003	-0.185	0.010	0.173	
28.65	0.284	0.256	-0.012	-0.174	0.017	0.157	
28.70	0.283	0.257	-0.021	-0.151	0.024	0.152	
28.75	0.282	0.258	-0.027	-0.128	0.032	0.146	
28.80	0.280	0.260	-0.033	-0.121	0.040	0.124	
28.85	0.278	0.262	-0.039	-0.117	0.045	0.094	
28.90	0.276	0.265	-0.045	-0.110	0.049	0.076	
28.95	0.274	0.267	-0.051	-0.096	0.052	0.064	
29.00	0.271	0.270	-0.055	-0.074	0.057	0.024	
29.05	0.268	0.273	-0.058	-0.048	0.055	-0.028	
29.10	0.265	0.276	-0.060	-0.010	0.052	-0.043	
29.15	0.262	0.278	-0.059	0.033	0.051	-0.047	
29.20	0.259	0.281	-0.056	0.064	0.048	-0.071	
29.25	0.257	0.283	-0.052	0.084	0.043	-0.094	
29.30	0.254	0.285	-0.047	0.082	0.039	-0.113	
29.35	0.252	0.287	-0.044	0.075	0.032	-0.134	
29.40	0.250	0.288	-0.040	0.090	0.025	-0.149	
29.45	0.248	0.289	-0.040	0.184	0.017	-0.153	
29.50	0.245	0.290	-0.022	0.261	0.010	-0.152	
29.55	0.246	0.291	-0.003	0.162	0.002	-0.159	
29.60	0.246	0.290	-0.005	0.061	-0.008	-0.144	
29.65	0.246	0.289	-0.007	0.138	-0.013	-0.125	
29.70	0.244	0.289	0.004	0.309	-0.018	-0.129	
29.75	0.245	0.288	0.033	0.319	-0.026	-0.121	
29.80	0.248	0.286	0.045	0.151	-0.032	-0.095	
29.85	0.250	0.285	0.042	0.059	-0.036	-0.071	
29.90	0.252	0.283	0.046	0.066	-0.038	-0.060	
29.95	0.255	0.281	0.050	0.072	-0.041	-0.056	
30.00	0.257	0.279	0.053	0.069	-0.044	-0.044	
30.05	0.260	0.276	0.057	0.058	-0.046	-0.024	
30.10	0.263	0.274	0.060	0.024	-0.047	0.001	
30.15	0.266	0.271	0.061	-0.033	-0.045	0.018	
30.20	0.269	0.269	0.056	-0.070	-0.045	0.032	
30.25	0.272	0.267	0.052	-0.075	-0.044	0.067	
30.30	0.274	0.265	0.049	-0.087	-0.038	0.097	
30.35	0.277	0.263	0.044	-0.112	-0.032	0.090	
30.40	0.279	0.262	0.038	-0.145	-0.029	0.089	
30.45	0.281	0.260	0.029	-0.171	-0.024	0.115	
30.50	0.282	0.259	0.020	-0.180	-0.017	0.128	
30.55	0.283	0.259	0.011	-0.177	-0.011	0.135	
30.60	0.283	0.258	0.002	-0.165	-0.004	0.148	
30.65	0.283	0.258	-0.005	-0.158	0.005	0.141	
30.70	0.282	0.259	-0.013	-0.156	0.010	0.127	
30.75	0.281	0.259	-0.021	-0.153	0.016	0.130	
30.80	0.280	0.260	-0.029	-0.145	0.024	0.130	
30.85	0.279	0.262	-0.036	-0.120	0.030	0.116	
30.90	0.276	0.263	-0.041	-0.097	0.036	0.096	
30.95	0.274	0.265	-0.045	-0.096	0.040	0.077	
31.00	0.272	0.267	-0.050	-0.099	0.043	0.056	
31.05	0.269	0.270	-0.055	-0.085	0.045	0.037	
31.10	0.267	0.272	-0.064	0.019	0.047	0.017	
31.15	0.262	0.274	-0.054	0.130	0.047	-0.011	
31.20	0.261	0.277	-0.042	0.076	0.046	-0.036	
31.25	0.259	0.279	-0.046	0.012	0.043	-0.052	
31.30	0.256	0.281	-0.045	0.020	0.041	-0.068	
31.35	0.254	0.283	-0.043	0.023	0.037	-0.091	
31.40	0.252	0.285	-0.046	0.091	0.031	-0.109	
31.45	0.249	0.286	-0.033	0.135	0.026	-0.127	
31.50	0.250	0.287	-0.027	0.094	0.018	-0.136	
31.55	0.246	0.288	-0.029	0.147	0.012	-0.135	
31.60	0.246	0.289	-0.014	0.224	0.005	-0.139	
31.65	0.245	0.288	-0.002	0.230	-0.002	-0.141	
31.70	0.245	0.288	0.009	0.223	-0.010	-0.134	
31.75	0.246	0.287	0.019	0.218	-0.016	-0.117	
31.80	0.247	0.287	0.030	0.228	-0.020	-0.112	
31.85	0.249	0.286	0.046	0.169	-0.027	-0.105	
31.90	0.252	0.284	0.051	0.040	-0.031	-0.090	
31.95	0.255	0.282	0.045	-0.014	-0.036	-0.080	
32.00	0.257	0.280	0.045	0.007	-0.040	-0.052	
32.05	0.259	0.278	0.047	0.020	-0.041	-0.031	
32.10	0.261	0.276	0.048	0.018	-0.043	-0.022	
32.15	0.264	0.274	0.049	0.004	-0.044	0.005	
32.20	0.266	0.272	0.049	-0.021	-0.042	0.024	
32.25	0.269	0.270	0.047	-0.051	-0.041	0.025	
32.30	0.271	0.268	0.044	-0.081	-0.041	0.046	
32.35	0.273	0.265	0.039	-0.102	-0.037	0.081	
32.40	0.275	0.264	0.033	-0.109	-0.031	0.090	
32.45	0.276	0.263	0.028	-0.112	-0.028	0.099	
32.50	0.278	0.261	0.023	-0.127	-0.022	0.120	
32.55	0.279	0.260	0.015	-0.145	-0.015	0.133	
32.60	0.279	0.259	0.007	-0.148	-0.008	0.140	
32.65	0.280	0.259	0.000	-0.141	-0.001	0.135	
32.70	0.279	0.259	-0.007	-0.132	0.005	0.128	
32.75	0.279	0.260	-0.013	-0.122	0.012	0.125	
32.80	0.278	0.261	-0.019	-0.113	0.018	0.124	
32.85	0.277	0.262	-0.024	-0.109	0.024	0.120	
32.90	0.276	0.263	-0.030	-0.099	0.031	0.096	
32.95	0.274	0.265	-0.034	-0.084	0.034	0.069	
33.00	0.272	0.267	-0.039	-0.068	0.037	0.060	
33.05	0.270	0.269	-0.041	-0.059	0.040	0.054	
33.10	0.268	0.270	-0.044	-0.057	0.043	0.032	
33.15	0.266	0.273	-0.047	-0.044	0.044	-0.003	
33.20	0.264	0.275	-0.053	0.043	0.042	-0.023	
33.25	0.259	0.277	-0.043	0.126	0.041	-0.036	
33.30	0.259	0.279	-0.032	0.067	0.039	-0.056	
33.35	0.257	0.281	-0.036	-0.001	0.035	-0.082	
33.40	0.256	0.283	-0.036	-0.005	0.030	-0.107	
33.45	0.254	0.284	-0.041	0.083	0.025	-0.127	
33.50	0.250	0.285	-0.027	0.171	0.017	-0.130	
33.55	0.251	0.286	-0.018	0.152	0.011	-0.125	
33.60	0.249	0.286	-0.011	0.116	0.005	-0.126	
33.65	0.250	0.286	-0.006	0.082	-0.002	-0.118	
33.70	0.249	0.286	-0.009	0.143	-0.006	-0.118	
33.75	0.249	0.286	0.006	0.221	-0.013	-0.124	
33.80	0.249	0.285	0.023	0.151	-0.021	-0.096	
33.85	0.252	0.283	0.021	0.081	-0.023	-0.058	
33.90	0.251	0.282	0.021	0.165	-0.024	-0.056	
33.95	0.253	0.281	0.042	0.182	-0.029	-0.063	
34.00	0.256	0.280	0.048	0.047	-0.032	-0.048	
34.05	0.258	0.278	0.042	-0.017	-0.034	-0.022	
34.10	0.260	0.276	0.042	-0.004	-0.034	0.006	
34.15	0.262	0.274	0.043	0.007	-0.032	0.014	
34.20	0.264	0.273	0.044	-0.004	-0.032	0.003	
34.25	0.267	0.271	0.043	-0.036	-0.033	0.013	
34.30	0.269	0.270	0.040	-0.059	-0.032	0.042	
34.35	0.271	0.268	0.036	-0.066	-0.028	0.066	
34.40	0.272	0.267	0.033	-0.077	-0.024	0.069	
34.45	0.274	0.266	0.029	-0.093	-0.022	0.070	
34.50	0.275	0.264	0.024	-0.105	-0.018	0.086	
34.55	0.276	0.264	0.018	-0.116	-0.012	0.094	
34.60	0.277	0.263	0.012	-0.126	-0.008	0.091	
34.65	0.278	0.263	0.006	-0.136	-0.004	0.094	
34.70	0.278	0.263	-0.002	-0.139	0.002	0.101	
34.75	0.277	0.263	-0.009	-0.123	0.007	0.091	
34.80	0.277	0.264	-0.014	-0.108	0.010	0.089	
34.85	0.276	0.264	-0.019	-0.104	0.016	0.088	
34.90	0.275	0.265	-0.024	-0.101	0.019	0.079	
34.95	0.274	0.266	-0.030	-0.085	0.024	0.071	
35.00	0.272	0.268	-0.033	-0.058	0.027	0.048	
35.05	0.270	0.269	-0.035	-0.042	0.028	0.040	
35.10	0.268	0.270	-0.037	-0.030	0.031	0.033	
35.15	0.267	0.272	-0.038	-0.014	0.032	0.014	
35.20	0.264	0.274	-0.038	-0.014	0.032	0.007	
35.25	0.263	0.275	-0.039	-0.025	0.032	0.001	
35.30	0.261	0.277	-0.041	-0.026	0.033	-0.022	
35.35	0.259	0.279	-0.047	0.059	0.031	-0.051	
35.40	0.255	0.280	-0.035	0.145	0.027	-0.072	
35.45	0.256	0.281	-0.026	0.133	0.023	-0.089	
35.50	0.253	0.282	-0.021	0.108	0.018	-0.092	
35.55	0.254	0.283	-0.017	0.108	0.014	-0.088	
35.60	0.251	0.284	-0.011	0.134	0.009	-0.088	
35.65	0.252	0.284	-0.003	0.139	0.006	-0.099	
35.70	0.250	0.284	0.004	0.118	-0.000	-0.115	
35.75	0.253	0.284	0.013	0.034	-0.007	-0.108	
35.80	0.253	0.283	0.002	0.039	-0.012	-0.089	
35.85	0.252	0.283	0.007	0.197	-0.016	-0.075	
35.90	0.253	0.282	0.030	0.214	-0.020	-0.058	
35.95	0.256	0.281	0.038	0.075	-0.022	-0.041	
36.00	0.257	0.280	0.033	-0.005	-0.022	-0.043	
36.05	0.259	0.279	0.033	-0.002	-0.026	-0.043	
36.10	0.260	0.277	0.033	0.013	-0.028	-0.023	
36.15	0.262	0.276	0.035	0.019	-0.028	-0.015	
36.20	0.264	0.274	0.036	-0.000	-0.030	-0.005	
36.25	0.266	0.273	0.035	-0.031	-0.029	0.022	
36.30	0.267	0.271	0.032	-0.043	-0.026	0.029	
36.35	0.269	0.270	0.030	-0.049	-0.026	0.027	
36.40	0.270	0.269	0.028	-0.070	-0.025	0.048	
36.45	0.272	0.268	0.024	-0.090	-0.020	0.059	
36.50	0.273	0.267	0.018	-0.092	-0.018	0.054	
36.55	0.274	0.266	0.014	-0.084	-0.016	0.065	
36.60	0.274	0.265	0.010	-0.084	-0.012	0.092	
36.65	0.275	0.264	0.006	-0.093	-0.006	0.104	
36.70	0.275	0.265	0.000	-0.097	-0.001	0.093	
36.75	0.275	0.264	-0.004	-0.091	0.003	0.081	
36.80	0.274	0.265	-0.008	-0.092	0.007	0.078	
36.85	0.274	0.265	-0.013	-0.094	0.011	0.082	
36.90	0.273	0.266	-0.018	-0.082	0.015	0.081	
36.95	0.272	0.267	-0.022	-0.064	0.020	0.068	
37.00	0.271	0.268	-0.024	-0.051	0.022	0.053	
37.05	0.270	0.269	-0.027	-0.039	0.024	0.045	
37.10	0.268	0.270	-0.028	-0.027	0.027	0.033	
37.15	0.267	0.272	-0.029	-0.035	0.028	0.013	
37.20	0.265	0.273	-0.031	-0.044	0.028	-0.007	
37.25	0.264	0.275	-0.034	-0.022	0.026	-0.005	
37.30	0.262	0.276	-0.038	0.074	0.028	-0.007	
37.35	0.259	0.277	-0.026	0.143	0.027	-0.037	
37.40	0.259	0.279	-0.014	0.053	0.023	-0.053	
37.45	0.258	0.280	-0.021	-0.028	0.021	-0.053	
37.50	0.257	0.281	-0.028	0.059	0.019	-0.062	
37.55	0.255	0.282	-0.015	0.152	0.016	-0.089	
37.60	0.256	0.282	-0.002	0.080	0.010	-0.113	
37.65	0.255	0.283	-0.007	-0.008	0.003	-0.110	
37.70	0.255	0.283	-0.012	0.039	-0.002	-0.088	
37.75	0.253	0.282	-0.002	0.103	-0.005	-0.078	
37.80	0.255	0.282	0.002	0.115	-0.010	-0.074	
37.85	0.254	0.281	0.004	0.190	-0.014	-0.054	
37.90	0.255	0.281	0.025	0.186	-0.014	-0.049	
37.95	0.257	0.280	0.031	0.043	-0.018	-0.053	
38.00	0.258	0.279	0.025	-0.024	-0.020	-0.040	
38.05	0.259	0.278	0.024	-0.005	-0.022	-0.027	
38.10	0.261	0.277	0.025	0.013	-0.023	-0.011	
38.15	0.262	0.276	0.026	0.009	-0.022	-0.010	
38.20	0.263	0.275	0.026	0.000	-0.024	-0.004	
38.25	0.264	0.273	0.026	-0.001	-0.024	0.017	
38.30	0.266	0.272	0.026	-0.011	-0.022	0.030	
38.35	0.267	0.271	0.025	-0.024	-0.020	0.039	
38.40	0.268	0.270	0.024	-0.046	-0.018	0.038	
38.45	0.270	0.269	0.022	-0.084	-0.017	0.043	
38.50	0.271	0.268	0.014	-0.090	-0.014	0.058	
38.55	0.271	0.268	0.011	-0.069	-0.010	0.068	
38.60	0.272	0.267	0.009	-0.066	-0.007	0.060	
38.65	0.272	0.267	0.004	-0.065	-0.005	0.061	
38.70	0.272	0.267	0.002	-0.061	-0.001	0.066	
38.75	0.272	0.267	-0.001	-0.068	0.002	0.059	
38.80	0.272	0.267	-0.005	-0.076	0.004	0.069	
38.85	0.272	0.267	-0.009	-0.077	0.009	0.072	
38.90	0.271	0.268	-0.013	-0.068	0.013	0.047	
38.95	0.270	0.269	-0.016	-0.047	0.013	0.035	
39.00	0.269	0.269	-0.017	-0.034	0.015	0.049	
39.05	0.269	0.270	-0.019	-0.035	0.019	0.048	
39.10	0.268	0.271	-0.021	-0.038	0.021	0.032	
39.15	0.267	0.272	-0.023	-0.036	0.022	0.015	
39.20	0.265	0.274	-0.026	-0.013	0.023	-0.010	
39.25	0.264	0.275	-0.025	0.020	0.021	-0.027	
39.30	0.263	0.276	-0.022	0.028	0.019	-0.028	
39.35	0.262	0.276	-0.022	0.027	0.018	-0.020	
39.40	0.261	0.277	-0.020	0.035	0.017	-0.016	
39.45	0.260	0.278	-0.018	0.039	0.017	-0.027	
39.50	0.259	0.279	-0.016	0.046	0.015	-0.054	
39.55	0.258	0.280	-0.014	0.059	0.011	-0.073	
39.60	0.257	0.280	-0.010	0.064	0.007	-0.073	
39.65	0.257	0.281	-0.007	0.056	0.004	-0.068	
39.70	0.257	0.280	-0.004	0.036	0.000	-0.064	
39.75	0.257	0.281	-0.003	0.029	-0.002	-0.066	
39.80	0.257	0.280	-0.006	0.113	-0.006	-0.066	
39.85	0.255	0.280	0.008	0.188	-0.010	-0.053	
39.90	0.258	0.279	0.022	0.099	-0.012	-0.037	
39.95	0.258	0.279	0.018	0.005	-0.013	-0.025	
40.00	0.259	0.278	0.017	0.001	-0.014	-0.022	
40.05	0.260	0.277	0.018	0.020	-0.015	-0.027	
40.10	0.261	0.276	0.020	0.029	-0.017	-0.017	
40.15	0.262	0.275	0.021	0.021	-0.018	0.007	
40.20	0.263	0.275	0.023	0.001	-0.015	0.009	
40.25	0.264	0.274	0.021	-0.023	-0.016	-0.002	
40.30	0.265	0.273	0.019	-0.021	-0.017	0.011	
40.35	0.266	0.272	0.019	-0.012	-0.015	0.030	
40.40	0.267	0.271	0.019	-0.026	-0.013	0.033	
40.45	0.268	0.271	0.017	-0.047	-0.012	0.031	
40.50	0.269	0.270	0.013	-0.049	-0.011	0.039	
40.55	0.269	0.270	0.012	-0.046	-0.007	0.035	
40.60	0.270	0.270	0.009	-0.056	-0.007	0.028	
40.65	0.270	0.269	0.006	-0.062	-0.006	0.048	
40.70	0.270	0.269	0.003	-0.066	-0.001	0.060	
40.75	0.271	0.269	-0.000	-0.071	0.001	0.050	
40.80	0.270	0.269	-0.005	-0.068	0.003	0.049	
40.85	0.270	0.269	-0.008	-0.056	0.006	0.047	
40.90	0.270	0.270	-0.010	-0.050	0.008	0.035	
40.95	0.269	0.270	-0.013	-0.043	0.009	0.028	
41.00	0.268	0.271	-0.015	-0.026	0.011	0.019	
41.05	0.268	0.271	-0.015	-0.021	0.011	0.011	
41.10	0.267	0.272	-0.016	-0.019	0.011	0.025	
41.15	0.266	0.272	-0.017	-0.012	0.014	0.038	
41.20	0.265	0.273	-0.017	-0.008	0.017	0.015	
41.25	0.264	0.274	-0.018	-0.002	0.015	-0.011	
41.30	0.263	0.275	-0.017	-0.006	0.014	-0.015	
41.35	0.263	0.275	-0.018	-0.020	0.013	-0.005	
41.40	0.262	0.276	-0.020	-0.008	0.014	-0.010	
41.45	0.261	0.277	-0.024	0.093	0.014	-0.039	
41.50	0.258	0.277	-0.010	0.167	0.010	-0.053	
41.55	0.260	0.278	0.002	0.077	0.007	-0.045	
41.60	0.259	0.278	-0.002	-0.019	0.005	-0.036	
41.65	0.259	0.278	-0.005	-0.026	0.004	-0.031	
41.70	0.259	0.279	-0.006	0.003	0.003	-0.037	
41.75	0.259	0.279	-0.009	0.105	0.000	-0.047	
41.80	0.257	0.279	0.006	0.174	-0.002	-0.052	
41.85	0.260	0.279	0.018	0.078	-0.005	-0.052	
41.90	0.260	0.278	0.012	-0.008	-0.008	-0.033	
41.95	0.261	0.277	0.012	-0.002	-0.008	-0.020	
42.00	0.261	0.277	0.013	0.006	-0.010	-0.019	
42.05	0.262	0.276	0.014	-0.001	-0.010	-0.015	
42.10	0.263	0.276	0.012	0.001	-0.011	-0.016	
42.15	0.263	0.275	0.013	0.018	-0.012	-0.010	
42.20	0.264	0.275	0.015	0.010	-0.012	-0.008	
42.25	0.265	0.274	0.015	-0.014	-0.013	-0.006	
42.30	0.265	0.274	0.013	-0.020	-0.013	0.010	
42.35	0.266	0.273	0.012	-0.014	-0.012	0.022	
42.40	0.267	0.272	0.012	-0.016	-0.010	0.024	
42.45	0.267	0.272	0.011	-0.031	-0.009	0.013	
42.50	0.268	0.272	0.009	-0.050	-0.010	0.020	
42.55	0.268	0.271	0.005	-0.050	-0.008	0.046	
42.60	0.268	0.271	0.004	-0.039	-0.004	0.052	
42.65	0.268	0.270	0.002	-0.042	-0.002	0.044	
42.70	0.268	0.271	-0.001	-0.040	0.000	0.036	
42.75	0.268	0.270	-0.003	-0.026	0.002	0.029	
42.80	0.268	0.271	-0.003	-0.019	0.003	0.022	
42.85	0.268	0.271	-0.003	-0.030	0.004	0.022	
42.90	0.268	0.271	-0.006	-0.039	0.004	0.034	
42.95	0.267	0.271	-0.009	-0.025	0.007	0.040	
43.00	0.267	0.272	-0.008	-0.018	0.010	0.018	
43.05	0.267	0.272	-0.010	-0.019	0.009	-0.010	
43.10	0.266	0.273	-0.011	-0.007	0.007	-0.005	
43.15	0.265	0.273	-0.011	0.003	0.008	0.020	
43.20	0.265	0.274	-0.010	0.006	0.010	0.021	
43.25	0.264	0.274	-0.010	0.009	0.011	0.005	
43.30	0.264	0.275	-0.009	0.008	0.011	-0.014	
43.35	0.263	0.275	-0.009	0.010	0.009	-0.033	
43.40	0.263	0.276	-0.008	0.016	0.006	-0.029	
43.45	0.263	0.276	-0.007	0.009	0.006	-0.013	
43.50	0.262	0.276	-0.008	0.018	0.006	-0.013	
43.55	0.262	0.276	-0.006	0.042	0.006	-0.032	
43.60	0.262	0.277	-0.003	0.045	0.002	-0.042	
43.65	0.261	0.277	-0.001	0.040	0.000	-0.032	
43.70	0.261	0.277	0.001	0.033	-0.001	-0.018	
43.75	0.262	0.276	0.002	0.026	-0.001	-0.012	
43.80	0.262	0.277	0.003	0.024	-0.001	-0.030	
43.85	0.262	0.277	0.005	0.016	-0.004	-0.044	
43.90	0.262	0.276	0.005	0.011	-0.007	-0.025	
43.95	0.262	0.276	0.005	0.012	-0.007	-0.002	
44.00	0.263	0.275	0.006	0.020	-0.007	0.008	
44.05	0.263	0.275	0.008	0.019	-0.006	0.004	
44.10	0.263	0.275	0.008	0.008	-0.006	-0.007	
44.15	0.264	0.275	0.008	-0.002	-0.007	-0.010	
44.20	0.264	0.274	0.008	-0.011	-0.008	0.002	
44.25	0.265	0.274	0.007	-0.015	-0.007	0.016	
44.30	0.265	0.274	0.007	-0.015	-0.005	0.013	
44.35	0.265	0.273	0.006	-0.014	-0.006	0.014	
44.40	0.265	0.273	0.005	-0.011	-0.004	0.026	
44.45	0.266	0.273	0.005	-0.014	-0.002	0.018	
44.50	0.266	0.273	0.004	-0.017	-0.002	0.003	
44.55	0.266	0.273	0.003	-0.020	-0.003	0.012	
44.60	0.266	0.272	0.002	-0.024	-0.001	0.021	
44.65	0.266	0.273	0.000	-0.022	0.000	0.013	
44.70	0.266	0.273	-0.000	-0.022	-0.001	0.022	
44.75	0.266	0.272	-0.002	-0.023	0.002	0.032	
44.80	0.266	0.273	-0.003	-0.019	0.004	0.019	
44.85	0.266	0.273	-0.004	-0.016	0.004	0.016	
44.90	0.266	0.273	-0.004	-0.019	0.006	0.009	
44.95	0.266	0.274	-0.006	-0.014	0.005	-0.013	
45.00	0.265	0.274	-0.006	0.000	0.003	-0.014	
45.05	0.265	0.274	-0.005	-0.001	0.003	0.004	
45.10	0.265	0.274	-0.006	-0.004	0.005	0.003	
45.15	0.264	0.274	-0.006	0.006	0.004	-0.007	
45.20	0.264	0.274	-0.005	0.005	0.003	-0.001	
45.25	0.264	0.275	-0.006	0.008	0.004	-0.004	
45.30	0.263	0.275	-0.005	0.020	0.004	-0.022	
45.35	0.263	0.275	-0.003	0.017	0.001	-0.023	
45.40	0.263	0.275	-0.003	0.013	0.000	-0.002	
45.45	0.263	0.275	-0.002	0.016	0.002	0.001	
45.50	0.263	0.275	-0.001	0.019	0.001	-0.016	
45.55	0.263	0.275	0.000	0.022	-0.000	-0.025	
45.60	0.263	0.275	0.001	0.017	-0.002	-0.019	
45.65	0.263	0.275	0.002	0.013	-0.002	-0.010	
45.70	0.263	0.275	0.002	0.016	-0.002	-0.010	
45.75	0.263	0.275	0.003	0.017	-0.004	0.000	
45.80	0.264	0.274	0.004	0.009	-0.003	0.016	
45.85	0.264	0.274	0.004	0.004	-0.001	0.010	
45.90	0.264	0.274	0.005	0.003	-0.001	-0.010	
45.95	0.264	0.274	0.004	0.003	-0.003	-0.015	
46.00	0.264	0.274	0.005	-0.001	-0.004	0.001	
46.05	0.265	0.274	0.005	-0.021	-0.002	0.013	
46.10	0.265	0.274	0.002	-0.034	-0.002	0.013	
46.15	0.265	0.274	0.001	-0.026	-0.001	0.013	
46.20	0.265	0.274	-0.000	-0.019	-0.000	0.012	
46.25	0.265	0.274	-0.001	-0.017	0.000	0.008	
46.30	0.265	0.274	-0.002	-0.005	0.000	0.008	
46.35	0.265	0.274	-0.002	0.019	0.001	0.005	
46.40	0.265	0.274	0.001	0.023	0.001	0.005	
46.45	0.265	0.274	0.001	0.005	0.001	0.011	
46.50	0.265	0.274	0.001	-0.016	0.003	-0.001	
46.55	0.265	0.274	-0.000	-0.031	0.001	-0.010	
46.60	0.265	0.274	-0.003	-0.026	0.000	0.007	
46.65	0.265	0.274	-0.004	-0.004	0.002	0.013	
46.70	0.264	0.274	-0.003	0.012	0.003	-0.000	
46.75	0.264	0.274	-0.001	0.005	0.001	-0.004	
46.80	0.264	0.274	-0.002	-0.010	0.002	-0.008	
46.85	0.264	0.275	-0.004	-0.003	0.001	-0.017	
46.90	0.264	0.274	-0.003	0.012	-0.001	-0.002	
46.95	0.264	0.274	-0.001	0.008	0.001	0.009	
47.00	0.264	0.275	-0.002	-0.001	0.002	-0.008	
47.05	0.264	0.275	-0.002	0.006	-0.000	-0.015	
47.10	0.263	0.274	-0.002	0.020	-0.001	-0.006	
47.15	0.263	0.274	0.000	0.024	-0.000	-0.008	
47.20	0.263	0.275	0.001	0.018	-0.002	-0.007	
47.25	0.264	0.274	0.002	0.002	-0.002	0.005	
47.30	0.264	0.274	0.001	-0.004	-0.001	0.005	
47.35	0.264	0.274	0.001	-0.001	-0.001	0.004	
47.40	0.264	0.274	0.001	-0.004	-0.000	0.003	
47.45	0.264	0.274	0.001	-0.002	-0.000	-0.001	
47.50	0.264	0.274	0.001	0.002	-0.001	0.003	
47.55	0.264	0.274	0.001	0.007	-0.001	0.013	
47.60	0.264	0.274	0.002	0.013	0.001	0.004	
47.65	0.264	0.274	0.003	0.008	0.000	-0.011	
47.70	0.264	0.274	0.002	0.003	-0.001	-0.005	
47.75	0.264	0.274	0.003	-0.003	-0.001	0.007	
47.80	0.265	0.274	0.003	-0.015	0.001	0.005	
47.85	0.265	0.274	0.001	-0.017	0.000	-0.010	
47.90	0.265	0.274	0.000	-0.013	-0.002	-0.003	
47.95	0.265	0.274	0.000	-0.020	-0.001	0.017	
48.00	0.265	0.274	-0.002	-0.025	0.002	0.013	
48.05	0.264	0.274	-0.003	-0.008	0.001	-0.004	
48.10	0.264	0.274	-0.002	0.007	-0.000	-0.000	
48.15	0.264	0.274	-0.002	0.007	0.001	0.007	
48.20	0.264	0.274	-0.002	0.008	0.001	0.004	
48.25	0.264	0.274	-0.001	0.009	0.001	0.006	
48.30	0.264	0.274	-0.000	0.006	0.002	0.002	
48.35	0.264	0.275	-0.000	-0.002	0.002	-0.010	
48.40	0.264	0.274	-0.001	-0.002	0.001	-0.010	
48.45	0.264	0.275	-0.001	-0.001	0.001	-0.013	
48.50	0.264	0.275	-0.001	0.003	-0.001	-0.012	
48.55	0.264	0.274	-0.001	0.015	-0.001	-0.009	
48.60	0.264	0.275	0.001	0.015	-0.001	-0.008	
48.65	0.264	0.274	0.001	0.005	-0.002	-0.002	
48.70	0.264	0.274	0.001	0.002	-0.002	0.003	
48.75	0.264	0.274	0.001	0.001	-0.001	0.008	
48.80	0.264	0.274	0.001	-0.004	-0.000	0.007	
48.85	0.264	0.274	0.000	-0.002	-0.000	0.003	
48.90	0.264	0.274	0.001	0.008	-0.001	0.007	
48.95	0.264	0.274	0.002	0.011	0.000	0.012	
49.00	0.264	0.274	0.002	0.000	0.002	-0.002	
49.05	0.264	0.274	0.002	-0.011	-0.000	-0.011	
49.10	0.264	0.274	0.001	-0.008	-0.000	-0.008	
49.15	0.264	0.274	0.000	0.001	-0.001	-0.009	
49.20	0.264	0.274	0.001	0.001	-0.002	0.003	
49.25	0.265	0.274	0.001	-0.011	-0.000	0.015	
49.30	0.265	0.274	-0.000	-0.019	0.000	0.016	
49.35	0.265	0.274	-0.001	-0.014	0.001	0.012	
49.40	0.264	0.274	-0.002	0.003	0.002	0.004	
49.45	0.264	0.274	-0.001	0.008	0.002	-0.002	
49.50	0.264	0.274	0.000	-0.008	0.001	-0.007	
49.55	0.264	0.274	-0.002	-0.012	0.001	-0.007	
49.60	0.264	0.274	-0.002	0.005	0.001	-0.007	
49.65	0.264	0.274	-0.001	0.008	-0.000	-0.003	
49.70	0.264	0.274	-0.001	-0.004	0.001	-0.000	
49.75	0.264	0.275	-0.002	-0.011	0.000	-0.005	
49.80	0.264	0.274	-0.003	-0.002	-0.001	0.002	
49.85	0.264	0.274	-0.002	0.010	0.001	0.001	
49.90	0.264	0.274	-0.001	0.016	0.000	-0.008	
49.95	0.264	0.274	-0.000	0.018	-0.000	-0.013	
50.00	0.264	0.274	0.001	0.010	-0.002	-0.009	
50.05	0.264	0.274	0.001	0.007	-0.002	0.008	
50.10	0.264	0.274	0.001	0.007	-0.000	0.017	
50.15	0.264	0.274	0.002	0.002	0.001	0.004	
50.20	0.264	0.274	0.002	-0.002	0.000	-0.010	
50.25	0.264	0.274	0.001	-0.005	-0.001	-0.017	
50.30	0.264	0.274	0.001	-0.001	-0.002	-0.006	
50.35	0.264	0.274	0.001	0.002	-0.002	0.017	
50.40	0.264	0.274	0.001	-0.002	0.000	0.019	
50.45	0.264	0.274	0.001	-0.001	0.001	0.001	
50.50	0.264	0.274	0.001	-0.002	0.000	-0.009	
50.55	0.264	0.274	0.001	-0.011	-0.001	-0.002	
50.60	0.264	0.274	0.000	-0.017	-0.000	0.006	
50.65	0.264	0.274	-0.001	-0.011	0.000	0.007	
50.70	0.264	0.274	-0.001	-0.002	0.001	0.000	
50.75	0.264	0.274	-0.001	-0.003	0.000	-0.004	
50.80	0.264	0.274	-0.001	-0.007	-0.000	0.006	
50.85	0.264	0.274	-0.002	-0.010	0.001	0.010	
50.90	0.264	0.274	-0.002	-0.022	0.001	0.001	
50.95	0.264	0.274	-0.004	-0.031	0.001	-0.007	
51.00	0.264	0.274	-0.005	-0.030	-0.000	-0.002	
51.05	0.264	0.274	-0.011	0.045	0.001	0.003	
51.10	0.262	0.274	-0.001	0.124	0.001	-0.005	
51.15	0.264	0.274	0.010	0.058	-0.000	-0.003	
51.20	0.264	0.274	0.005	-0.017	0.001	0.000	
51.25	0.264	0.274	0.004	-0.023	0.000	-0.001	
51.30	0.264	0.274	0.002	-0.014	-0.000	0.008	
51.35	0.264	0.274	0.002	-0.000	0.002	0.001	
51.40	0.264	0.275	0.003	-0.002	0.001	-0.018	
51.45	0.264	0.274	0.003	-0.014	-0.002	-0.013	
51.50	0.264	0.274	0.001	-0.015	-0.001	0.004	
51.55	0.264	0.274	0.000	-0.007	0.000	0.000	
51.60	0.264	0.274	0.001	-0.008	-0.001	-0.008	
51.65	0.264	0.274	-0.000	-0.012	-0.001	-0.005	
51.70	0.264	0.274	-0.001	-0.003	-0.001	-0.003	
51.75	0.264	0.274	-0.001	0.011	-0.003	0.012	
51.80	0.264	0.274	0.001	0.011	-0.000	0.025	
51.85	0.264	0.274	0.001	-0.005	0.002	0.002	
51.90	0.264	0.274	0.000	-0.014	-0.000	-0.011	
51.95	0.264	0.274	-0.001	-0.009	-0.001	0.010	
52.00	0.264	0.274	-0.001	0.004	0.002	0.014	
52.05	0.264	0.274	-0.000	0.009	0.002	-0.010	
52.10	0.264	0.274	0.000	0.004	-0.000	-0.016	
52.15	0.264	0.274	0.001	-0.008	-0.001	0.002	
52.20	0.264	0.274	-0.001	-0.014	0.000	0.016	
52.25	0.264	0.274	-0.002	-0.007	0.001	0.017	
52.30	0.264	0.274	-0.002	0.001	0.002	0.011	
52.35	0.264	0.274	-0.001	0.008	0.003	0.002	
52.40	0.264	0.275	-0.001	0.010	0.002	-0.007	
52.45	0.264	0.274	-0.001	0.013	0.002	-0.010	
52.50	0.264	0.275	0.001	0.012	0.001	-0.016	
52.55	0.264	0.275	0.001	0.000	0.000	-0.020	
52.60	0.264	0.275	0.000	-0.002	-0.001	-0.015	
52.65	0.264	0.274	0.000	0.002	-0.002	-0.007	
52.70	0.264	0.275	0.001	0.000	-0.002	-0.002	
52.75	0.264	0.274	0.001	-0.009	-0.002	0.001	
52.80	0.264	0.274	-0.000	-0.005	-0.002	0.005	
52.85	0.264	0.274	0.000	0.005	-0.001	0.009	
52.90	0.264	0.274	0.001	0.003	-0.000	0.007	
52.95	0.264	0.274	0.000	-0.000	-0.000	-0.002	
53.00	0.264	0.274	0.000	0.002	-0.001	-0.008	
53.05	0.264	0.274	0.001	0.000	-0.002	0.003	
53.10	0.264	0.274	0.000	-0.002	-0.001	0.020	
53.15	0.264	0.274	0.000	0.001	0.002	0.010	
53.20	0.264	0.274	0.001	-0.003	0.001	-0.011	
53.25	0.264	0.274	0.000	-0.008	-0.001	-0.004	
53.30	0.264	0.274	-0.000	-0.007	-0.000	0.013	
53.35	0.264	0.274	-0.001	-0.000	0.001	0.011	
53.40	0.264	0.274	-0.000	0.004	0.001	-0.000	
53.45	0.264	0.274	0.000	-0.007	0.001	-0.010	
53.50	0.264	0.274	-0.001	-0.012	-0.000	-0.004	
53.55	0.264	0.274	-0.002	-0.004	0.000	0.011	
53.60	0.264	0.274	-0.002	0.006	0.001	0.014	
53.65	0.264	0.274	-0.001	0.017	0.002	0.007	
53.70	0.264	0.274	0.001	0.015	0.002	-0.009	
53.75	0.264	0.275	0.001	0.001	0.001	-0.024	
53.80	0.264	0.275	0.000	-0.005	-0.001	-0.018	
53.85	0.264	0.274	0.000	-0.001	-0.002	0.006	
53.90	0.264	0.274	0.000	0.002	0.001	0.012	
53.95	0.264	0.275	0.001	-0.002	0.001	-0.005	
54.00	0.264	0.274	0.000	-0.005	-0.000	-0.019	
54.05	0.264	0.275	-0.000	0.003	-0.002	-0.013	
54.10	0.264	0.274	0.001	0.003	-0.002	-0.002	
54.15	0.264	0.274	0.001	-0.010	-0.001	-0.004	
54.20	0.264	0.274	-0.001	-0.013	-0.003	0.007	
54.25	0.264	0.274	-0.001	-0.002	-0.001	0.022	
54.30	0.264	0.274	-0.001	0.003	0.001	0.007	
54.35	0.264	0.274	-0.001	0.008	-0.000	-0.013	
54.40	0.264	0.274	0.000	0.012	-0.002	0.003	
54.45	0.264	0.274	0.001	0.007	0.000	0.018	
54.50	0.264	0.274	0.000	0.006	0.000	0.014	
54.55	0.264	0.274	0.001	0.015	0.002	0.008	
54.60	0.264	0.274	0.003	0.013	0.002	-0.007	
54.65	0.265	0.274	0.003	-0.002	-0.000	-0.005	
54.70	0.265	0.274	0.002	-0.012	0.001	0.011	
54.75	0.265	0.274	0.001	-0.016	0.002	0.008	
54.80	0.265	0.274	0.000	-0.017	0.002	-0.004	
54.85	0.265	0.274	-0.000	-0.017	0.001	-0.011	
54.90	0.265	0.275	-0.001	-0.016	0.000	-0.011	
54.95	0.265	0.274	-0.002	-0.013	0.000	-0.006	
55.00	0.265	0.275	-0.003	-0.007	0.000	-0.003	
55.05	0.264	0.274	-0.003	-0.000	-0.000	-0.004	
55.10	0.264	0.275	-0.002	-0.008	-0.000	-0.005	
55.15	0.264	0.274	-0.004	-0.008	-0.001	-0.001	
55.20	0.264	0.274	-0.004	0.015	-0.000	0.002	
55.25	0.264	0.274	-0.002	0.028	-0.000	-0.000	
55.30	0.264	0.274	-0.000	0.024	-0.001	0.003	
55.35	0.264	0.274	0.001	0.010	-0.000	0.006	
55.40	0.264	0.274	0.000	0.003	0.001	-0.004	
55.45	0.264	0.274	0.000	0.006	-0.001	-0.009	
55.50	0.264	0.274	0.001	0.007	-0.001	-0.007	
55.55	0.264	0.274	0.001	0.004	-0.002	-0.002	
55.60	0.264	0.274	0.001	0.008	-0.002	0.017	
55.65	0.264	0.274	0.003	0.005	0.001	0.021	
55.70	0.264	0.274	0.002	-0.010	0.002	-0.001	
55.75	0.264	0.274	0.001	-0.012	0.000	-0.014	
55.80	0.264	0.274	0.001	-0.001	-0.001	-0.004	
55.85	0.264	0.274	0.001	0.001	-0.001	0.016	
55.90	0.264	0.274	0.001	-0.008	0.002	0.016	
55.95	0.264	0.274	0.000	-0.015	0.002	0.001	
56.00	0.264	0.274	-0.000	-0.017	0.002	-0.009	
56.05	0.264	0.275	-0.002	-0.015	0.001	-0.017	
56.10	0.264	0.274	-0.002	-0.002	-0.001	-0.013	
56.15	0.264	0.274	-0.002	0.008	-0.001	0.001	
56.20	0.264	0.274	-0.001	0.004	0.000	-0.001	
56.25	0.264	0.275	-0.001	-0.000	-0.001	-0.008	
56.30	0.264	0.274	-0.001	0.002	-0.002	0.011	
56.35	0.264	0.274	-0.001	0.000	0.001	0.022	
56.40	0.264	0.274	-0.001	-0.000	0.002	-0.007	
56.45	0.264	0.275	-0.001	0.007	-0.001	-0.023	
56.50	0.264	0.274	-0.000	0.010	-0.002	-0.004	
56.55	0.264	0.274	0.000	0.009	-0.001	0.012	
56.60	0.264	0.274	0.000	0.010	0.000	0.013	
56.65	0.264	0.274	0.001	0.007	0.001	0.007	
56.70	0.264	0.274	0.001	0.002	0.001	0.002	
56.75	0.264	0.274	0.001	0.005	0.001	-0.002	
56.80	0.264	0.275	0.002	0.010	0.001	-0.013	
56.85	0.264	0.274	0.003	0.003	-0.001	-0.014	
56.90	0.264	0.274	0.002	-0.004	-0.001	-0.011	
56.95	0.264	0.274	0.002	-0.005	-0.002	-0.008	
57.00	0.264	0.274	0.002	-0.008	-0.002	0.006	
57.05	0.264	0.274	0.001	-0.014	-0.001	0.014	
57.10	0.265	0.274	0.000	-0.016	-0.000	0.008	
57.15	0.264	0.274	-0.001	-0.009	0.000	0.002	
57.20	0.264	0.274	-0.001	-0.004	0.000	-0.009	
57.25	0.264	0.274	-0.001	-0.002	-0.002	-0.004	
57.30	0.264	0.274	-0.001	-0.002	-0.000	0.009	
57.35	0.264	0.274	-0.001	-0.005	0.000	0.010	
57.40	0.264	0.274	-0.001	-0.001	0.000	0.011	
57.45	0.264	0.274	-0.001	-0.004	0.002	-0.000	
57.50	0.264	0.274	-0.002	-0.000	-0.000	-0.004	
57.55	0.264	0.274	-0.002	0.011	0.001	-0.003	
57.60	0.264	0.274	-0.000	0.012	0.001	-0.013	
57.65	0.264	0.274	-0.000	0.006	-0.001	-0.004	
57.70	0.264	0.274	0.000	0.002	-0.000	0.010	
57.75	0.264	0.274	0.000	0.000	0.001	0.005	
57.80	0.264	0.274	0.000	0.000	0.000	-0.002	
57.85	0.264	0.274	0.000	0.002	0.000	-0.002	
57.90	0.264	0.274	0.000	0.006	0.000	0.000	
57.95	0.264	0.274	0.000	0.013	0.000	0.004	
58.00	0.264	0.274	0.002	0.013	0.000	0.008	
58.05	0.264	0.274	0.002	0.000	0.001	0.004	
58.10	0.264	0.274	0.002	-0.012	0.001	-0.008	
58.15	0.264	0.274	0.000	-0.011	0.000	-0.014	
58.20	0.264	0.274	0.000	-0.003	-0.000	-0.015	
58.25	0.264	0.274	0.000	0.003	-0.002	-0.003	
58.30	0.264	0.274	0.001	0.001	-0.001	0.005	
58.35	0.264	0.274	0.000	-0.002	-0.000	-0.002	
58.40	0.264	0.274	0.000	-0.000	-0.001	-0.004	
58.45	0.264	0.274	0.001	-0.006	-0.001	-0.004	
58.50	0.264	0.274	-0.000	-0.015	-0.002	0.006	
58.55	0.264	0.274	-0.001	-0.012	-0.001	0.021	
58.60	0.264	0.274	-0.002	-0.004	0.002	0.011	
58.65	0.264	0.274	-0.001	0.002	0.001	-0.010	
58.70	0.264	0.274	-0.001	-0.000	-0.001	-0.004	
58.75	0.264	0.274	-0.002	-0.000	0.000	0.013	
58.80	0.264	0.274	-0.002	0.013	0.002	0.007	
58.85	0.264	0.274	0.000	0.015	0.000	0.009	
58.90	0.264	0.274	0.001	-0.001	0.002	0.018	
58.95	0.264	0.274	-0.001	-0.003	0.003	0.002	
59.00	0.264	0.274	-0.000	0.004	0.002	-0.017	
59.05	0.264	0.275	0.000	0.005	0.001	-0.024	
59.10	0.264	0.275	0.001	-0.000	-0.001	-0.018	
59.15	0.264	0.274	0.000	-0.004	-0.001	-0.001	
59.20	0.264	0.274	-0.000	0.006	-0.000	0.006	
59.25	0.264	0.274	0.001	0.011	-0.000	0.006	
59.30	0.264	0.274	0.001	0.003	0.000	0.004	
59.35	0.264	0.274	0.001	-0.007	0.000	0.002	
59.40	0.264	0.274	0.000	-0.009	0.001	-0.008	
59.45	0.264	0.275	0.000	-0.005	-0.000	-0.017	
59.50	0.264	0.274	0.000	-0.002	-0.002	-0.007	
59.55	0.264	0.274	0.000	0.001	-0.001	0.005	
59.60	0.264	0.274	0.000	0.002	-0.000	-0.004	
59.65	0.264	0.274	0.000	0.002	-0.002	-0.015	
59.70	0.264	0.274	0.001	-0.008	-0.003	-0.001	
59.75	0.264	0.274	-0.000	-0.017	-0.001	0.009	
59.80	0.264	0.274	-0.002	-0.006	-0.002	0.008	
59.85	0.264	0.274	-0.001	0.014	-0.001	0.017	
59.90	0.264	0.274	-0.000	0.023	0.000	0.027	
59.95	0.264	0.274	0.001	0.025	0.002	0.039	
60.00	0.264	0.274	0.002	0.025	0.004	0.048	
