Vernier Format 2
run36.txt 10/10/2025 15:26:12
Run 1
Time	Position	Position	Velocity	Acceleration	Velocity	Acceleration	
T	P	P	V	A	V	A	
s	m	m	m/s	m/s^2	m/s	m/s^2	

0.00	0.272	0.283	0.106	-0.124	0.078	-0.097	
0.05	0.277	0.287	0.101	-0.151	0.074	-0.135	
0.10	0.282	0.291	0.093	-0.189	0.066	-0.182	
0.15	0.287	0.294	0.082	-0.227	0.055	-0.219	
0.20	0.291	0.297	0.070	-0.259	0.044	-0.257	
0.25	0.294	0.298	0.056	-0.286	0.029	-0.280	
0.30	0.296	0.299	0.041	-0.306	0.014	-0.267	
0.35	0.298	0.300	0.025	-0.321	0.003	-0.255	
0.40	0.299	0.300	0.009	-0.327	-0.010	-0.264	
0.45	0.299	0.299	-0.008	-0.319	-0.024	-0.260	
0.50	0.298	0.297	-0.024	-0.302	-0.037	-0.237	
0.55	0.297	0.295	-0.038	-0.280	-0.048	-0.213	
0.60	0.294	0.292	-0.051	-0.262	-0.058	-0.190	
0.65	0.291	0.289	-0.064	-0.252	-0.067	-0.157	
0.70	0.288	0.286	-0.077	-0.228	-0.074	-0.117	
0.75	0.283	0.282	-0.088	-0.186	-0.079	-0.084	
0.80	0.279	0.278	-0.096	-0.147	-0.082	-0.060	
0.85	0.274	0.273	-0.102	-0.111	-0.085	-0.031	
0.90	0.269	0.269	-0.107	-0.069	-0.086	0.010	
0.95	0.263	0.265	-0.110	-0.015	-0.084	0.053	
1.00	0.257	0.261	-0.109	0.043	-0.081	0.095	
1.05	0.252	0.256	-0.105	0.095	-0.075	0.138	
1.10	0.247	0.253	-0.099	0.136	-0.066	0.164	
1.15	0.242	0.250	-0.091	0.166	-0.058	0.192	
1.20	0.238	0.247	-0.083	0.201	-0.047	0.225	
1.25	0.234	0.245	-0.071	0.240	-0.035	0.239	
1.30	0.230	0.244	-0.058	0.270	-0.023	0.241	
1.35	0.228	0.243	-0.044	0.295	-0.011	0.248	
1.40	0.226	0.243	-0.029	0.316	0.002	0.256	
1.45	0.225	0.243	-0.012	0.326	0.015	0.253	
1.50	0.225	0.244	0.005	0.323	0.028	0.235	
1.55	0.226	0.246	0.020	0.313	0.038	0.221	
1.60	0.227	0.248	0.036	0.301	0.050	0.209	
1.65	0.229	0.251	0.051	0.282	0.060	0.178	
1.70	0.232	0.254	0.065	0.254	0.068	0.138	
1.75	0.236	0.258	0.077	0.221	0.074	0.098	
1.80	0.240	0.262	0.087	0.183	0.077	0.069	
1.85	0.244	0.265	0.095	0.142	0.082	0.028	
1.90	0.249	0.270	0.101	0.101	0.081	-0.035	
1.95	0.255	0.274	0.105	0.059	0.076	-0.063	
2.00	0.260	0.277	0.107	0.013	0.074	-0.073	
2.05	0.265	0.281	0.106	-0.033	0.071	-0.112	
2.10	0.271	0.285	0.104	-0.089	0.063	-0.157	
2.15	0.276	0.287	0.098	-0.151	0.053	-0.174	
2.20	0.281	0.290	0.088	-0.192	0.046	-0.195	
2.25	0.285	0.292	0.078	-0.218	0.035	-0.230	
2.30	0.288	0.293	0.066	-0.243	0.022	-0.240	
2.35	0.291	0.294	0.053	-0.263	0.010	-0.228	
2.40	0.294	0.294	0.040	-0.286	-0.001	-0.221	
2.45	0.295	0.294	0.025	-0.310	-0.012	-0.222	
2.50	0.296	0.293	0.009	-0.322	-0.024	-0.211	
2.55	0.296	0.292	-0.008	-0.315	-0.034	-0.188	
2.60	0.295	0.290	-0.023	-0.296	-0.043	-0.154	
2.65	0.294	0.287	-0.038	-0.276	-0.049	-0.130	
2.70	0.292	0.285	-0.051	-0.257	-0.055	-0.123	
2.75	0.289	0.282	-0.063	-0.236	-0.061	-0.111	
2.80	0.285	0.279	-0.075	-0.208	-0.067	-0.089	
2.85	0.281	0.275	-0.085	-0.169	-0.071	-0.054	
2.90	0.277	0.271	-0.092	-0.128	-0.072	-0.015	
2.95	0.272	0.268	-0.097	-0.090	-0.072	0.029	
3.00	0.267	0.264	-0.101	-0.053	-0.070	0.081	
3.05	0.262	0.261	-0.103	-0.005	-0.063	0.107	
3.10	0.257	0.258	-0.102	0.049	-0.058	0.107	
3.15	0.252	0.255	-0.097	0.092	-0.053	0.128	
3.20	0.247	0.252	-0.092	0.127	-0.046	0.174	
3.25	0.242	0.250	-0.085	0.163	-0.035	0.212	
3.30	0.238	0.249	-0.076	0.204	-0.023	0.221	
3.35	0.235	0.248	-0.065	0.243	-0.013	0.213	
3.40	0.232	0.248	-0.051	0.271	-0.003	0.221	
3.45	0.229	0.248	-0.037	0.293	0.010	0.224	
3.50	0.228	0.249	-0.022	0.307	0.021	0.200	
3.55	0.227	0.250	-0.006	0.304	0.029	0.178	
3.60	0.227	0.252	0.009	0.286	0.038	0.167	
3.65	0.228	0.254	0.023	0.271	0.046	0.153	
3.70	0.230	0.256	0.036	0.262	0.054	0.126	
3.75	0.232	0.259	0.049	0.244	0.059	0.089	
3.80	0.235	0.262	0.061	0.217	0.063	0.055	
3.85	0.238	0.265	0.071	0.183	0.064	0.035	
3.90	0.242	0.269	0.079	0.154	0.066	0.019	
3.95	0.246	0.272	0.087	0.124	0.067	-0.026	
4.00	0.251	0.276	0.092	0.087	0.064	-0.083	
4.05	0.255	0.279	0.095	0.046	0.057	-0.109	
4.10	0.260	0.281	0.097	0.000	0.052	-0.112	
4.15	0.265	0.284	0.095	-0.044	0.046	-0.119	
4.20	0.270	0.286	0.092	-0.085	0.041	-0.147	
4.25	0.274	0.288	0.087	-0.125	0.032	-0.185	
4.30	0.279	0.289	0.080	-0.164	0.022	-0.208	
4.35	0.282	0.290	0.070	-0.196	0.010	-0.214	
4.40	0.286	0.290	0.060	-0.220	-0.000	-0.200	
4.45	0.288	0.290	0.048	-0.239	-0.009	-0.188	
4.50	0.290	0.289	0.036	-0.255	-0.019	-0.182	
4.55	0.292	0.288	0.022	-0.266	-0.028	-0.166	
4.60	0.293	0.286	0.009	-0.270	-0.036	-0.148	
4.65	0.293	0.285	-0.005	-0.268	-0.042	-0.137	
4.70	0.292	0.282	-0.018	-0.260	-0.050	-0.114	
4.75	0.291	0.279	-0.031	-0.248	-0.055	-0.070	
4.80	0.289	0.277	-0.044	-0.228	-0.056	-0.036	
4.85	0.286	0.274	-0.054	-0.200	-0.057	-0.025	
4.90	0.283	0.271	-0.063	-0.174	-0.059	-0.020	
4.95	0.280	0.268	-0.072	-0.143	-0.060	0.008	
5.00	0.276	0.265	-0.077	-0.118	-0.059	0.056	
5.05	0.272	0.262	-0.083	-0.104	-0.055	0.104	
5.10	0.268	0.259	-0.089	-0.070	-0.047	0.126	
5.15	0.263	0.257	-0.091	-0.015	-0.041	0.118	
5.20	0.259	0.255	-0.090	0.036	-0.036	0.122	
5.25	0.254	0.253	-0.087	0.075	-0.029	0.141	
5.30	0.250	0.252	-0.082	0.102	-0.022	0.164	
5.35	0.246	0.251	-0.077	0.128	-0.014	0.197	
5.40	0.242	0.251	-0.070	0.158	-0.002	0.216	
5.45	0.239	0.251	-0.061	0.193	0.010	0.197	
5.50	0.236	0.252	-0.050	0.228	0.018	0.167	
5.55	0.234	0.253	-0.038	0.252	0.026	0.154	
5.60	0.232	0.255	-0.024	0.261	0.033	0.154	
5.65	0.231	0.256	-0.012	0.266	0.041	0.150	
5.70	0.231	0.259	0.002	0.270	0.050	0.118	
5.75	0.232	0.261	0.016	0.260	0.054	0.070	
5.80	0.233	0.264	0.029	0.241	0.056	0.033	
5.85	0.234	0.267	0.040	0.229	0.056	0.011	
5.90	0.237	0.270	0.051	0.219	0.056	0.002	
5.95	0.240	0.273	0.062	0.194	0.058	-0.022	
6.00	0.243	0.276	0.071	0.158	0.055	-0.061	
6.05	0.247	0.278	0.078	0.121	0.049	-0.067	
6.10	0.251	0.280	0.083	0.084	0.048	-0.076	
6.15	0.255	0.283	0.087	0.047	0.045	-0.130	
6.20	0.260	0.285	0.088	0.008	0.035	-0.173	
6.25	0.264	0.287	0.087	-0.026	0.025	-0.175	
6.30	0.268	0.288	0.085	-0.054	0.017	-0.166	
6.35	0.273	0.288	0.082	-0.089	0.009	-0.161	
6.40	0.277	0.288	0.077	-0.137	0.001	-0.163	
6.45	0.281	0.288	0.069	-0.193	-0.007	-0.170	
6.50	0.284	0.288	0.057	-0.229	-0.016	-0.164	
6.55	0.286	0.287	0.045	-0.240	-0.024	-0.149	
6.60	0.288	0.285	0.033	-0.243	-0.031	-0.132	
6.65	0.289	0.283	0.020	-0.247	-0.037	-0.119	
6.70	0.290	0.282	0.008	-0.253	-0.043	-0.110	
6.75	0.290	0.279	-0.005	-0.254	-0.049	-0.075	
6.80	0.290	0.277	-0.018	-0.242	-0.051	-0.035	
6.85	0.288	0.274	-0.029	-0.228	-0.052	-0.013	
6.90	0.287	0.271	-0.041	-0.214	-0.052	-0.003	
6.95	0.284	0.269	-0.051	-0.195	-0.052	0.013	
7.00	0.282	0.266	-0.060	-0.176	-0.051	0.037	
7.05	0.278	0.264	-0.069	-0.148	-0.048	0.057	
7.10	0.275	0.261	-0.075	-0.116	-0.045	0.080	
7.15	0.271	0.259	-0.080	-0.085	-0.040	0.108	
7.20	0.267	0.257	-0.084	-0.043	-0.034	0.128	
7.25	0.262	0.256	-0.085	0.003	-0.027	0.138	
7.30	0.258	0.255	-0.083	0.042	-0.020	0.140	
7.35	0.254	0.254	-0.080	0.073	-0.014	0.151	
7.40	0.250	0.253	-0.076	0.103	-0.005	0.168	
7.45	0.246	0.253	-0.070	0.134	0.004	0.166	
7.50	0.243	0.253	-0.063	0.163	0.012	0.162	
7.55	0.240	0.254	-0.054	0.193	0.021	0.149	
7.60	0.237	0.256	-0.043	0.214	0.027	0.128	
7.65	0.235	0.257	-0.032	0.231	0.032	0.124	
7.70	0.234	0.259	-0.020	0.248	0.040	0.111	
7.75	0.233	0.261	-0.007	0.262	0.045	0.079	
7.80	0.233	0.263	0.007	0.254	0.047	0.058	
7.85	0.234	0.266	0.019	0.225	0.050	0.048	
7.90	0.235	0.268	0.029	0.211	0.052	0.028	
7.95	0.237	0.271	0.040	0.207	0.053	-0.005	
8.00	0.239	0.274	0.050	0.188	0.052	-0.038	
8.05	0.242	0.276	0.059	0.155	0.049	-0.068	
8.10	0.245	0.279	0.065	0.129	0.046	-0.111	
8.15	0.249	0.281	0.072	0.108	0.038	-0.143	
8.20	0.252	0.283	0.077	0.081	0.030	-0.146	
8.25	0.256	0.284	0.080	0.048	0.023	-0.137	
8.30	0.261	0.285	0.082	0.010	0.017	-0.135	
8.35	0.265	0.286	0.081	-0.034	0.010	-0.143	
8.40	0.269	0.286	0.078	-0.076	0.002	-0.149	
8.45	0.273	0.286	0.073	-0.111	-0.005	-0.151	
8.50	0.276	0.285	0.067	-0.138	-0.013	-0.154	
8.55	0.279	0.285	0.059	-0.163	-0.021	-0.142	
8.60	0.282	0.283	0.051	-0.188	-0.028	-0.111	
8.65	0.284	0.282	0.040	-0.205	-0.032	-0.083	
8.70	0.286	0.280	0.030	-0.219	-0.036	-0.065	
8.75	0.287	0.278	0.018	-0.234	-0.038	-0.059	
8.80	0.288	0.276	0.006	-0.234	-0.042	-0.050	
8.85	0.288	0.274	-0.005	-0.227	-0.043	-0.037	
8.90	0.287	0.272	-0.017	-0.219	-0.046	-0.020	
8.95	0.286	0.269	-0.027	-0.207	-0.046	0.013	
9.00	0.285	0.267	-0.038	-0.194	-0.044	0.037	
9.05	0.282	0.265	-0.047	-0.171	-0.042	0.053	
9.10	0.280	0.263	-0.055	-0.145	-0.039	0.075	
9.15	0.277	0.261	-0.062	-0.117	-0.034	0.093	
9.20	0.274	0.259	-0.066	-0.099	-0.030	0.116	
9.25	0.270	0.258	-0.071	-0.092	-0.023	0.133	
9.30	0.267	0.257	-0.077	-0.058	-0.016	0.143	
9.35	0.263	0.256	-0.078	-0.005	-0.008	0.143	
9.40	0.259	0.256	-0.077	0.041	-0.001	0.129	
9.45	0.255	0.256	-0.073	0.075	0.004	0.132	
9.50	0.251	0.257	-0.069	0.097	0.012	0.133	
9.55	0.248	0.258	-0.063	0.115	0.018	0.116	
9.60	0.245	0.258	-0.057	0.139	0.023	0.109	
9.65	0.242	0.260	-0.049	0.166	0.029	0.096	
9.70	0.240	0.262	-0.041	0.190	0.033	0.081	
9.75	0.238	0.263	-0.030	0.210	0.037	0.068	
9.80	0.237	0.265	-0.019	0.222	0.040	0.044	
9.85	0.236	0.267	-0.008	0.228	0.042	0.017	
9.90	0.236	0.270	0.004	0.232	0.042	-0.001	
9.95	0.236	0.271	0.016	0.220	0.041	-0.009	
10.00	0.238	0.274	0.026	0.204	0.041	-0.031	
10.05	0.239	0.276	0.036	0.192	0.038	-0.053	
10.10	0.241	0.277	0.045	0.173	0.036	-0.074	
10.15	0.244	0.279	0.053	0.154	0.030	-0.087	
10.20	0.247	0.280	0.061	0.131	0.027	-0.094	
10.25	0.250	0.282	0.067	0.104	0.022	-0.122	
10.30	0.253	0.283	0.071	0.073	0.014	-0.143	
10.35	0.257	0.283	0.074	0.034	0.007	-0.150	
10.40	0.261	0.284	0.075	-0.005	-0.002	-0.140	
10.45	0.265	0.283	0.073	-0.038	-0.007	-0.119	
10.50	0.268	0.283	0.071	-0.068	-0.013	-0.111	
10.55	0.272	0.282	0.067	-0.093	-0.019	-0.096	
10.60	0.275	0.281	0.061	-0.109	-0.022	-0.092	
10.65	0.278	0.280	0.056	-0.139	-0.027	-0.102	
10.70	0.281	0.278	0.048	-0.186	-0.033	-0.086	
10.75	0.283	0.276	0.037	-0.212	-0.037	-0.041	
10.80	0.284	0.274	0.026	-0.217	-0.037	-0.003	
10.85	0.285	0.273	0.015	-0.219	-0.035	-0.006	
10.90	0.286	0.271	0.004	-0.218	-0.037	-0.017	
10.95	0.286	0.269	-0.007	-0.213	-0.038	-0.001	
11.00	0.285	0.267	-0.017	-0.208	-0.038	0.026	
11.05	0.284	0.265	-0.028	-0.193	-0.036	0.058	
11.10	0.282	0.263	-0.037	-0.171	-0.031	0.078	
11.15	0.280	0.262	-0.045	-0.154	-0.027	0.075	
11.20	0.278	0.261	-0.053	-0.137	-0.024	0.083	
11.25	0.275	0.259	-0.059	-0.113	-0.020	0.107	
11.30	0.272	0.259	-0.064	-0.090	-0.013	0.119	
11.35	0.269	0.258	-0.068	-0.066	-0.008	0.125	
11.40	0.265	0.258	-0.071	-0.030	-0.000	0.128	
11.45	0.261	0.258	-0.071	0.010	0.006	0.117	
11.50	0.258	0.259	-0.070	0.047	0.011	0.111	
11.55	0.254	0.259	-0.066	0.076	0.017	0.110	
11.60	0.251	0.260	-0.062	0.097	0.022	0.103	
11.65	0.248	0.262	-0.056	0.115	0.027	0.091	
11.70	0.245	0.263	-0.050	0.137	0.032	0.068	
11.75	0.243	0.265	-0.043	0.159	0.035	0.037	
11.80	0.241	0.267	-0.034	0.175	0.035	0.021	
11.85	0.240	0.268	-0.025	0.193	0.036	0.025	
11.90	0.239	0.270	-0.015	0.212	0.038	0.014	
11.95	0.238	0.272	-0.004	0.227	0.038	-0.019	
12.00	0.238	0.274	0.009	0.218	0.036	-0.048	
12.05	0.239	0.276	0.019	0.184	0.033	-0.063	
12.10	0.240	0.277	0.026	0.164	0.029	-0.073	
12.15	0.242	0.279	0.034	0.160	0.026	-0.088	
12.20	0.244	0.280	0.043	0.153	0.020	-0.098	
12.25	0.246	0.281	0.050	0.134	0.016	-0.101	
12.30	0.249	0.282	0.056	0.108	0.011	-0.123	
12.35	0.252	0.282	0.061	0.082	0.003	-0.134	
12.40	0.255	0.282	0.065	0.055	-0.004	-0.114	
12.45	0.258	0.281	0.067	0.029	-0.008	-0.096	
12.50	0.262	0.281	0.068	-0.000	-0.013	-0.093	
12.55	0.265	0.280	0.067	-0.031	-0.018	-0.095	
12.60	0.268	0.279	0.065	-0.062	-0.023	-0.082	
12.65	0.271	0.278	0.061	-0.097	-0.026	-0.056	
12.70	0.274	0.276	0.055	-0.128	-0.028	-0.042	
12.75	0.277	0.275	0.048	-0.150	-0.030	-0.040	
12.80	0.279	0.274	0.039	-0.166	-0.033	-0.025	
12.85	0.281	0.272	0.031	-0.176	-0.033	-0.004	
12.90	0.282	0.270	0.022	-0.186	-0.032	0.007	
12.95	0.283	0.268	0.012	-0.193	-0.032	0.017	
13.00	0.283	0.267	0.002	-0.193	-0.030	0.022	
13.05	0.283	0.265	-0.007	-0.191	-0.031	0.040	
13.10	0.283	0.264	-0.017	-0.186	-0.027	0.070	
13.15	0.282	0.263	-0.026	-0.169	-0.023	0.084	
13.20	0.280	0.262	-0.034	-0.150	-0.018	0.093	
13.25	0.278	0.261	-0.041	-0.135	-0.014	0.102	
13.30	0.276	0.260	-0.048	-0.119	-0.008	0.107	
13.35	0.273	0.260	-0.054	-0.094	-0.002	0.102	
13.40	0.270	0.260	-0.057	-0.074	0.003	0.088	
13.45	0.268	0.260	-0.060	-0.062	0.006	0.084	
13.50	0.264	0.261	-0.064	-0.038	0.010	0.089	
13.55	0.261	0.261	-0.065	-0.002	0.015	0.086	
13.60	0.258	0.262	-0.064	0.035	0.020	0.073	
13.65	0.255	0.263	-0.061	0.070	0.022	0.062	
13.70	0.252	0.264	-0.056	0.094	0.025	0.061	
13.75	0.249	0.266	-0.051	0.109	0.029	0.049	
13.80	0.247	0.267	-0.046	0.127	0.031	0.027	
13.85	0.244	0.269	-0.039	0.149	0.031	0.017	
13.90	0.243	0.270	-0.031	0.167	0.032	0.007	
13.95	0.241	0.272	-0.022	0.179	0.032	-0.009	
14.00	0.240	0.274	-0.012	0.185	0.032	-0.033	
14.05	0.240	0.275	-0.003	0.186	0.029	-0.056	
14.10	0.240	0.277	0.006	0.191	0.026	-0.073	
14.15	0.241	0.278	0.016	0.186	0.022	-0.088	
14.20	0.242	0.279	0.025	0.169	0.017	-0.100	
14.25	0.243	0.280	0.033	0.156	0.011	-0.099	
14.30	0.245	0.280	0.041	0.142	0.007	-0.092	
14.35	0.247	0.280	0.047	0.122	0.002	-0.090	
14.40	0.250	0.280	0.053	0.100	-0.002	-0.094	
14.45	0.253	0.280	0.058	0.074	-0.007	-0.106	
14.50	0.256	0.280	0.061	0.041	-0.014	-0.099	
14.55	0.259	0.279	0.062	0.014	-0.018	-0.070	
14.60	0.262	0.278	0.062	-0.008	-0.020	-0.055	
14.65	0.265	0.277	0.061	-0.032	-0.023	-0.051	
14.70	0.268	0.275	0.059	-0.061	-0.026	-0.035	
14.75	0.271	0.274	0.054	-0.081	-0.026	-0.019	
14.80	0.273	0.273	0.051	-0.103	-0.027	-0.022	
14.85	0.276	0.271	0.045	-0.146	-0.028	-0.018	
14.90	0.278	0.270	0.035	-0.173	-0.029	-0.003	
14.95	0.280	0.269	0.026	-0.172	-0.029	0.023	
15.00	0.281	0.267	0.018	-0.172	-0.026	0.042	
15.05	0.281	0.266	0.010	-0.180	-0.024	0.047	
15.10	0.282	0.264	0.000	-0.183	-0.022	0.063	
15.15	0.281	0.264	-0.009	-0.171	-0.018	0.075	
15.20	0.281	0.263	-0.017	-0.158	-0.014	0.075	
15.25	0.280	0.262	-0.024	-0.154	-0.011	0.086	
15.30	0.278	0.262	-0.032	-0.149	-0.006	0.100	
15.35	0.276	0.262	-0.040	-0.129	0.000	0.094	
15.40	0.274	0.262	-0.046	-0.104	0.004	0.073	
15.45	0.272	0.262	-0.050	-0.086	0.006	0.069	
15.50	0.269	0.262	-0.054	-0.067	0.011	0.073	
15.55	0.266	0.263	-0.057	-0.039	0.015	0.058	
15.60	0.263	0.264	-0.058	-0.012	0.016	0.048	
15.65	0.261	0.265	-0.058	0.012	0.018	0.057	
15.70	0.258	0.266	-0.057	0.039	0.023	0.053	
15.75	0.255	0.267	-0.054	0.066	0.025	0.030	
15.80	0.252	0.268	-0.050	0.084	0.025	0.013	
15.85	0.250	0.270	-0.046	0.099	0.025	0.009	
15.90	0.247	0.271	-0.040	0.121	0.027	-0.002	
15.95	0.246	0.272	-0.034	0.143	0.027	-0.036	
16.00	0.244	0.274	-0.026	0.158	0.022	-0.052	
16.05	0.243	0.274	-0.018	0.164	0.020	-0.041	
16.10	0.242	0.275	-0.010	0.174	0.019	-0.040	
16.15	0.242	0.276	-0.001	0.187	0.017	-0.061	
16.20	0.242	0.277	0.010	0.178	0.012	-0.081	
16.25	0.243	0.277	0.018	0.152	0.008	-0.079	
16.30	0.244	0.278	0.025	0.138	0.004	-0.076	
16.35	0.246	0.278	0.032	0.126	0.000	-0.076	
16.40	0.247	0.278	0.038	0.113	-0.003	-0.070	
16.45	0.249	0.278	0.043	0.102	-0.007	-0.065	
16.50	0.252	0.277	0.048	0.089	-0.010	-0.057	
16.55	0.254	0.277	0.052	0.066	-0.012	-0.051	
16.60	0.257	0.276	0.055	0.037	-0.015	-0.045	
16.65	0.260	0.275	0.056	0.009	-0.017	-0.035	
16.70	0.263	0.274	0.056	-0.020	-0.019	-0.023	
16.75	0.265	0.273	0.053	-0.041	-0.020	-0.009	
16.80	0.268	0.272	0.051	-0.059	-0.019	-0.010	
16.85	0.270	0.271	0.048	-0.087	-0.020	-0.014	
16.90	0.273	0.270	0.043	-0.116	-0.021	0.000	
16.95	0.275	0.269	0.036	-0.133	-0.020	0.019	
17.00	0.276	0.268	0.029	-0.143	-0.019	0.028	
17.05	0.278	0.267	0.022	-0.152	-0.017	0.031	
17.10	0.279	0.267	0.014	-0.159	-0.016	0.033	
17.15	0.279	0.266	0.006	-0.157	-0.014	0.043	
17.20	0.279	0.265	-0.002	-0.154	-0.012	0.057	
17.25	0.279	0.265	-0.010	-0.149	-0.008	0.060	
17.30	0.278	0.264	-0.017	-0.142	-0.006	0.067	
17.35	0.277	0.264	-0.024	-0.136	-0.002	0.086	
17.40	0.276	0.264	-0.031	-0.124	0.004	0.083	
17.45	0.274	0.264	-0.037	-0.103	0.007	0.056	
17.50	0.272	0.265	-0.042	-0.074	0.009	0.039	
17.55	0.270	0.265	-0.044	-0.059	0.010	0.036	
17.60	0.268	0.266	-0.047	-0.056	0.012	0.039	
17.65	0.265	0.267	-0.050	-0.039	0.015	0.036	
17.70	0.263	0.267	-0.051	-0.011	0.016	0.029	
17.75	0.260	0.268	-0.051	0.014	0.018	0.017	
17.80	0.257	0.269	-0.050	0.035	0.018	0.001	
17.85	0.255	0.270	-0.047	0.057	0.017	0.003	
17.90	0.253	0.271	-0.044	0.080	0.018	0.007	
17.95	0.251	0.272	-0.039	0.101	0.018	-0.005	
18.00	0.249	0.273	-0.034	0.117	0.018	-0.023	
18.05	0.247	0.274	-0.027	0.130	0.016	-0.038	
18.10	0.246	0.274	-0.021	0.137	0.014	-0.052	
18.15	0.245	0.275	-0.014	0.143	0.011	-0.063	
18.20	0.245	0.275	-0.006	0.150	0.007	-0.060	
18.25	0.244	0.276	0.002	0.152	0.005	-0.058	
18.30	0.245	0.276	0.009	0.142	0.001	-0.053	
18.35	0.245	0.276	0.016	0.132	-0.000	-0.057	
18.40	0.246	0.276	0.022	0.128	-0.004	-0.061	
18.45	0.248	0.275	0.029	0.121	-0.007	-0.048	
18.50	0.249	0.275	0.034	0.109	-0.008	-0.045	
18.55	0.251	0.275	0.040	0.088	-0.012	-0.043	
18.60	0.253	0.274	0.044	0.060	-0.014	-0.022	
18.65	0.256	0.273	0.045	0.044	-0.014	-0.004	
18.70	0.258	0.273	0.048	0.033	-0.013	-0.008	
18.75	0.260	0.272	0.050	0.005	-0.014	-0.017	
18.80	0.263	0.271	0.048	-0.019	-0.016	-0.009	
18.85	0.265	0.270	0.047	-0.028	-0.015	0.006	
18.90	0.268	0.270	0.046	-0.044	-0.014	0.013	
18.95	0.270	0.269	0.043	-0.076	-0.014	0.022	
19.00	0.272	0.268	0.038	-0.113	-0.013	0.036	
19.05	0.274	0.268	0.031	-0.135	-0.009	0.028	
19.10	0.275	0.267	0.024	-0.139	-0.010	0.017	
19.15	0.276	0.267	0.017	-0.139	-0.010	0.038	
19.20	0.277	0.266	0.010	-0.138	-0.005	0.048	
19.25	0.277	0.266	0.003	-0.139	-0.004	0.040	
19.30	0.277	0.266	-0.004	-0.140	-0.002	0.046	
19.35	0.277	0.266	-0.011	-0.140	0.001	0.052	
19.40	0.276	0.266	-0.018	-0.130	0.003	0.049	
19.45	0.275	0.266	-0.024	-0.113	0.006	0.047	
19.50	0.274	0.267	-0.029	-0.101	0.009	0.030	
19.55	0.272	0.267	-0.034	-0.089	0.009	0.006	
19.60	0.270	0.268	-0.038	-0.078	0.008	0.007	
19.65	0.268	0.268	-0.042	-0.061	0.009	0.028	
19.70	0.266	0.268	-0.044	-0.037	0.011	0.042	
19.75	0.264	0.269	-0.046	-0.014	0.014	0.032	
19.80	0.261	0.270	-0.046	0.010	0.016	-0.010	
19.85	0.259	0.271	-0.044	0.027	0.012	-0.031	
19.90	0.257	0.271	-0.043	0.041	0.012	-0.024	
19.95	0.255	0.272	-0.041	0.058	0.010	-0.017	
20.00	0.253	0.272	-0.037	0.079	0.009	0.000	
20.05	0.251	0.273	-0.032	0.096	0.011	-0.006	
20.10	0.250	0.273	-0.027	0.108	0.010	-0.036	
20.15	0.248	0.274	-0.022	0.123	0.007	-0.050	
20.20	0.247	0.274	-0.015	0.138	0.004	-0.049	
20.25	0.247	0.274	-0.008	0.147	0.002	-0.042	
20.30	0.246	0.274	0.001	0.137	0.000	-0.038	
20.35	0.247	0.274	0.007	0.109	-0.002	-0.037	
20.40	0.247	0.274	0.010	0.102	-0.004	-0.037	
20.45	0.248	0.274	0.016	0.113	-0.006	-0.028	
20.50	0.249	0.273	0.023	0.107	-0.007	-0.020	
20.55	0.250	0.273	0.027	0.091	-0.007	-0.024	
20.60	0.252	0.273	0.031	0.082	-0.008	-0.036	
20.65	0.253	0.272	0.036	0.070	-0.012	-0.029	
20.70	0.255	0.271	0.039	0.049	-0.013	0.002	
20.75	0.257	0.271	0.041	0.026	-0.011	0.018	
20.80	0.259	0.270	0.041	0.009	-0.010	0.018	
20.85	0.261	0.270	0.041	-0.002	-0.008	0.006	
20.90	0.263	0.270	0.041	-0.016	-0.010	0.004	
20.95	0.265	0.269	0.040	-0.040	-0.010	0.027	
21.00	0.268	0.268	0.037	-0.066	-0.006	0.035	
21.05	0.269	0.268	0.033	-0.081	-0.004	0.012	
21.10	0.271	0.268	0.029	-0.090	-0.006	0.009	
21.15	0.272	0.268	0.024	-0.099	-0.005	0.031	
21.20	0.273	0.268	0.019	-0.106	-0.002	0.040	
21.25	0.274	0.267	0.013	-0.115	-0.001	0.044	
21.30	0.275	0.268	0.007	-0.120	0.003	0.032	
21.35	0.275	0.268	0.001	-0.123	0.003	0.019	
21.40	0.275	0.268	-0.005	-0.124	0.004	0.021	
21.45	0.274	0.268	-0.012	-0.116	0.006	0.012	
21.50	0.274	0.268	-0.017	-0.104	0.005	0.005	
21.55	0.273	0.269	-0.022	-0.089	0.005	0.015	
21.60	0.271	0.269	-0.026	-0.075	0.007	0.024	
21.65	0.270	0.269	-0.030	-0.057	0.009	0.010	
21.70	0.268	0.270	-0.031	-0.047	0.008	-0.002	
21.75	0.267	0.270	-0.033	-0.050	0.007	0.001	
21.80	0.265	0.270	-0.037	-0.044	0.008	-0.003	
21.85	0.263	0.271	-0.039	-0.021	0.008	-0.014	
21.90	0.261	0.271	-0.039	0.003	0.006	-0.016	
21.95	0.259	0.271	-0.038	0.021	0.006	-0.009	
22.00	0.257	0.272	-0.037	0.039	0.006	-0.015	
22.05	0.255	0.272	-0.034	0.058	0.005	-0.027	
22.10	0.254	0.272	-0.031	0.072	0.002	-0.025	
22.15	0.252	0.272	-0.027	0.085	0.001	-0.011	
22.20	0.251	0.272	-0.022	0.096	0.002	-0.011	
22.25	0.250	0.273	-0.017	0.102	0.001	-0.027	
22.30	0.249	0.273	-0.012	0.108	-0.001	-0.029	
22.35	0.249	0.273	-0.006	0.113	-0.003	-0.017	
22.40	0.249	0.272	-0.000	0.113	-0.003	-0.004	
22.45	0.249	0.272	0.005	0.108	-0.002	-0.011	
22.50	0.249	0.272	0.010	0.104	-0.004	-0.016	
22.55	0.250	0.272	0.015	0.099	-0.004	-0.006	
22.60	0.251	0.272	0.020	0.091	-0.004	-0.006	
22.65	0.252	0.271	0.025	0.075	-0.004	-0.017	
22.70	0.253	0.271	0.028	0.063	-0.006	-0.016	
22.75	0.255	0.271	0.031	0.056	-0.007	0.007	
22.80	0.256	0.270	0.034	0.042	-0.005	0.024	
22.85	0.258	0.270	0.035	0.023	-0.004	0.021	
22.90	0.260	0.270	0.036	0.006	-0.003	0.008	
22.95	0.262	0.270	0.036	-0.004	-0.003	0.001	
23.00	0.264	0.270	0.035	-0.010	-0.004	0.014	
23.05	0.265	0.269	0.035	-0.025	-0.002	0.025	
23.10	0.267	0.270	0.034	-0.063	0.000	0.015	
23.15	0.269	0.270	0.028	-0.089	-0.001	0.009	
23.20	0.270	0.269	0.024	-0.094	0.000	0.014	
23.25	0.271	0.270	0.019	-0.097	0.001	0.012	
23.30	0.272	0.270	0.014	-0.097	0.002	0.007	
23.35	0.273	0.270	0.010	-0.103	0.002	0.004	
23.40	0.273	0.270	0.004	-0.107	0.002	0.005	
23.45	0.273	0.270	-0.002	-0.104	0.002	0.007	
23.50	0.273	0.270	-0.007	-0.099	0.003	0.002	
23.55	0.272	0.270	-0.012	-0.093	0.003	-0.008	
23.60	0.271	0.270	-0.016	-0.089	0.001	-0.003	
23.65	0.271	0.270	-0.020	-0.083	0.002	0.009	
23.70	0.269	0.270	-0.025	-0.067	0.003	0.009	
23.75	0.268	0.271	-0.027	-0.048	0.003	0.003	
23.80	0.267	0.271	-0.029	-0.036	0.003	0.000	
23.85	0.265	0.271	-0.031	-0.026	0.004	-0.012	
23.90	0.264	0.271	-0.032	-0.012	0.002	-0.032	
23.95	0.262	0.271	-0.032	0.005	-0.001	-0.022	
24.00	0.260	0.271	-0.031	0.015	-0.001	0.003	
24.05	0.259	0.271	-0.030	0.023	0.001	0.002	
24.10	0.257	0.271	-0.029	0.033	0.000	-0.018	
24.15	0.256	0.271	-0.027	0.045	-0.002	-0.022	
24.20	0.255	0.271	-0.025	0.062	-0.003	-0.006	
24.25	0.253	0.271	-0.021	0.074	-0.002	0.005	
24.30	0.252	0.271	-0.017	0.084	-0.002	0.014	
24.35	0.252	0.270	-0.013	0.101	-0.001	0.013	
24.40	0.251	0.271	-0.007	0.119	0.000	-0.005	
24.45	0.251	0.271	0.000	0.113	-0.002	-0.011	
24.50	0.251	0.270	0.005	0.081	-0.002	-0.004	
24.55	0.251	0.270	0.008	0.064	-0.001	-0.007	
24.60	0.252	0.270	0.011	0.067	-0.003	0.003	
24.65	0.252	0.270	0.014	0.075	-0.002	0.020	
24.70	0.253	0.270	0.018	0.075	0.000	0.014	
24.75	0.254	0.270	0.022	0.066	-0.000	0.010	
24.80	0.256	0.270	0.025	0.051	0.001	0.008	
24.85	0.257	0.270	0.027	0.035	0.001	0.001	
24.90	0.258	0.270	0.029	0.019	-0.000	0.012	
24.95	0.260	0.270	0.029	0.006	0.002	0.024	
25.00	0.261	0.270	0.029	-0.004	0.004	0.011	
25.05	0.263	0.271	0.029	-0.014	0.004	-0.016	
25.10	0.264	0.271	0.028	-0.026	0.001	-0.025	
25.15	0.265	0.271	0.026	-0.043	0.000	-0.011	
25.20	0.267	0.271	0.024	-0.061	0.000	0.001	
25.25	0.268	0.271	0.020	-0.066	0.001	0.007	
25.30	0.269	0.271	0.017	-0.068	0.002	-0.005	
25.35	0.270	0.271	0.013	-0.077	0.000	-0.018	
25.40	0.270	0.271	0.009	-0.084	-0.001	-0.013	
25.45	0.270	0.271	0.005	-0.088	-0.001	-0.003	
25.50	0.271	0.271	0.000	-0.090	-0.001	0.000	
25.55	0.270	0.271	-0.005	-0.084	-0.001	-0.000	
25.60	0.270	0.270	-0.008	-0.074	-0.001	0.005	
25.65	0.270	0.271	-0.012	-0.065	0.000	-0.000	
25.70	0.269	0.271	-0.015	-0.052	-0.002	0.001	
25.75	0.268	0.270	-0.018	-0.036	-0.000	0.008	
25.80	0.267	0.271	-0.018	-0.032	0.000	-0.006	
25.85	0.266	0.270	-0.020	-0.045	-0.001	-0.015	
25.90	0.265	0.270	-0.023	-0.047	-0.002	-0.011	
25.95	0.264	0.270	-0.025	-0.031	-0.003	0.002	
26.00	0.263	0.270	-0.027	-0.010	-0.002	0.016	
26.05	0.261	0.270	-0.026	0.006	-0.000	0.019	
26.10	0.260	0.270	-0.026	0.015	0.000	0.019	
26.15	0.259	0.270	-0.025	0.031	0.002	0.015	
26.20	0.257	0.270	-0.022	0.044	0.002	0.002	
26.25	0.256	0.270	-0.020	0.053	0.002	-0.008	
26.30	0.255	0.270	-0.017	0.060	0.001	-0.006	
26.35	0.255	0.270	-0.014	0.062	0.001	-0.006	
26.40	0.254	0.271	-0.011	0.069	0.001	-0.013	
26.45	0.253	0.271	-0.007	0.075	-0.001	-0.007	
26.50	0.253	0.270	-0.003	0.075	-0.001	0.010	
26.55	0.253	0.270	0.000	0.075	0.001	0.011	
26.60	0.253	0.271	0.004	0.070	0.002	-0.007	
26.65	0.254	0.271	0.007	0.067	-0.000	-0.013	
26.70	0.254	0.270	0.011	0.068	-0.001	0.002	
26.75	0.255	0.271	0.015	0.060	0.001	0.005	
26.80	0.256	0.271	0.017	0.046	0.000	-0.001	
26.85	0.256	0.271	0.019	0.036	0.000	-0.002	
26.90	0.257	0.271	0.020	0.028	0.000	-0.003	
26.95	0.258	0.271	0.022	0.019	-0.000	-0.007	
27.00	0.260	0.271	0.022	0.011	-0.000	-0.014	
27.05	0.261	0.271	0.023	0.008	-0.002	-0.015	
27.10	0.262	0.270	0.023	0.002	-0.003	-0.002	
27.15	0.263	0.270	0.023	-0.006	-0.002	0.020	
27.20	0.264	0.270	0.023	-0.023	-0.000	0.029	
27.25	0.265	0.270	0.021	-0.050	0.002	0.013	
27.30	0.266	0.270	0.017	-0.067	0.001	-0.008	
27.35	0.267	0.270	0.014	-0.070	-0.000	-0.007	
27.40	0.268	0.270	0.010	-0.068	0.001	-0.004	
27.45	0.268	0.271	0.007	-0.064	-0.000	-0.008	
27.50	0.268	0.270	0.004	-0.061	-0.001	-0.001	
27.55	0.269	0.270	0.001	-0.063	-0.000	0.006	
27.60	0.269	0.270	-0.002	-0.071	0.000	0.006	
27.65	0.268	0.270	-0.006	-0.069	0.001	-0.003	
27.70	0.268	0.270	-0.010	-0.056	-0.000	-0.011	
27.75	0.267	0.270	-0.012	-0.043	-0.001	-0.003	
27.80	0.267	0.270	-0.014	-0.037	-0.001	0.013	
27.85	0.266	0.270	-0.015	-0.034	0.001	0.017	
27.90	0.265	0.270	-0.017	-0.032	0.002	0.007	
27.95	0.264	0.270	-0.019	-0.027	0.002	-0.003	
28.00	0.263	0.271	-0.020	-0.015	0.001	-0.013	
28.05	0.262	0.271	-0.020	-0.002	0.000	-0.016	
28.10	0.261	0.271	-0.020	0.010	-0.001	-0.004	
28.15	0.260	0.270	-0.019	0.017	-0.001	0.013	
28.20	0.259	0.270	-0.018	0.022	0.001	0.014	
28.25	0.258	0.271	-0.017	0.031	0.002	-0.007	
28.30	0.258	0.271	-0.015	0.038	0.000	-0.021	
28.35	0.257	0.271	-0.013	0.047	-0.002	-0.008	
28.40	0.256	0.270	-0.011	0.055	-0.001	0.004	
28.45	0.256	0.271	-0.008	0.064	-0.000	-0.000	
28.50	0.255	0.270	-0.004	0.074	-0.000	-0.006	
28.55	0.255	0.271	0.000	0.066	-0.001	-0.003	
28.60	0.256	0.270	0.003	0.045	-0.002	0.014	
28.65	0.256	0.270	0.004	0.037	0.001	0.016	
28.70	0.256	0.270	0.006	0.035	0.002	-0.008	
28.75	0.256	0.271	0.008	0.036	-0.001	-0.019	
28.80	0.257	0.270	0.010	0.037	-0.002	-0.002	
28.85	0.257	0.270	0.012	0.033	-0.001	0.010	
28.90	0.258	0.270	0.013	0.033	-0.000	0.007	
28.95	0.258	0.270	0.015	0.030	0.000	0.004	
29.00	0.259	0.270	0.016	0.016	0.000	0.004	
29.05	0.260	0.270	0.017	0.000	0.000	0.008	
29.10	0.261	0.270	0.016	-0.005	0.001	0.011	
29.15	0.262	0.270	0.016	-0.004	0.002	0.002	
29.20	0.263	0.271	0.016	-0.014	0.001	-0.013	
29.25	0.263	0.270	0.015	-0.030	-0.000	-0.008	
29.30	0.264	0.270	0.012	-0.035	0.000	0.003	
29.35	0.265	0.270	0.011	-0.031	0.001	0.001	
29.40	0.265	0.271	0.010	-0.032	0.000	0.000	
29.45	0.266	0.270	0.008	-0.042	-0.000	0.011	
29.50	0.266	0.270	0.005	-0.049	0.002	0.005	
29.55	0.266	0.271	0.003	-0.054	0.002	-0.022	
29.60	0.266	0.271	0.000	-0.057	-0.001	-0.030	
29.65	0.266	0.271	-0.003	-0.053	-0.003	-0.004	
29.70	0.266	0.270	-0.005	-0.045	-0.002	0.023	
29.75	0.266	0.270	-0.008	-0.033	0.001	0.021	
29.80	0.265	0.270	-0.009	-0.019	0.001	0.003	
29.85	0.265	0.271	-0.010	-0.010	0.001	-0.014	
29.90	0.264	0.271	-0.009	-0.011	-0.001	-0.017	
29.95	0.264	0.270	-0.010	-0.026	-0.001	-0.008	
30.00	0.263	0.270	-0.013	-0.028	-0.001	-0.007	
30.05	0.263	0.270	-0.013	-0.014	-0.002	-0.000	
30.10	0.262	0.270	-0.014	-0.004	-0.002	0.013	
30.15	0.261	0.270	-0.014	0.004	-0.000	0.015	
30.20	0.261	0.270	-0.013	0.011	0.000	0.013	
30.25	0.260	0.270	-0.012	0.014	0.001	0.008	
30.30	0.259	0.270	-0.012	0.019	0.001	0.004	
30.35	0.259	0.270	-0.011	0.034	0.001	-0.001	
30.40	0.258	0.270	-0.008	0.045	0.002	-0.016	
30.45	0.258	0.271	-0.006	0.042	-0.001	-0.011	
30.50	0.258	0.270	-0.004	0.033	-0.001	0.013	
30.55	0.257	0.270	-0.003	0.031	0.002	0.013	
30.60	0.257	0.270	-0.001	0.038	0.001	0.004	
30.65	0.257	0.270	0.001	0.038	0.001	0.002	
30.70	0.257	0.271	0.003	0.031	0.001	-0.006	
30.75	0.258	0.271	0.004	0.031	0.001	-0.010	
30.80	0.258	0.271	0.006	0.037	0.001	-0.015	
30.85	0.258	0.271	0.008	0.035	-0.001	-0.014	
30.90	0.259	0.270	0.010	0.022	-0.002	0.003	
30.95	0.259	0.270	0.010	0.009	0.000	0.003	
31.00	0.260	0.271	0.010	0.003	-0.001	-0.011	
31.05	0.260	0.270	0.010	0.001	-0.002	-0.006	
31.10	0.261	0.270	0.010	0.003	-0.002	0.008	
31.15	0.261	0.270	0.010	0.007	-0.001	0.016	
31.20	0.262	0.270	0.011	0.009	0.001	0.008	
31.25	0.262	0.270	0.012	-0.006	0.000	-0.011	
31.30	0.263	0.270	0.011	-0.032	-0.002	-0.006	
31.35	0.263	0.270	0.008	-0.038	-0.001	0.013	
31.40	0.264	0.270	0.007	-0.033	0.001	0.012	
31.45	0.264	0.270	0.005	-0.032	0.001	-0.004	
31.50	0.264	0.270	0.003	-0.031	0.000	-0.014	
31.55	0.264	0.270	0.002	-0.029	-0.001	-0.008	
31.60	0.264	0.270	0.000	-0.026	-0.001	0.007	
31.65	0.264	0.270	-0.000	-0.029	-0.000	0.017	
31.70	0.264	0.270	-0.002	-0.037	0.001	0.021	
31.75	0.264	0.270	-0.005	-0.035	0.002	0.012	
31.80	0.264	0.270	-0.006	-0.022	0.003	-0.008	
31.85	0.264	0.270	-0.007	-0.011	0.001	-0.017	
31.90	0.263	0.270	-0.007	-0.009	0.001	-0.018	
31.95	0.263	0.271	-0.007	-0.013	-0.001	-0.013	
32.00	0.263	0.270	-0.008	-0.013	-0.002	0.009	
32.05	0.262	0.270	-0.009	-0.002	0.001	0.013	
32.10	0.262	0.270	-0.009	0.008	0.001	-0.009	
32.15	0.261	0.271	-0.008	0.005	-0.001	-0.013	
32.20	0.261	0.270	-0.008	0.003	-0.001	0.003	
32.25	0.260	0.270	-0.008	0.012	0.000	0.000	
32.30	0.260	0.270	-0.007	0.019	-0.001	-0.003	
32.35	0.260	0.270	-0.006	0.018	-0.001	0.003	
32.40	0.259	0.270	-0.005	0.017	-0.000	0.002	
32.45	0.259	0.270	-0.004	0.023	0.000	-0.011	
32.50	0.259	0.270	-0.002	0.028	-0.002	-0.011	
32.55	0.259	0.270	-0.002	0.031	-0.002	0.011	
32.60	0.259	0.270	-0.000	0.044	-0.000	0.023	
32.65	0.259	0.270	0.004	0.040	0.001	0.014	
32.70	0.259	0.270	0.005	0.011	0.001	0.001	
32.75	0.259	0.270	0.004	-0.005	0.000	-0.003	
32.80	0.260	0.270	0.004	-0.002	0.000	0.003	
32.85	0.260	0.270	0.004	0.007	0.001	0.001	
32.90	0.260	0.270	0.005	0.009	0.001	-0.009	
32.95	0.260	0.270	0.005	0.005	0.000	-0.011	
33.00	0.261	0.270	0.005	0.002	-0.001	0.003	
33.05	0.261	0.270	0.005	0.000	-0.000	0.022	
33.10	0.261	0.270	0.005	-0.000	0.003	0.014	
33.15	0.261	0.271	0.005	-0.002	0.002	-0.016	
33.20	0.262	0.270	0.005	-0.007	-0.000	-0.020	
33.25	0.262	0.270	0.005	-0.015	-0.000	-0.008	
33.30	0.262	0.270	0.003	-0.020	-0.001	0.004	
33.35	0.262	0.270	0.002	-0.017	0.000	0.009	
33.40	0.262	0.270	0.002	-0.012	0.001	-0.007	
33.45	0.262	0.271	0.001	-0.014	-0.001	-0.015	
33.50	0.262	0.270	0.000	-0.017	-0.002	0.006	
33.55	0.262	0.270	-0.000	-0.020	0.000	0.022	
33.60	0.262	0.270	-0.002	-0.022	0.002	0.010	
33.65	0.262	0.271	-0.003	-0.015	0.001	-0.009	
33.70	0.262	0.270	-0.003	-0.007	-0.000	-0.010	
33.75	0.262	0.270	-0.003	-0.002	0.000	-0.009	
33.80	0.262	0.271	-0.003	0.000	-0.001	-0.012	
33.85	0.262	0.270	-0.003	0.004	-0.002	0.008	
33.90	0.261	0.270	-0.003	0.009	0.001	0.021	
33.95	0.261	0.271	-0.003	0.016	0.002	0.004	
34.00	0.261	0.270	-0.001	0.010	0.000	-0.000	
34.05	0.261	0.270	-0.001	-0.007	0.001	0.003	
34.10	0.261	0.271	-0.003	-0.009	0.001	-0.005	
34.15	0.261	0.271	-0.003	0.004	0.000	-0.007	
34.20	0.261	0.271	-0.002	0.011	0.000	-0.003	
34.25	0.261	0.271	-0.001	0.006	0.000	0.003	
34.30	0.261	0.271	-0.001	0.002	0.000	0.008	
34.35	0.261	0.271	-0.001	0.009	0.001	0.005	
34.40	0.261	0.271	-0.000	0.013	0.001	-0.005	
34.45	0.261	0.271	0.000	0.013	0.000	-0.008	
34.50	0.261	0.271	0.001	0.009	0.000	-0.005	
34.55	0.261	0.271	0.001	0.002	0.000	-0.002	
34.60	0.261	0.271	0.001	0.005	0.000	-0.000	
34.65	0.261	0.271	0.002	0.010	0.000	-0.000	
34.70	0.261	0.271	0.003	0.003	0.000	-0.000	
34.75	0.261	0.271	0.002	-0.003	0.000	-0.000	
34.80	0.261	0.271	0.002	-0.003	0.000	-0.002	
34.85	0.261	0.271	0.002	-0.003	-0.000	-0.005	
34.90	0.261	0.271	0.002	-0.005	-0.000	-0.008	
34.95	0.261	0.271	0.001	-0.010	-0.001	-0.004	
35.00	0.261	0.271	0.000	-0.010	-0.001	0.007	
35.05	0.261	0.271	0.000	-0.007	-0.000	0.013	
35.10	0.261	0.271	-0.000	-0.007	0.000	0.012	
35.15	0.261	0.271	-0.000	-0.009	0.001	0.005	
35.20	0.261	0.271	-0.001	-0.006	0.001	-0.009	
35.25	0.261	0.271	-0.001	0.004	0.000	-0.016	
35.30	0.261	0.271	-0.001	0.014	-0.001	-0.009	
35.35	0.261	0.271	0.001	0.009	-0.001	0.004	
35.40	0.261	0.271	0.001	-0.010	-0.000	0.010	
35.45	0.261	0.271	-0.001	-0.016	0.000	0.008	
35.50	0.261	0.271	-0.002	-0.009	0.001	-0.001	
35.55	0.261	0.271	-0.002	-0.002	0.000	-0.009	
35.60	0.261	0.271	-0.002	0.004	-0.001	-0.001	
35.65	0.261	0.271	-0.001	0.010	-0.000	0.010	
35.70	0.261	0.271	-0.000	0.010	0.000	0.015	
35.75	0.261	0.271	-0.000	0.005	0.002	0.012	
35.80	0.261	0.271	0.000	0.004	0.002	-0.006	
35.85	0.261	0.271	0.000	0.005	0.001	-0.025	
35.90	0.261	0.271	0.000	0.010	-0.001	-0.024	
35.95	0.261	0.271	0.001	0.010	-0.002	-0.002	
36.00	0.261	0.271	0.002	0.005	-0.001	0.017	
36.05	0.261	0.271	0.002	0.002	0.001	0.012	
36.10	0.261	0.271	0.002	-0.001	0.001	-0.008	
36.15	0.261	0.271	0.002	-0.003	-0.001	-0.013	
36.20	0.261	0.271	0.001	-0.005	-0.001	-0.003	
36.25	0.261	0.271	0.001	-0.002	-0.001	0.009	
36.30	0.261	0.270	0.001	-0.001	-0.000	0.014	
36.35	0.262	0.271	0.001	-0.008	0.001	0.005	
36.40	0.262	0.271	0.000	-0.013	0.000	-0.002	
36.45	0.262	0.271	-0.000	-0.013	0.000	0.000	
36.50	0.262	0.271	-0.001	-0.008	0.000	0.002	
36.55	0.261	0.271	-0.001	0.003	0.001	-0.003	
36.60	0.261	0.271	-0.001	0.007	0.000	-0.010	
36.65	0.261	0.271	-0.001	0.011	-0.001	-0.003	
36.70	0.261	0.271	0.001	0.006	-0.000	0.003	
36.75	0.262	0.271	0.001	-0.011	-0.000	0.001	
36.80	0.261	0.271	-0.001	-0.015	-0.000	-0.001	
36.85	0.261	0.271	-0.001	-0.006	-0.000	-0.003	
36.90	0.261	0.271	-0.001	0.002	-0.001	0.004	
36.95	0.261	0.270	-0.001	0.001	0.000	0.011	
37.00	0.261	0.271	-0.001	0.000	0.001	0.006	
37.05	0.261	0.271	-0.001	0.008	0.001	0.002	
37.10	0.261	0.271	-0.000	0.013	0.001	-0.001	
37.15	0.261	0.271	0.000	0.013	0.000	-0.002	
37.20	0.261	0.271	0.001	0.008	0.000	0.003	
37.25	0.261	0.271	0.001	0.000	0.001	-0.001	
37.30	0.261	0.271	0.001	0.000	0.001	-0.013	
37.35	0.261	0.271	0.001	0.000	-0.001	-0.014	
37.40	0.261	0.271	0.001	-0.007	-0.001	-0.002	
37.45	0.261	0.271	0.000	-0.008	-0.001	0.005	
37.50	0.261	0.271	0.000	-0.005	-0.001	0.009	
37.55	0.261	0.271	0.000	-0.002	0.001	0.006	
37.60	0.261	0.271	0.000	-0.000	0.000	-0.003	
37.65	0.261	0.271	0.000	-0.000	0.000	-0.005	
37.70	0.261	0.271	0.000	-0.002	-0.000	-0.006	
37.75	0.261	0.271	-0.000	-0.005	-0.001	0.001	
37.80	0.261	0.271	-0.000	-0.008	-0.000	0.008	
37.85	0.261	0.271	-0.001	-0.007	0.000	0.006	
37.90	0.261	0.271	-0.001	0.001	0.001	-0.003	
37.95	0.261	0.271	-0.001	0.004	-0.000	-0.014	
38.00	0.261	0.271	-0.001	0.009	-0.001	-0.011	
38.05	0.261	0.271	-0.000	0.021	-0.002	0.000	
38.10	0.261	0.270	0.002	0.013	-0.001	0.011	
38.15	0.261	0.270	0.002	-0.013	-0.000	0.015	
38.20	0.261	0.270	-0.000	-0.019	0.001	0.007	
38.25	0.261	0.271	-0.001	-0.004	0.000	0.002	
38.30	0.261	0.270	-0.000	0.005	0.000	0.008	
38.35	0.261	0.271	-0.000	0.006	0.001	0.008	
38.40	0.261	0.271	0.000	0.006	0.002	-0.002	
38.45	0.261	0.271	0.000	0.008	0.002	-0.019	
38.50	0.261	0.271	0.001	0.005	-0.001	-0.024	
38.55	0.261	0.271	0.001	-0.005	-0.002	-0.003	
38.60	0.261	0.271	0.000	-0.008	-0.001	0.011	
38.65	0.261	0.271	0.000	-0.005	-0.000	0.010	
38.70	0.261	0.271	0.000	-0.002	0.000	0.007	
38.75	0.261	0.271	0.000	-0.000	0.001	-0.002	
38.80	0.261	0.271	0.000	-0.000	0.000	-0.010	
38.85	0.261	0.271	0.000	-0.000	-0.001	-0.004	
38.90	0.261	0.271	0.000	-0.002	-0.000	0.002	
38.95	0.261	0.271	-0.000	-0.005	-0.000	-0.002	
39.00	0.261	0.271	-0.000	-0.008	-0.000	-0.007	
39.05	0.261	0.271	-0.001	-0.007	-0.001	-0.004	
39.10	0.261	0.270	-0.001	0.000	-0.001	0.007	
39.15	0.261	0.270	-0.001	-0.000	-0.000	0.013	
39.20	0.261	0.270	-0.001	-0.000	0.000	0.013	
39.25	0.261	0.270	-0.001	0.007	0.001	0.007	
39.30	0.261	0.271	-0.000	0.012	0.001	-0.003	
39.35	0.261	0.271	0.000	0.014	0.000	-0.007	
39.40	0.261	0.271	0.001	0.016	0.000	-0.005	
39.45	0.261	0.271	0.002	0.005	0.000	-0.010	
39.50	0.261	0.271	0.002	-0.018	-0.001	-0.008	
39.55	0.261	0.270	-0.000	-0.020	-0.002	0.012	
39.60	0.261	0.270	-0.001	-0.003	0.001	0.015	
39.65	0.261	0.271	-0.000	0.009	0.001	0.003	
39.70	0.261	0.270	0.000	0.012	0.001	0.001	
39.75	0.261	0.271	0.001	0.007	0.002	-0.020	
39.80	0.261	0.271	0.001	-0.004	-0.002	-0.025	
39.85	0.261	0.270	0.000	-0.008	-0.003	0.010	
39.90	0.261	0.270	0.000	-0.005	-0.000	0.030	
39.95	0.261	0.270	0.000	-0.002	0.003	0.007	
40.00	0.261	0.271	0.000	-0.000	0.001	-0.024	
40.05	0.261	0.271	0.000	-0.000	-0.002	-0.012	
40.10	0.261	0.270	0.000	0.000	-0.001	0.008	
40.15	0.261	0.271	0.000	0.000	-0.000	0.005	
40.20	0.261	0.270	0.000	0.000	0.000	-0.009	
40.25	0.261	0.271	0.000	0.000	-0.001	-0.015	
40.30	0.261	0.270	0.000	0.000	-0.003	0.009	
40.35	0.261	0.270	0.000	-0.000	0.000	0.022	
40.40	0.261	0.270	0.000	-0.000	0.000	0.015	
40.45	0.261	0.270	0.000	-0.002	0.002	0.007	
40.50	0.261	0.271	-0.000	-0.005	0.002	-0.013	
40.55	0.261	0.271	-0.000	-0.008	-0.001	-0.017	
40.60	0.261	0.270	-0.001	-0.004	-0.001	-0.001	
40.65	0.261	0.270	-0.001	0.008	-0.000	0.007	
40.70	0.261	0.270	-0.000	0.017	0.001	0.002	
40.75	0.261	0.271	0.001	0.021	-0.000	0.004	
40.80	0.261	0.270	0.002	0.011	0.000	0.013	
40.85	0.262	0.271	0.002	-0.011	0.002	0.000	
40.90	0.262	0.271	0.001	-0.021	0.001	-0.020	
40.95	0.262	0.271	-0.000	-0.017	-0.001	-0.020	
41.00	0.262	0.270	-0.001	-0.008	-0.002	0.001	
41.05	0.261	0.270	-0.001	0.004	-0.001	0.015	
41.10	0.261	0.270	-0.000	0.008	0.000	0.015	
41.15	0.261	0.270	-0.000	0.005	0.001	0.008	
41.20	0.261	0.271	0.000	0.002	0.001	-0.006	
41.25	0.261	0.271	0.000	0.000	0.000	-0.012	
41.30	0.261	0.271	0.000	0.000	-0.000	-0.011	
41.35	0.261	0.271	0.000	0.000	-0.001	-0.002	
41.40	0.261	0.270	0.000	0.000	-0.001	0.012	
41.45	0.261	0.270	0.000	0.000	0.001	0.010	
41.50	0.261	0.271	0.000	0.000	0.001	-0.006	
41.55	0.261	0.271	0.000	0.000	-0.000	-0.014	
41.60	0.261	0.271	0.000	0.000	-0.002	-0.002	
41.65	0.261	0.270	0.000	0.000	-0.000	0.008	
41.70	0.261	0.271	0.000	-0.000	0.001	-0.010	
41.75	0.261	0.271	0.000	-0.000	-0.002	-0.016	
41.80	0.261	0.270	0.000	-0.002	-0.002	0.006	
41.85	0.261	0.270	-0.000	-0.005	-0.001	0.018	
41.90	0.261	0.270	-0.000	-0.008	0.000	0.017	
41.95	0.261	0.270	-0.001	-0.006	0.001	0.010	
42.00	0.261	0.270	-0.001	0.005	0.001	0.001	
42.05	0.261	0.270	-0.000	0.012	0.001	-0.000	
42.10	0.261	0.270	-0.000	0.019	0.001	-0.004	
42.15	0.261	0.271	0.002	0.013	0.001	-0.019	
42.20	0.262	0.271	0.002	-0.011	-0.002	-0.015	
42.25	0.261	0.270	-0.000	-0.016	-0.002	0.015	
42.30	0.261	0.270	-0.000	-0.009	0.001	0.017	
42.35	0.261	0.271	-0.000	-0.008	0.001	-0.001	
42.40	0.261	0.271	-0.001	-0.004	0.000	-0.009	
42.45	0.261	0.271	-0.001	0.005	0.000	-0.010	
42.50	0.261	0.271	-0.000	0.008	-0.000	-0.010	
42.55	0.261	0.271	-0.000	0.006	-0.001	-0.006	
42.60	0.261	0.270	0.000	0.006	-0.001	0.002	
42.65	0.261	0.270	0.000	0.008	-0.001	0.003	
42.70	0.261	0.270	0.001	0.005	-0.001	-0.001	
42.75	0.261	0.270	0.001	-0.005	-0.002	0.007	
42.80	0.261	0.270	0.000	-0.008	0.000	0.009	
42.85	0.261	0.271	0.000	-0.005	0.000	-0.008	
42.90	0.261	0.270	0.000	-0.002	-0.002	-0.003	
42.95	0.261	0.270	0.000	-0.000	-0.000	0.010	
43.00	0.261	0.270	0.000	-0.000	0.000	0.011	
43.05	0.261	0.270	0.000	-0.002	0.001	0.005	
43.10	0.261	0.270	-0.000	-0.005	0.001	-0.007	
43.15	0.261	0.270	-0.000	-0.008	-0.000	-0.003	
43.20	0.261	0.270	-0.001	-0.007	0.000	0.009	
43.25	0.261	0.270	-0.001	0.000	0.001	0.007	
43.30	0.261	0.270	-0.001	0.001	0.001	-0.005	
43.35	0.261	0.271	-0.001	0.003	0.001	-0.019	
43.40	0.261	0.271	-0.001	0.014	-0.001	-0.018	
43.45	0.261	0.270	0.000	0.020	-0.002	0.003	
43.50	0.261	0.270	0.002	0.006	-0.000	0.016	
43.55	0.261	0.270	0.001	-0.013	0.001	0.007	
43.60	0.261	0.270	-0.000	-0.011	0.000	-0.002	
43.65	0.261	0.270	-0.000	-0.001	0.000	-0.002	
43.70	0.261	0.270	-0.000	0.001	0.000	0.000	
43.75	0.261	0.270	0.000	0.001	0.000	0.004	
43.80	0.261	0.270	0.000	0.002	0.000	0.006	
43.85	0.261	0.270	0.000	0.005	0.001	0.000	
43.90	0.261	0.271	0.000	0.008	0.001	-0.013	
43.95	0.261	0.271	0.001	0.005	-0.001	-0.013	
44.00	0.261	0.270	0.001	-0.005	-0.001	-0.002	
44.05	0.261	0.270	0.000	-0.008	-0.000	0.002	
44.10	0.261	0.270	0.000	-0.005	-0.000	-0.004	
44.15	0.261	0.270	0.000	-0.002	-0.001	-0.003	
44.20	0.261	0.270	0.000	-0.001	-0.001	0.005	
44.25	0.261	0.270	0.000	-0.002	-0.000	0.008	
44.30	0.261	0.270	-0.000	-0.005	-0.000	0.006	
44.35	0.261	0.270	-0.000	-0.010	0.000	0.005	
44.40	0.261	0.270	-0.001	-0.010	0.000	0.004	
44.45	0.261	0.270	-0.002	-0.004	0.001	-0.002	
44.50	0.261	0.270	-0.002	0.001	0.000	-0.007	
44.55	0.261	0.270	-0.001	0.004	-0.001	0.003	
44.60	0.261	0.270	-0.001	0.000	0.000	0.010	
44.65	0.261	0.270	-0.001	-0.004	0.002	-0.003	
44.70	0.261	0.271	-0.002	-0.001	0.000	-0.016	
44.75	0.261	0.270	-0.002	0.007	-0.002	-0.001	
44.80	0.261	0.270	-0.001	0.019	-0.000	0.015	
44.85	0.261	0.270	0.000	0.026	0.001	0.011	
44.90	0.261	0.270	0.002	0.016	0.001	-0.002	
44.95	0.261	0.270	0.003	-0.003	0.000	-0.007	
45.00	0.261	0.270	0.001	-0.008	0.000	-0.003	
45.05	0.261	0.270	0.001	-0.004	0.000	0.003	
45.10	0.261	0.270	0.001	-0.008	0.000	0.008	
45.15	0.261	0.270	0.000	-0.009	0.001	0.004	
45.20	0.261	0.271	0.000	-0.005	0.001	-0.007	
45.25	0.261	0.271	0.000	-0.002	0.000	-0.013	
45.30	0.261	0.271	0.000	-0.000	-0.000	-0.013	
45.35	0.261	0.271	0.000	-0.000	-0.001	-0.008	
45.40	0.261	0.270	0.000	-0.000	-0.001	0.002	
45.45	0.261	0.270	0.000	-0.000	-0.001	0.006	
45.50	0.261	0.270	0.000	-0.002	-0.001	0.011	
45.55	0.261	0.270	-0.000	-0.005	0.000	0.015	
45.60	0.261	0.270	-0.000	-0.008	0.002	0.002	
45.65	0.261	0.271	-0.001	-0.005	0.000	-0.009	
45.70	0.261	0.270	-0.001	0.003	-0.000	0.001	
45.75	0.261	0.270	-0.000	0.003	0.001	0.004	
45.80	0.261	0.271	-0.000	-0.003	0.001	-0.005	
45.85	0.261	0.271	-0.001	-0.003	-0.000	-0.003	
45.90	0.261	0.270	-0.001	0.005	0.000	0.005	
45.95	0.261	0.271	-0.000	0.008	0.001	-0.003	
46.00	0.261	0.271	-0.000	0.005	0.000	-0.018	
46.05	0.261	0.271	0.000	0.003	-0.002	-0.014	
46.10	0.261	0.270	0.000	0.006	-0.002	0.010	
46.15	0.261	0.270	0.000	0.014	0.000	0.014	
46.20	0.261	0.270	0.001	0.024	0.000	0.004	
46.25	0.261	0.270	0.004	0.014	0.000	0.000	
46.30	0.261	0.270	0.004	-0.014	0.000	-0.001	
46.35	0.261	0.270	0.001	-0.024	0.000	-0.002	
46.40	0.261	0.270	0.000	-0.014	-0.000	-0.003	
46.45	0.261	0.270	0.000	-0.005	-0.000	-0.003	
46.50	0.261	0.270	0.000	-0.001	-0.001	0.003	
46.55	0.261	0.270	0.000	-0.000	0.000	0.008	
46.60	0.261	0.270	0.000	-0.000	0.001	-0.001	
46.65	0.261	0.270	0.000	-0.002	-0.000	-0.010	
46.70	0.261	0.270	-0.000	-0.005	-0.001	-0.005	
46.75	0.261	0.270	-0.000	-0.008	-0.001	0.007	
46.80	0.261	0.270	-0.001	-0.005	0.000	0.004	
46.85	0.261	0.270	-0.001	0.004	-0.000	-0.005	
46.90	0.261	0.270	-0.000	0.006	-0.001	-0.002	
46.95	0.261	0.270	-0.000	-0.000	-0.000	0.003	
47.00	0.261	0.270	-0.000	-0.006	-0.000	0.004	
47.05	0.261	0.270	-0.001	-0.004	-0.000	0.013	
47.10	0.261	0.270	-0.001	0.005	0.001	0.015	
47.15	0.261	0.270	-0.000	0.008	0.002	-0.000	
47.20	0.261	0.270	-0.000	0.005	0.001	-0.009	
47.25	0.261	0.270	0.000	0.002	0.000	-0.006	
47.30	0.261	0.270	0.000	0.000	0.001	-0.010	
47.35	0.261	0.271	0.000	0.000	-0.000	-0.015	
47.40	0.261	0.270	0.000	0.001	-0.002	-0.005	
47.45	0.261	0.270	0.000	0.004	-0.001	0.006	
47.50	0.261	0.270	0.000	0.009	-0.000	0.004	
47.55	0.261	0.270	0.001	0.016	-0.001	0.010	
47.60	0.261	0.270	0.002	0.010	0.000	0.016	
47.65	0.261	0.270	0.002	-0.010	0.002	0.003	
47.70	0.261	0.271	0.001	-0.016	0.001	-0.017	
47.75	0.261	0.270	0.000	-0.009	-0.001	-0.017	
47.80	0.261	0.270	0.000	-0.004	-0.001	-0.002	
47.85	0.261	0.270	0.000	-0.001	-0.001	0.012	
47.90	0.261	0.270	0.000	-0.000	0.001	0.009	
47.95	0.261	0.270	0.000	-0.002	0.001	-0.009	
48.00	0.261	0.270	-0.000	-0.005	-0.001	-0.014	
48.05	0.261	0.270	-0.000	-0.008	-0.001	-0.003	
48.10	0.261	0.270	-0.001	-0.005	-0.001	0.009	
48.15	0.261	0.270	-0.001	0.005	-0.000	0.012	
48.20	0.261	0.270	-0.000	0.008	0.001	0.001	
48.25	0.261	0.270	-0.000	0.005	-0.000	-0.009	
48.30	0.261	0.270	0.000	0.001	-0.001	-0.002	
48.35	0.261	0.270	0.000	-0.001	-0.001	0.012	
48.40	0.261	0.270	-0.000	-0.005	0.001	0.011	
48.45	0.261	0.270	-0.000	-0.008	0.002	-0.011	
48.50	0.261	0.270	-0.001	-0.005	-0.001	-0.020	
48.55	0.261	0.270	-0.001	0.005	-0.002	-0.001	
48.60	0.261	0.270	-0.000	0.008	-0.001	0.014	
48.65	0.261	0.270	-0.000	0.005	0.000	0.014	
48.70	0.261	0.270	0.000	0.002	0.001	0.005	
48.75	0.261	0.270	0.000	0.001	0.001	-0.007	
48.80	0.261	0.270	0.000	0.004	-0.000	-0.004	
48.85	0.261	0.270	0.000	0.009	0.000	0.006	
48.90	0.261	0.270	0.001	0.016	0.001	0.004	
48.95	0.261	0.270	0.002	0.010	0.001	-0.000	
49.00	0.261	0.270	0.002	-0.010	0.001	-0.006	
49.05	0.261	0.270	0.001	-0.016	0.000	-0.011	
49.10	0.261	0.270	0.000	-0.010	-0.001	-0.004	
49.15	0.261	0.270	0.000	-0.005	-0.000	0.003	
49.20	0.261	0.270	-0.000	-0.004	-0.000	0.002	
49.25	0.261	0.270	-0.000	-0.005	-0.000	0.001	
49.30	0.261	0.270	-0.001	-0.001	-0.000	0.003	
49.35	0.261	0.270	-0.000	0.002	-0.000	0.010	
49.40	0.261	0.270	-0.000	-0.002	0.002	0.003	
49.45	0.261	0.271	-0.001	0.001	0.001	-0.015	
49.50	0.261	0.270	-0.000	0.005	-0.001	-0.006	
49.55	0.261	0.270	-0.000	0.003	-0.000	0.012	
49.60	0.261	0.270	0.000	0.001	0.000	0.017	
49.65	0.261	0.270	0.000	-0.001	0.002	0.008	
49.70	0.261	0.271	-0.000	-0.005	0.002	-0.009	
49.75	0.261	0.270	-0.000	-0.008	0.001	-0.012	
49.80	0.261	0.271	-0.001	-0.005	0.000	-0.014	
49.85	0.261	0.271	-0.001	0.005	-0.001	-0.006	
49.90	0.261	0.270	-0.000	0.008	-0.000	0.004	
49.95	0.261	0.271	-0.000	0.003	0.001	-0.014	
50.00	0.261	0.271	-0.000	-0.003	-0.003	-0.012	
50.05	0.261	0.270	-0.000	-0.007	-0.002	0.018	
50.10	0.261	0.270	-0.001	-0.004	0.000	0.024	
50.15	0.261	0.270	-0.001	0.010	0.001	0.010	
50.20	0.261	0.270	-0.000	0.020	0.001	-0.004	
50.25	0.261	0.270	0.001	0.024	0.000	-0.009	
50.30	0.261	0.270	0.003	0.009	0.000	-0.008	
50.35	0.261	0.270	0.002	-0.017	-0.000	-0.008	
50.40	0.261	0.270	0.000	-0.016	-0.001	-0.008	
50.45	0.261	0.270	0.000	-0.001	-0.002	0.003	
50.50	0.261	0.270	0.001	-0.001	-0.000	0.011	
50.55	0.261	0.270	0.000	-0.006	0.001	-0.006	
50.60	0.261	0.270	0.000	-0.006	-0.002	-0.007	
50.65	0.261	0.270	-0.000	-0.006	-0.002	0.019	
50.70	0.261	0.270	-0.001	-0.000	0.002	0.019	
50.75	0.261	0.270	-0.000	0.005	0.002	-0.010	
50.80	0.261	0.270	-0.000	0.003	0.000	-0.027	
50.85	0.261	0.270	0.000	0.001	-0.002	-0.013	
50.90	0.261	0.270	0.000	-0.000	-0.002	0.016	
50.95	0.261	0.270	0.000	-0.002	0.001	0.025	
51.00	0.261	0.270	-0.000	-0.005	0.001	0.014	
51.05	0.261	0.270	-0.000	-0.008	0.002	0.003	
51.10	0.261	0.270	-0.001	-0.005	0.002	-0.005	
51.15	0.261	0.270	-0.001	0.004	0.001	-0.011	
51.20	0.261	0.271	-0.000	0.006	0.000	-0.012	
51.25	0.261	0.270	-0.000	0.000	-0.001	-0.002	
51.30	0.261	0.270	-0.000	-0.006	0.001	-0.000	
51.35	0.261	0.271	-0.001	-0.004	-0.000	-0.007	
51.40	0.261	0.270	-0.001	0.005	-0.001	-0.002	
51.45	0.261	0.270	-0.000	0.008	-0.000	0.004	
51.50	0.261	0.270	-0.000	0.006	-0.000	0.004	
51.55	0.261	0.270	0.000	0.007	0.000	0.005	
51.60	0.261	0.270	0.000	0.014	0.000	0.009	
51.65	0.261	0.270	0.001	0.024	0.001	0.014	
51.70	0.261	0.270	0.004	0.014	0.002	0.005	
51.75	0.261	0.271	0.004	-0.014	0.002	-0.017	
51.80	0.261	0.271	0.001	-0.024	-0.000	-0.021	
51.85	0.261	0.271	0.000	-0.014	-0.001	-0.010	
51.90	0.261	0.271	0.000	-0.005	-0.000	-0.013	
51.95	0.261	0.271	0.000	-0.001	-0.002	-0.009	
52.00	0.261	0.270	0.000	-0.001	-0.003	0.020	
52.05	0.261	0.270	0.000	-0.002	0.001	0.031	
52.10	0.261	0.270	-0.000	-0.005	0.002	0.008	
52.15	0.261	0.271	-0.000	-0.008	0.001	-0.014	
52.20	0.261	0.271	-0.001	-0.005	-0.001	-0.012	
52.25	0.261	0.270	-0.001	0.003	-0.001	0.003	
52.30	0.261	0.270	-0.000	0.003	0.001	0.003	
52.35	0.261	0.271	-0.000	-0.003	0.000	-0.012	
52.40	0.261	0.271	-0.001	-0.003	-0.002	-0.008	
52.45	0.261	0.270	-0.001	0.005	-0.001	0.012	
52.50	0.261	0.270	-0.000	0.008	0.001	0.014	
52.55	0.261	0.270	-0.000	0.004	0.001	0.008	
52.60	0.261	0.270	0.000	0.000	0.001	0.002	
52.65	0.261	0.271	-0.000	-0.004	0.001	-0.006	
52.70	0.261	0.271	-0.000	-0.007	-0.000	-0.002	
52.75	0.261	0.270	-0.001	-0.002	0.001	0.002	
52.80	0.261	0.271	-0.001	0.008	0.001	-0.008	
52.85	0.261	0.271	0.000	0.006	-0.001	-0.007	
52.90	0.261	0.271	-0.000	0.000	-0.000	0.002	
52.95	0.261	0.271	-0.001	0.012	0.000	0.004	
53.00	0.261	0.271	0.001	0.026	0.000	0.004	
53.05	0.261	0.271	0.004	0.013	0.001	-0.003	
53.10	0.261	0.271	0.003	-0.021	0.000	-0.009	
53.15	0.261	0.271	-0.000	-0.028	-0.001	-0.001	
53.20	0.261	0.271	-0.001	-0.009	-0.000	0.008	
53.25	0.261	0.271	-0.000	0.003	0.000	0.009	
53.30	0.261	0.271	-0.000	0.004	0.001	0.000	
53.35	0.261	0.271	0.000	0.002	0.001	-0.015	
53.40	0.261	0.271	0.000	0.000	-0.001	-0.015	
53.45	0.261	0.271	0.000	-0.000	-0.002	0.004	
53.50	0.261	0.270	0.000	-0.002	-0.000	0.015	
53.55	0.261	0.271	-0.000	-0.005	0.001	-0.002	
53.60	0.261	0.271	-0.000	-0.008	-0.001	-0.011	
53.65	0.261	0.270	-0.001	-0.005	-0.002	0.008	
53.70	0.261	0.270	-0.001	0.005	0.001	0.017	
53.75	0.261	0.271	-0.000	0.008	0.001	0.007	
53.80	0.261	0.271	-0.000	0.005	0.001	0.001	
53.85	0.261	0.271	0.000	0.002	0.001	-0.004	
53.90	0.261	0.271	0.000	0.000	0.001	-0.014	
53.95	0.261	0.271	0.000	0.000	-0.001	-0.011	
54.00	0.261	0.271	0.000	0.000	-0.001	0.004	
54.05	0.261	0.271	0.000	0.002	0.000	0.011	
54.10	0.261	0.271	0.000	0.005	0.001	-0.000	
54.15	0.261	0.271	0.000	0.008	0.000	-0.019	
54.20	0.261	0.271	0.001	0.006	-0.002	-0.017	
54.25	0.261	0.270	0.001	-0.001	-0.002	0.005	
54.30	0.261	0.270	0.001	0.001	-0.001	0.016	
54.35	0.261	0.270	0.001	0.011	-0.000	0.014	
54.40	0.261	0.270	0.002	0.006	0.000	0.011	
54.45	0.262	0.270	0.002	-0.015	0.001	0.004	
54.50	0.262	0.271	0.000	-0.024	0.001	-0.008	
54.55	0.262	0.271	-0.001	-0.014	0.000	-0.015	
54.60	0.261	0.271	-0.001	0.001	-0.001	-0.010	
54.65	0.261	0.270	-0.000	0.007	-0.001	-0.006	
54.70	0.261	0.271	-0.000	0.003	-0.002	-0.002	
54.75	0.261	0.270	-0.000	-0.003	-0.002	0.016	
54.80	0.261	0.270	-0.000	-0.008	0.001	0.022	
54.85	0.261	0.270	-0.001	-0.005	0.001	0.009	
54.90	0.261	0.270	-0.001	0.005	0.002	-0.005	
54.95	0.261	0.271	-0.000	0.008	0.001	-0.017	
55.00	0.261	0.271	-0.000	0.004	-0.001	-0.014	
55.05	0.261	0.270	0.000	0.000	-0.001	0.002	
55.10	0.261	0.270	-0.000	-0.004	-0.000	0.010	
55.15	0.261	0.270	-0.000	-0.008	0.000	0.011	
55.20	0.261	0.270	-0.001	-0.005	0.001	0.002	
55.25	0.261	0.271	-0.001	0.005	0.001	-0.011	
55.30	0.261	0.271	-0.000	0.008	-0.001	-0.008	
55.35	0.261	0.270	-0.000	0.005	-0.001	0.008	
55.40	0.261	0.270	0.000	0.002	0.001	0.009	
55.45	0.261	0.271	0.000	0.000	0.001	-0.005	
55.50	0.261	0.271	0.000	0.000	0.000	-0.014	
55.55	0.261	0.271	0.000	0.001	-0.001	-0.009	
55.60	0.261	0.270	0.000	0.004	-0.001	0.004	
55.65	0.261	0.270	0.000	0.009	-0.000	0.010	
55.70	0.261	0.270	0.001	0.016	0.000	0.008	
55.75	0.261	0.270	0.002	0.010	0.001	-0.001	
55.80	0.261	0.271	0.002	-0.010	0.000	-0.008	
55.85	0.261	0.270	0.001	-0.016	-0.001	-0.002	
55.90	0.261	0.270	0.000	-0.010	-0.000	0.004	
55.95	0.261	0.270	0.000	-0.005	0.000	-0.004	
56.00	0.261	0.271	-0.000	-0.005	-0.001	-0.005	
56.05	0.261	0.270	-0.000	-0.008	-0.001	0.007	
56.10	0.261	0.270	-0.001	-0.005	0.001	0.008	
56.15	0.261	0.270	-0.001	0.005	0.000	0.004	
56.20	0.261	0.270	-0.000	0.008	0.000	0.005	
56.25	0.261	0.270	-0.000	0.004	0.001	-0.001	
56.30	0.261	0.271	0.000	0.000	0.001	-0.012	
56.35	0.261	0.271	-0.000	-0.003	-0.001	-0.010	
56.40	0.261	0.270	-0.000	-0.005	-0.001	0.005	
56.45	0.261	0.270	-0.001	-0.001	0.001	0.006	
56.50	0.261	0.271	-0.000	0.002	0.000	-0.002	
56.55	0.261	0.270	-0.000	-0.002	0.000	-0.005	
56.60	0.261	0.271	-0.001	0.001	-0.000	-0.006	
56.65	0.261	0.270	-0.000	0.005	-0.001	0.001	
56.70	0.261	0.270	-0.000	0.003	-0.000	0.008	
56.75	0.261	0.270	0.000	0.001	0.000	0.007	
56.80	0.261	0.270	0.000	0.000	0.001	-0.002	
56.85	0.261	0.271	0.000	0.000	0.000	-0.009	
56.90	0.261	0.270	0.000	0.000	-0.001	-0.003	
56.95	0.261	0.270	0.000	0.001	-0.000	0.005	
57.00	0.261	0.270	0.000	0.004	0.000	0.008	
57.05	0.261	0.270	0.000	0.009	0.000	0.011	
57.10	0.261	0.270	0.001	0.016	0.001	0.009	
57.15	0.261	0.271	0.002	0.010	0.002	-0.000	
57.20	0.261	0.271	0.002	-0.010	0.001	-0.012	
57.25	0.261	0.271	0.001	-0.016	0.001	-0.024	
57.30	0.261	0.271	0.000	-0.011	-0.002	-0.017	
57.35	0.261	0.270	-0.000	-0.008	-0.002	0.008	
57.40	0.261	0.270	-0.000	-0.009	0.000	0.013	
57.45	0.261	0.271	-0.001	-0.005	-0.000	0.004	
57.50	0.261	0.270	-0.001	0.005	-0.000	0.008	
57.55	0.261	0.270	-0.000	0.008	0.001	0.008	
57.60	0.261	0.271	-0.000	0.005	0.001	-0.004	
57.65	0.261	0.271	0.000	0.001	0.000	-0.009	
57.70	0.261	0.271	0.000	-0.001	-0.001	-0.002	
57.75	0.261	0.270	-0.000	-0.005	0.000	-0.001	
57.80	0.261	0.271	-0.000	-0.008	-0.000	-0.007	
57.85	0.261	0.270	-0.001	-0.004	-0.001	0.006	
57.90	0.261	0.270	-0.001	0.007	0.001	0.010	
57.95	0.261	0.271	-0.000	0.013	0.001	-0.008	
58.00	0.261	0.271	0.000	0.013	-0.000	-0.019	
58.05	0.261	0.271	0.001	0.006	-0.002	-0.009	
58.10	0.261	0.270	0.001	-0.006	-0.002	0.016	
58.15	0.261	0.270	0.000	-0.011	0.000	0.019	
58.20	0.261	0.270	-0.000	-0.010	0.001	0.000	
58.25	0.261	0.270	-0.001	-0.003	0.000	-0.010	
58.30	0.261	0.270	-0.000	0.002	-0.001	-0.002	
58.35	0.261	0.270	-0.000	0.003	-0.001	0.015	
58.40	0.261	0.270	-0.001	0.014	0.001	0.017	
58.45	0.261	0.270	0.001	0.024	0.002	-0.005	
58.50	0.261	0.271	0.003	0.010	0.001	-0.027	
58.55	0.262	0.271	0.002	-0.018	-0.002	-0.022	
58.60	0.261	0.270	-0.000	-0.021	-0.002	0.003	
58.65	0.261	0.270	-0.000	-0.011	-0.001	0.014	
58.70	0.261	0.270	-0.000	-0.009	-0.000	0.010	
58.75	0.261	0.270	-0.001	-0.004	0.000	0.007	
58.80	0.261	0.270	-0.001	0.005	0.000	0.008	
58.85	0.261	0.270	-0.000	0.008	0.001	0.011	
58.90	0.261	0.270	-0.000	0.005	0.002	0.000	
58.95	0.261	0.271	0.000	0.004	0.001	-0.016	
59.00	0.261	0.270	0.000	0.005	-0.001	-0.013	
59.05	0.261	0.270	0.000	0.008	-0.001	0.004	
59.10	0.261	0.270	0.001	0.005	0.001	0.007	
59.15	0.261	0.271	0.001	-0.005	0.000	0.000	
59.20	0.261	0.270	0.000	-0.008	0.000	0.000