Vernier Format 2
run30.txt 10/10/2025 15:22:39
Run 1
Time	Position	Position	Velocity	Acceleration	Velocity	Acceleration	
T	P	P	V	A	V	A	
s	m	m	m/s	m/s^2	m/s	m/s^2	

0.00	0.246	0.266	-0.008	0.093	0.122	0.018	
0.05	0.246	0.272	-0.005	0.116	0.123	-0.007	
0.10	0.245	0.279	0.002	0.137	0.123	-0.053	
0.15	0.246	0.285	0.010	0.132	0.119	-0.125	
0.20	0.247	0.291	0.016	0.110	0.111	-0.200	
0.25	0.248	0.296	0.021	0.100	0.099	-0.264	
0.30	0.249	0.301	0.026	0.101	0.085	-0.331	
0.35	0.250	0.305	0.031	0.091	0.065	-0.386	
0.40	0.251	0.307	0.039	0.014	0.045	-0.414	
0.45	0.255	0.309	0.036	-0.121	0.024	-0.440	
0.50	0.256	0.310	0.017	-0.102	0.000	-0.452	
0.55	0.255	0.309	0.021	0.005	-0.023	-0.436	
0.60	0.258	0.307	0.028	-0.047	-0.043	-0.413	
0.65	0.259	0.305	0.017	-0.118	-0.064	-0.381	
0.70	0.259	0.301	0.011	-0.101	-0.082	-0.331	
0.75	0.260	0.297	0.007	-0.067	-0.097	-0.274	
0.80	0.260	0.291	0.004	-0.034	-0.110	-0.210	
0.85	0.260	0.285	0.004	-0.009	-0.119	-0.129	
0.90	0.260	0.279	0.004	0.013	-0.123	-0.046	
0.95	0.261	0.273	0.005	0.039	-0.124	0.032	
1.00	0.261	0.267	0.008	0.055	-0.120	0.120	
1.05	0.261	0.261	0.012	0.047	-0.111	0.190	
1.10	0.262	0.256	0.013	0.038	-0.101	0.254	
1.15	0.263	0.250	0.010	0.127	-0.086	0.333	
1.20	0.262	0.247	0.025	0.225	-0.067	0.389	
1.25	0.265	0.244	0.042	0.154	-0.046	0.409	
1.30	0.267	0.242	0.042	0.046	-0.025	0.420	
1.35	0.269	0.241	0.042	0.008	-0.005	0.442	
1.40	0.271	0.241	0.041	0.008	0.020	0.441	
1.45	0.273	0.243	0.043	-0.001	0.042	0.384	
1.50	0.276	0.246	0.043	-0.045	0.058	0.317	
1.55	0.278	0.249	0.039	-0.091	0.073	0.269	
1.60	0.280	0.253	0.033	-0.125	0.087	0.194	
1.65	0.281	0.258	0.026	-0.161	0.093	0.104	
1.70	0.282	0.263	0.017	-0.208	0.096	0.039	
1.75	0.283	0.268	0.006	-0.249	0.097	-0.020	
1.80	0.283	0.273	-0.009	-0.257	0.094	-0.081	
1.85	0.282	0.277	-0.022	-0.237	0.088	-0.136	
1.90	0.281	0.281	-0.032	-0.220	0.079	-0.170	
1.95	0.279	0.285	-0.043	-0.211	0.071	-0.201	
2.00	0.276	0.289	-0.053	-0.205	0.060	-0.243	
2.05	0.273	0.291	-0.064	-0.185	0.046	-0.278	
2.10	0.270	0.293	-0.073	-0.148	0.032	-0.297	
2.15	0.266	0.295	-0.079	-0.105	0.016	-0.292	
2.20	0.262	0.295	-0.083	-0.067	0.001	-0.255	
2.25	0.258	0.294	-0.086	-0.023	-0.010	-0.217	
2.30	0.253	0.294	-0.087	0.046	-0.019	-0.206	
2.35	0.249	0.293	-0.081	0.103	-0.031	-0.184	
2.40	0.245	0.291	-0.074	0.126	-0.040	-0.124	
2.45	0.241	0.288	-0.067	0.134	-0.042	-0.078	
2.50	0.239	0.286	-0.065	0.218	-0.047	-0.048	
2.55	0.234	0.284	-0.050	0.375	-0.048	-0.014	
2.60	0.233	0.282	-0.022	0.435	-0.048	0.019	
2.65	0.233	0.279	-0.001	0.400	-0.047	0.068	
2.70	0.233	0.277	0.017	0.374	-0.040	0.101	
2.75	0.234	0.275	0.035	0.366	-0.035	0.104	
2.80	0.236	0.273	0.053	0.365	-0.030	0.112	
2.85	0.239	0.272	0.070	0.375	-0.025	0.131	
2.90	0.243	0.271	0.095	0.302	-0.017	0.142	
2.95	0.250	0.270	0.106	0.128	-0.009	0.122	
3.00	0.254	0.270	0.104	0.016	-0.004	0.086	
3.05	0.260	0.270	0.104	-0.018	-0.001	0.061	
3.10	0.265	0.270	0.101	-0.031	0.001	0.050	
3.15	0.270	0.270	0.101	-0.062	0.004	0.037	
3.20	0.275	0.270	0.098	-0.150	0.006	-0.002	
3.25	0.280	0.271	0.086	-0.229	0.004	-0.038	
3.30	0.284	0.271	0.073	-0.265	0.002	-0.060	
3.35	0.287	0.271	0.060	-0.297	-0.003	-0.068	
3.40	0.290	0.270	0.043	-0.321	-0.006	-0.052	
3.45	0.291	0.270	0.026	-0.324	-0.007	-0.042	
3.50	0.292	0.270	0.010	-0.322	-0.010	-0.041	
3.55	0.292	0.269	-0.005	-0.325	-0.011	-0.046	
3.60	0.292	0.269	-0.022	-0.333	-0.014	-0.048	
3.65	0.290	0.268	-0.040	-0.318	-0.017	-0.023	
3.70	0.288	0.267	-0.055	-0.271	-0.018	0.029	
3.75	0.285	0.266	-0.067	-0.212	-0.013	0.062	
3.80	0.281	0.266	-0.076	-0.157	-0.010	0.069	
3.85	0.277	0.265	-0.082	-0.113	-0.007	0.086	
3.90	0.273	0.265	-0.088	-0.066	-0.001	0.099	
3.95	0.268	0.265	-0.090	-0.008	0.002	0.119	
4.00	0.264	0.265	-0.088	0.049	0.010	0.144	
4.05	0.259	0.266	-0.085	0.100	0.018	0.148	
4.10	0.255	0.267	-0.078	0.134	0.024	0.155	
4.15	0.251	0.268	-0.070	0.139	0.034	0.148	
4.20	0.248	0.270	-0.063	0.131	0.040	0.122	
4.25	0.245	0.272	-0.061	0.208	0.045	0.113	
4.30	0.241	0.275	-0.046	0.356	0.052	0.088	
4.35	0.240	0.278	-0.020	0.401	0.055	0.035	
4.40	0.240	0.280	-0.001	0.349	0.055	-0.007	
4.45	0.240	0.283	0.018	0.233	0.055	-0.050	
4.50	0.243	0.286	0.020	0.156	0.050	-0.089	
4.55	0.242	0.288	0.024	0.251	0.045	-0.121	
4.60	0.244	0.291	0.051	0.252	0.038	-0.160	
4.65	0.248	0.292	0.059	0.085	0.029	-0.194	
4.70	0.250	0.293	0.053	0.005	0.019	-0.227	
4.75	0.253	0.294	0.054	0.014	0.006	-0.249	
4.80	0.256	0.294	0.057	0.008	-0.006	-0.260	
4.85	0.259	0.294	0.057	-0.026	-0.020	-0.264	
4.90	0.261	0.292	0.053	-0.056	-0.034	-0.247	
4.95	0.264	0.290	0.050	-0.069	-0.046	-0.216	
5.00	0.266	0.287	0.047	-0.089	-0.056	-0.177	
5.05	0.269	0.285	0.042	-0.117	-0.063	-0.142	
5.10	0.271	0.281	0.035	-0.132	-0.069	-0.111	
5.15	0.272	0.277	0.028	-0.128	-0.074	-0.085	
5.20	0.273	0.274	0.021	-0.115	-0.078	-0.051	
5.25	0.274	0.270	0.017	-0.108	-0.080	0.009	
5.30	0.275	0.265	0.011	-0.112	-0.078	0.083	
5.35	0.275	0.262	0.005	-0.102	-0.071	0.136	
5.40	0.275	0.258	0.000	-0.079	-0.063	0.163	
5.45	0.275	0.255	-0.003	-0.062	-0.055	0.195	
5.50	0.275	0.253	-0.005	-0.055	-0.044	0.225	
5.55	0.275	0.251	-0.008	-0.056	-0.033	0.258	
5.60	0.274	0.249	-0.012	-0.040	-0.019	0.299	
5.65	0.274	0.249	-0.013	-0.011	-0.001	0.306	
5.70	0.273	0.249	-0.012	-0.008	0.013	0.293	
5.75	0.273	0.250	-0.013	-0.020	0.028	0.285	
5.80	0.272	0.252	-0.014	-0.018	0.042	0.254	
5.85	0.271	0.255	-0.015	-0.009	0.053	0.216	
5.90	0.270	0.257	-0.015	-0.011	0.064	0.177	
5.95	0.270	0.261	-0.016	-0.022	0.072	0.124	
6.00	0.269	0.265	-0.017	-0.028	0.076	0.075	
6.05	0.268	0.269	-0.019	-0.028	0.080	0.018	
6.10	0.267	0.273	-0.020	-0.023	0.079	-0.049	
6.15	0.266	0.277	-0.021	-0.023	0.073	-0.086	
6.20	0.265	0.280	-0.022	-0.028	0.069	-0.108	
6.25	0.264	0.284	-0.023	-0.035	0.063	-0.140	
6.30	0.263	0.287	-0.026	-0.030	0.056	-0.177	
6.35	0.261	0.289	-0.028	-0.007	0.046	-0.220	
6.40	0.260	0.291	-0.026	-0.002	0.032	-0.236	
6.45	0.258	0.292	-0.027	-0.007	0.020	-0.220	
6.50	0.257	0.293	-0.028	0.005	0.011	-0.220	
6.55	0.256	0.294	-0.026	0.015	-0.001	-0.228	
6.60	0.254	0.293	-0.026	0.012	-0.013	-0.214	
6.65	0.253	0.292	-0.025	0.019	-0.022	-0.204	
6.70	0.252	0.291	-0.024	0.039	-0.034	-0.178	
6.75	0.251	0.289	-0.026	0.134	-0.041	-0.136	
6.80	0.248	0.287	-0.011	0.230	-0.047	-0.103	
6.85	0.250	0.284	0.006	0.173	-0.052	-0.057	
6.90	0.250	0.281	0.006	0.105	-0.052	-0.021	
6.95	0.250	0.279	0.011	0.112	-0.052	-0.013	
7.00	0.251	0.276	0.018	0.133	-0.054	0.006	
7.05	0.252	0.274	0.025	0.146	-0.053	0.047	
7.10	0.253	0.271	0.033	0.142	-0.049	0.090	
7.15	0.255	0.269	0.040	0.127	-0.043	0.117	
7.20	0.257	0.267	0.046	0.100	-0.037	0.135	
7.25	0.260	0.265	0.050	0.074	-0.030	0.155	
7.30	0.262	0.263	0.054	0.035	-0.021	0.160	
7.35	0.265	0.263	0.053	0.001	-0.013	0.149	
7.40	0.268	0.262	0.053	-0.009	-0.006	0.143	
7.45	0.270	0.262	0.053	-0.035	0.001	0.148	
7.50	0.273	0.262	0.051	-0.087	0.009	0.142	
7.55	0.276	0.263	0.044	-0.129	0.016	0.107	
7.60	0.277	0.264	0.037	-0.155	0.020	0.063	
7.65	0.280	0.265	0.029	-0.187	0.021	0.042	
7.70	0.281	0.266	0.017	-0.200	0.024	0.030	
7.75	0.281	0.267	0.008	-0.199	0.025	0.010	
7.80	0.281	0.269	-0.002	-0.212	0.025	-0.013	
7.85	0.281	0.270	-0.014	-0.209	0.023	-0.026	
7.90	0.280	0.271	-0.024	-0.186	0.022	-0.028	
7.95	0.279	0.272	-0.032	-0.166	0.020	-0.032	
8.00	0.277	0.273	-0.040	-0.150	0.018	-0.028	
8.05	0.275	0.274	-0.047	-0.131	0.018	-0.034	
8.10	0.272	0.275	-0.054	-0.097	0.016	-0.053	
8.15	0.269	0.276	-0.057	-0.065	0.012	-0.051	
8.20	0.266	0.276	-0.060	-0.033	0.009	-0.027	
8.25	0.263	0.276	-0.060	0.000	0.009	-0.005	
8.30	0.260	0.277	-0.060	0.028	0.010	0.001	
8.35	0.257	0.277	-0.058	0.066	0.010	-0.005	
8.40	0.254	0.278	-0.053	0.091	0.009	-0.008	
8.45	0.252	0.278	-0.047	0.087	0.009	-0.003	
8.50	0.250	0.279	-0.043	0.074	0.009	0.004	
8.55	0.248	0.279	-0.044	0.135	0.009	0.009	
8.60	0.245	0.280	-0.034	0.264	0.010	0.003	
8.65	0.244	0.280	-0.013	0.310	0.010	-0.016	
8.70	0.244	0.281	0.002	0.271	0.008	-0.025	
8.75	0.244	0.281	0.013	0.235	0.006	-0.011	
8.80	0.245	0.281	0.024	0.214	0.007	-0.012	
8.85	0.247	0.282	0.034	0.205	0.006	-0.033	
8.90	0.248	0.282	0.049	0.134	0.004	-0.057	
8.95	0.252	0.282	0.047	0.070	0.000	-0.070	
9.00	0.252	0.282	0.051	0.086	-0.004	-0.064	
9.05	0.257	0.282	0.060	0.026	-0.006	-0.063	
9.10	0.259	0.281	0.054	-0.040	-0.009	-0.077	
9.15	0.262	0.281	0.053	-0.049	-0.014	-0.090	
9.20	0.265	0.280	0.050	-0.073	-0.019	-0.094	
9.25	0.267	0.279	0.045	-0.088	-0.024	-0.090	
9.30	0.269	0.278	0.041	-0.097	-0.028	-0.083	
9.35	0.271	0.276	0.036	-0.108	-0.032	-0.070	
9.40	0.273	0.274	0.030	-0.115	-0.035	-0.045	
9.45	0.274	0.273	0.024	-0.130	-0.037	-0.014	
9.50	0.275	0.271	0.017	-0.145	-0.037	0.015	
9.55	0.276	0.269	0.009	-0.142	-0.034	0.026	
9.60	0.276	0.267	0.002	-0.126	-0.034	0.040	
9.65	0.276	0.265	-0.004	-0.104	-0.031	0.076	
9.70	0.276	0.264	-0.008	-0.094	-0.026	0.101	
9.75	0.275	0.263	-0.012	-0.099	-0.021	0.124	
9.80	0.275	0.262	-0.018	-0.096	-0.014	0.143	
9.85	0.274	0.261	-0.022	-0.086	-0.006	0.152	
9.90	0.272	0.261	-0.027	-0.068	0.002	0.154	
9.95	0.271	0.262	-0.030	-0.040	0.010	0.140	
10.00	0.269	0.262	-0.031	-0.014	0.016	0.119	
10.05	0.268	0.263	-0.031	0.002	0.021	0.108	
10.10	0.266	0.264	-0.030	0.017	0.026	0.111	
10.15	0.265	0.266	-0.029	0.028	0.032	0.111	
10.20	0.263	0.268	-0.027	0.036	0.038	0.100	
10.25	0.262	0.270	-0.025	0.041	0.043	0.069	
10.30	0.261	0.272	-0.023	0.042	0.045	0.027	
10.35	0.260	0.274	-0.021	0.045	0.045	-0.007	
10.40	0.258	0.277	-0.018	0.040	0.044	-0.022	
10.45	0.258	0.279	-0.016	0.008	0.043	-0.031	
10.50	0.257	0.281	-0.017	-0.024	0.042	-0.059	
10.55	0.257	0.283	-0.023	0.039	0.038	-0.101	
10.60	0.254	0.285	-0.018	0.182	0.031	-0.130	
10.65	0.254	0.286	0.004	0.165	0.023	-0.135	
10.70	0.256	0.287	0.003	0.055	0.018	-0.144	
10.75	0.254	0.288	0.004	0.021	0.010	-0.164	
10.80	0.256	0.288	0.010	-0.071	0.001	-0.179	
10.85	0.256	0.288	-0.007	-0.067	-0.009	-0.174	
10.90	0.254	0.287	-0.008	0.116	-0.017	-0.154	
10.95	0.255	0.286	0.008	0.226	-0.024	-0.135	
11.00	0.255	0.285	0.025	0.143	-0.031	-0.106	
11.05	0.258	0.283	0.028	-0.044	-0.035	-0.075	
11.10	0.259	0.281	0.016	-0.132	-0.037	-0.065	
11.15	0.259	0.279	0.004	-0.031	-0.041	-0.062	
11.20	0.258	0.277	0.013	0.069	-0.045	-0.037	
11.25	0.261	0.275	0.022	-0.006	-0.046	0.001	
11.30	0.262	0.272	0.008	-0.012	-0.044	0.034	
11.35	0.261	0.270	0.010	0.147	-0.042	0.061	
11.40	0.262	0.268	0.032	0.157	-0.038	0.079	
11.45	0.265	0.267	0.036	0.003	-0.033	0.087	
11.50	0.266	0.265	0.026	-0.069	-0.030	0.110	
11.55	0.267	0.263	0.024	-0.053	-0.022	0.132	
11.60	0.268	0.263	0.022	-0.036	-0.015	0.126	
11.65	0.269	0.262	0.020	-0.020	-0.010	0.120	
11.70	0.270	0.262	0.021	-0.029	-0.004	0.133	
11.75	0.271	0.261	0.019	-0.063	0.003	0.151	
11.80	0.272	0.262	0.014	-0.088	0.012	0.144	
11.85	0.273	0.263	0.009	-0.091	0.019	0.110	
11.90	0.273	0.264	0.005	-0.090	0.022	0.093	
11.95	0.273	0.265	0.000	-0.091	0.027	0.089	
12.00	0.273	0.267	-0.004	-0.093	0.032	0.068	
12.05	0.273	0.268	-0.009	-0.091	0.035	0.035	
12.10	0.272	0.270	-0.013	-0.083	0.035	0.001	
12.15	0.271	0.272	-0.017	-0.086	0.034	-0.013	
12.20	0.270	0.273	-0.023	-0.078	0.034	-0.028	
12.25	0.269	0.275	-0.026	-0.050	0.031	-0.050	
12.30	0.268	0.276	-0.027	-0.040	0.029	-0.066	
12.35	0.267	0.278	-0.029	-0.049	0.025	-0.093	
12.40	0.265	0.279	-0.033	-0.041	0.019	-0.098	
12.45	0.263	0.280	-0.034	-0.014	0.014	-0.077	
12.50	0.262	0.281	-0.034	0.010	0.011	-0.058	
12.55	0.260	0.281	-0.032	0.030	0.009	-0.057	
12.60	0.258	0.282	-0.031	0.044	0.006	-0.073	
12.65	0.257	0.282	-0.028	0.059	0.002	-0.083	
12.70	0.255	0.282	-0.024	0.058	-0.003	-0.078	
12.75	0.254	0.281	-0.021	0.041	-0.006	-0.061	
12.80	0.253	0.281	-0.020	0.034	-0.009	-0.045	
12.85	0.253	0.280	-0.023	0.119	-0.011	-0.023	
12.90	0.250	0.280	-0.012	0.264	-0.010	-0.017	
12.95	0.250	0.280	0.014	0.219	-0.012	-0.033	
13.00	0.253	0.279	0.019	0.013	-0.016	-0.018	
13.05	0.253	0.278	0.005	-0.015	-0.014	0.003	
13.10	0.252	0.277	0.007	0.153	-0.013	-0.011	
13.15	0.253	0.277	0.024	0.257	-0.016	-0.015	
13.20	0.255	0.276	0.042	0.172	-0.016	0.014	
13.25	0.258	0.275	0.046	-0.010	-0.013	0.027	
13.30	0.260	0.274	0.036	-0.096	-0.012	0.012	
13.35	0.262	0.274	0.027	-0.014	-0.013	0.011	
13.40	0.262	0.273	0.035	0.068	-0.012	0.020	
13.45	0.265	0.273	0.044	-0.024	-0.010	0.003	
13.50	0.268	0.272	0.028	-0.056	-0.012	-0.007	
13.55	0.267	0.271	0.033	0.007	-0.013	0.020	
13.60	0.271	0.271	0.038	-0.073	-0.009	0.040	
13.65	0.272	0.270	0.026	-0.157	-0.006	0.019	
13.70	0.273	0.270	0.017	-0.165	-0.008	-0.001	
13.75	0.274	0.270	0.010	-0.168	-0.008	0.006	
13.80	0.274	0.269	0.001	-0.165	-0.006	0.009	
13.85	0.274	0.269	-0.012	-0.069	-0.007	0.018	
13.90	0.272	0.269	-0.006	0.031	-0.005	0.032	
13.95	0.273	0.269	0.001	-0.042	-0.003	0.030	
14.00	0.273	0.268	-0.010	-0.126	-0.002	0.033	
14.05	0.272	0.268	-0.017	-0.119	-0.000	0.044	
14.10	0.271	0.268	-0.022	-0.095	0.002	0.055	
14.15	0.270	0.268	-0.027	-0.067	0.005	0.068	
14.20	0.268	0.269	-0.029	-0.045	0.009	0.076	
14.25	0.267	0.269	-0.031	-0.038	0.013	0.071	
14.30	0.265	0.270	-0.032	-0.030	0.017	0.048	
14.35	0.264	0.271	-0.033	-0.017	0.018	0.030	
14.40	0.262	0.272	-0.039	0.074	0.019	0.027	
14.45	0.259	0.273	-0.027	0.167	0.021	0.018	
14.50	0.259	0.274	-0.013	0.094	0.021	0.011	
14.55	0.258	0.275	-0.017	0.004	0.021	0.014	
14.60	0.257	0.276	-0.017	-0.001	0.023	0.005	
14.65	0.257	0.277	-0.017	0.017	0.023	-0.020	
14.70	0.256	0.279	-0.020	0.117	0.021	-0.038	
14.75	0.254	0.280	-0.005	0.203	0.018	-0.039	
14.80	0.256	0.280	0.010	0.121	0.017	-0.045	
14.85	0.256	0.281	0.007	0.034	0.015	-0.076	
14.90	0.256	0.282	0.008	0.032	0.009	-0.106	
14.95	0.256	0.282	0.010	0.042	0.002	-0.096	
15.00	0.257	0.282	0.013	0.049	-0.001	-0.071	
15.05	0.258	0.282	0.016	0.034	-0.003	-0.072	
15.10	0.259	0.282	0.017	0.003	-0.007	-0.090	
15.15	0.259	0.281	0.016	-0.014	-0.013	-0.093	
15.20	0.260	0.281	0.015	-0.016	-0.017	-0.084	
15.25	0.261	0.280	0.010	0.050	-0.022	-0.065	
15.30	0.260	0.278	0.020	0.112	-0.024	-0.039	
15.35	0.263	0.277	0.029	0.026	-0.025	-0.028	
15.40	0.264	0.276	0.022	-0.049	-0.026	-0.033	
15.45	0.265	0.275	0.020	-0.050	-0.029	-0.026	
15.50	0.266	0.273	0.017	-0.044	-0.030	0.001	
15.55	0.267	0.271	0.015	-0.022	-0.029	0.039	
15.60	0.267	0.270	0.016	-0.029	-0.025	0.059	
15.65	0.269	0.269	0.014	-0.065	-0.022	0.061	
15.70	0.269	0.268	0.008	-0.066	-0.020	0.069	
15.75	0.269	0.267	0.006	-0.042	-0.015	0.073	
15.80	0.269	0.266	0.005	-0.034	-0.012	0.081	
15.85	0.270	0.266	0.003	-0.038	-0.008	0.100	
15.90	0.270	0.265	0.000	-0.039	-0.001	0.096	
15.95	0.270	0.266	-0.001	-0.034	0.003	0.080	
16.00	0.270	0.266	-0.002	-0.038	0.006	0.078	
16.05	0.269	0.266	-0.005	-0.044	0.010	0.088	
16.10	0.269	0.267	-0.007	-0.044	0.016	0.080	
16.15	0.269	0.268	-0.010	-0.036	0.019	0.052	
16.20	0.268	0.269	-0.011	-0.021	0.019	0.046	
16.25	0.268	0.270	-0.011	-0.017	0.023	0.046	
16.30	0.267	0.271	-0.012	-0.022	0.025	0.025	
16.35	0.266	0.272	-0.014	-0.015	0.025	0.019	
16.40	0.265	0.273	-0.014	-0.006	0.027	0.019	
16.45	0.265	0.275	-0.014	-0.007	0.028	-0.012	
16.50	0.264	0.276	-0.015	-0.006	0.025	-0.036	
16.55	0.263	0.277	-0.015	-0.001	0.024	-0.042	
16.60	0.263	0.279	-0.015	-0.003	0.022	-0.054	
16.65	0.262	0.280	-0.015	-0.003	0.018	-0.063	
16.70	0.261	0.281	-0.016	0.012	0.016	-0.080	
16.75	0.260	0.281	-0.014	0.024	0.011	-0.104	
16.80	0.260	0.282	-0.013	0.022	0.004	-0.097	
16.85	0.259	0.282	-0.012	0.020	-0.000	-0.070	
16.90	0.258	0.282	-0.011	0.026	-0.002	-0.068	
16.95	0.258	0.282	-0.009	0.024	-0.006	-0.083	
17.00	0.258	0.281	-0.008	0.013	-0.012	-0.073	
17.05	0.257	0.280	-0.008	0.017	-0.014	-0.050	
17.10	0.257	0.280	-0.011	0.098	-0.016	-0.036	
17.15	0.255	0.279	0.002	0.175	-0.018	-0.013	
17.20	0.257	0.278	0.015	0.104	-0.017	-0.002	
17.25	0.258	0.277	0.012	0.021	-0.017	-0.018	
17.30	0.258	0.276	0.013	0.010	-0.019	-0.020	
17.35	0.259	0.275	0.013	0.024	-0.020	-0.002	
17.40	0.259	0.274	0.015	0.040	-0.019	0.013	
17.45	0.260	0.273	0.017	0.047	-0.018	0.024	
17.50	0.261	0.272	0.020	0.052	-0.017	0.034	
17.55	0.262	0.271	0.023	0.040	-0.014	0.037	
17.60	0.264	0.271	0.025	0.004	-0.013	0.042	
17.65	0.265	0.270	0.023	-0.023	-0.011	0.059	
17.70	0.266	0.270	0.021	-0.024	-0.007	0.066	
17.75	0.267	0.269	0.021	-0.030	-0.003	0.055	
17.80	0.268	0.269	0.019	-0.039	-0.002	0.044	
17.85	0.269	0.269	0.016	-0.037	-0.000	0.052	
17.90	0.270	0.269	0.015	-0.042	0.004	0.050	
17.95	0.270	0.270	0.014	-0.068	0.006	0.025	
18.00	0.271	0.270	0.008	-0.095	0.005	0.018	
18.05	0.271	0.270	0.003	-0.096	0.007	0.027	
18.10	0.271	0.271	-0.002	-0.087	0.010	0.014	
18.15	0.271	0.271	-0.006	-0.087	0.008	0.006	
18.20	0.271	0.271	-0.010	-0.096	0.009	0.012	
18.25	0.270	0.272	-0.015	-0.106	0.011	-0.000	
18.30	0.269	0.273	-0.020	-0.105	0.010	-0.018	
18.35	0.268	0.273	-0.030	-0.016	0.008	-0.017	
18.40	0.265	0.273	-0.022	0.073	0.007	0.003	
18.45	0.266	0.274	-0.014	0.012	0.009	0.004	
18.50	0.265	0.274	-0.022	-0.047	0.009	-0.018	
18.55	0.264	0.275	-0.024	-0.034	0.006	-0.023	
18.60	0.262	0.275	-0.025	-0.008	0.005	-0.004	
18.65	0.261	0.275	-0.025	0.027	0.006	0.006	
18.70	0.260	0.276	-0.022	0.052	0.007	-0.005	
18.75	0.259	0.276	-0.019	0.064	0.005	-0.007	
18.80	0.258	0.276	-0.015	0.069	0.006	0.004	
18.85	0.257	0.276	-0.012	0.069	0.007	-0.004	
18.90	0.257	0.277	-0.008	0.060	0.005	-0.008	
18.95	0.256	0.277	-0.005	0.041	0.005	-0.003	
19.00	0.256	0.277	-0.004	0.031	0.006	-0.013	
19.05	0.256	0.277	-0.008	0.113	0.004	-0.021	
19.10	0.255	0.278	0.007	0.196	0.003	-0.016	
19.15	0.257	0.278	0.022	0.113	0.003	-0.017	
19.20	0.258	0.278	0.018	0.023	0.001	-0.029	
19.25	0.259	0.278	0.018	0.023	-0.000	-0.039	
19.30	0.259	0.278	0.021	0.022	-0.003	-0.040	
19.35	0.261	0.277	0.023	-0.009	-0.005	-0.033	
19.40	0.262	0.277	0.019	-0.025	-0.006	-0.031	
19.45	0.263	0.277	0.018	-0.008	-0.008	-0.031	
19.50	0.264	0.277	0.019	-0.006	-0.009	-0.030	
19.55	0.265	0.276	0.019	-0.021	-0.011	-0.033	
19.60	0.265	0.276	0.017	-0.034	-0.013	-0.026	
19.65	0.266	0.275	0.015	-0.045	-0.013	-0.015	
19.70	0.267	0.274	0.012	-0.051	-0.013	-0.016	
19.75	0.268	0.274	0.010	-0.057	-0.016	-0.009	
19.80	0.268	0.273	0.007	-0.064	-0.015	0.009	
19.85	0.268	0.272	0.003	-0.067	-0.014	0.008	
19.90	0.268	0.271	-0.000	-0.063	-0.014	0.012	
19.95	0.268	0.270	-0.004	-0.045	-0.013	0.031	
20.00	0.268	0.270	-0.005	-0.034	-0.011	0.051	
20.05	0.268	0.269	-0.005	-0.048	-0.008	0.059	
20.10	0.268	0.269	-0.009	-0.065	-0.005	0.057	
20.15	0.267	0.269	-0.017	-0.004	-0.002	0.054	
20.20	0.265	0.269	-0.009	0.060	0.001	0.050	
20.25	0.266	0.269	-0.002	-0.017	0.002	0.064	
20.30	0.266	0.269	-0.017	-0.009	0.007	0.079	
20.35	0.263	0.270	-0.009	0.086	0.012	0.063	
20.40	0.265	0.270	0.001	0.029	0.014	0.039	
20.45	0.264	0.271	-0.005	-0.037	0.015	0.035	
20.50	0.264	0.272	-0.007	-0.028	0.017	0.033	
20.55	0.264	0.273	-0.008	-0.005	0.018	0.021	
20.60	0.263	0.274	-0.007	0.011	0.019	0.002	
20.65	0.263	0.275	-0.007	0.015	0.018	-0.010	
20.70	0.263	0.275	-0.006	0.015	0.018	-0.016	
20.75	0.262	0.277	-0.005	0.015	0.017	-0.028	
20.80	0.262	0.277	-0.004	0.018	0.015	-0.038	
20.85	0.262	0.278	-0.003	0.010	0.013	-0.047	
20.90	0.262	0.279	-0.003	-0.009	0.010	-0.048	
20.95	0.262	0.279	-0.004	-0.022	0.009	-0.059	
21.00	0.261	0.280	-0.005	-0.020	0.005	-0.084	
21.05	0.261	0.280	-0.006	-0.017	-0.001	-0.080	
21.10	0.261	0.279	-0.011	0.054	-0.004	-0.055	
21.15	0.259	0.279	-0.001	0.130	-0.005	-0.053	
21.20	0.261	0.279	0.010	0.057	-0.009	-0.063	
21.25	0.261	0.278	0.005	-0.021	-0.013	-0.053	
21.30	0.261	0.277	0.003	-0.018	-0.015	-0.030	
21.35	0.261	0.277	0.003	-0.005	-0.015	-0.011	
21.40	0.262	0.276	0.003	0.004	-0.015	-0.002	
21.45	0.262	0.275	0.004	0.008	-0.015	0.002	
21.50	0.262	0.274	0.004	0.015	-0.015	0.004	
21.55	0.262	0.274	0.005	0.019	-0.015	0.004	
21.60	0.262	0.273	0.006	0.014	-0.016	0.018	
21.65	0.263	0.272	0.007	0.008	-0.013	0.040	
21.70	0.263	0.272	0.006	0.014	-0.011	0.045	
21.75	0.263	0.271	0.008	0.017	-0.008	0.041	
21.80	0.264	0.271	0.009	0.005	-0.006	0.032	
21.85	0.264	0.270	0.008	0.001	-0.006	0.037	
21.90	0.265	0.270	0.009	0.005	-0.004	0.059	
21.95	0.265	0.270	0.009	-0.004	0.001	0.065	
22.00	0.266	0.270	0.008	-0.015	0.004	0.047	
22.05	0.266	0.270	0.007	-0.018	0.005	0.030	
22.10	0.266	0.271	0.007	-0.020	0.007	0.024	
22.15	0.267	0.271	0.005	-0.024	0.007	0.025	
22.20	0.267	0.271	0.004	-0.035	0.009	0.029	
22.25	0.267	0.272	0.002	-0.050	0.011	0.019	
22.30	0.267	0.273	-0.002	-0.046	0.011	0.003	
22.35	0.267	0.273	-0.003	-0.031	0.010	0.005	
22.40	0.267	0.274	-0.003	-0.037	0.012	0.009	
22.45	0.267	0.274	-0.006	-0.045	0.012	-0.009	
22.50	0.266	0.275	-0.009	-0.036	0.011	-0.028	
22.55	0.266	0.275	-0.010	-0.030	0.009	-0.038	
22.60	0.265	0.276	-0.012	-0.026	0.006	-0.034	
22.65	0.264	0.276	-0.013	-0.006	0.005	-0.016	
22.70	0.264	0.276	-0.012	0.003	0.006	-0.024	
22.75	0.263	0.277	-0.012	-0.002	0.003	-0.042	
22.80	0.263	0.277	-0.013	0.007	0.000	-0.032	
22.85	0.262	0.277	-0.012	0.025	-0.000	-0.018	
22.90	0.261	0.277	-0.010	0.042	-0.001	-0.021	
22.95	0.261	0.277	-0.007	0.039	-0.002	-0.026	
23.00	0.261	0.276	-0.005	0.012	-0.004	-0.017	
23.05	0.261	0.276	-0.007	0.010	-0.004	0.001	
23.10	0.260	0.276	-0.006	0.035	-0.003	0.001	
23.15	0.260	0.276	-0.002	0.047	-0.004	-0.011	
23.20	0.260	0.276	-0.000	0.045	-0.005	-0.011	
23.25	0.260	0.275	0.002	0.043	-0.005	-0.000	
23.30	0.260	0.275	0.004	0.045	-0.005	0.017	
23.35	0.260	0.275	0.006	0.044	-0.003	0.018	
23.40	0.261	0.275	0.008	0.037	-0.002	-0.007	
23.45	0.261	0.275	0.010	0.031	-0.004	-0.014	
23.50	0.262	0.274	0.012	0.025	-0.005	0.009	
23.55	0.262	0.274	0.012	0.023	-0.003	0.029	
23.60	0.263	0.274	0.014	0.021	-0.000	0.018	
23.65	0.264	0.274	0.015	0.007	-0.001	0.000	
23.70	0.264	0.274	0.015	-0.021	-0.001	-0.003	
23.75	0.265	0.274	0.012	-0.040	-0.001	-0.011	
23.80	0.266	0.274	0.010	-0.032	-0.003	-0.015	
23.85	0.266	0.274	0.010	-0.027	-0.003	-0.015	
23.90	0.267	0.274	0.008	-0.035	-0.004	-0.008	
23.95	0.267	0.273	0.006	-0.038	-0.004	0.009	
24.00	0.267	0.273	0.004	-0.035	-0.003	0.010	
24.05	0.267	0.273	0.003	-0.040	-0.002	0.000	
24.10	0.268	0.273	0.000	-0.049	-0.003	-0.001	
24.15	0.267	0.273	-0.003	-0.051	-0.004	0.014	
24.20	0.267	0.273	-0.005	-0.060	-0.001	0.018	
24.25	0.267	0.273	-0.008	-0.074	-0.001	0.005	
24.30	0.266	0.273	-0.013	-0.067	-0.001	0.002	
24.35	0.266	0.273	-0.015	-0.045	-0.001	0.012	
24.40	0.265	0.272	-0.021	0.040	0.000	0.021	
24.45	0.263	0.273	-0.012	0.121	0.002	0.019	
24.50	0.264	0.273	-0.001	0.055	0.002	0.011	
24.55	0.263	0.273	-0.006	-0.020	0.002	0.014	
24.60	0.263	0.273	-0.008	-0.019	0.002	0.037	
24.65	0.263	0.273	-0.008	-0.002	0.007	0.042	
24.70	0.262	0.274	-0.007	0.013	0.008	0.015	
24.75	0.262	0.274	-0.007	0.021	0.007	0.007	
24.80	0.262	0.274	-0.006	0.035	0.008	0.012	
24.85	0.261	0.275	-0.003	0.037	0.009	0.002	
24.90	0.261	0.275	-0.001	0.022	0.009	-0.012	
24.95	0.261	0.276	-0.001	0.018	0.008	-0.019	
25.00	0.261	0.276	0.000	0.024	0.006	-0.015	
25.05	0.261	0.276	0.002	0.023	0.006	-0.003	
25.10	0.261	0.276	0.003	0.004	0.007	-0.011	
25.15	0.262	0.277	0.003	-0.027	0.005	-0.030	
25.20	0.262	0.277	0.000	-0.042	0.003	-0.040	
25.25	0.262	0.277	-0.007	0.036	0.001	-0.049	
25.30	0.260	0.277	0.004	0.113	-0.002	-0.051	
25.35	0.262	0.277	0.014	0.025	-0.004	-0.041	
25.40	0.263	0.277	0.007	-0.076	-0.006	-0.024	
25.45	0.263	0.276	0.001	-0.082	-0.006	-0.019	
25.50	0.263	0.276	-0.007	0.012	-0.008	-0.018	
25.55	0.261	0.276	0.002	0.105	-0.008	-0.014	
25.60	0.263	0.275	0.013	0.021	-0.008	-0.021	
25.65	0.263	0.275	0.005	-0.078	-0.011	-0.015	
25.70	0.263	0.274	0.000	-0.079	-0.012	0.015	
25.75	0.264	0.274	-0.008	0.012	-0.008	0.026	
25.80	0.262	0.273	0.002	0.096	-0.008	0.013	
25.85	0.264	0.273	0.011	0.015	-0.008	0.009	
25.90	0.264	0.273	0.004	-0.084	-0.007	0.013	
25.95	0.264	0.272	-0.001	-0.099	-0.006	0.020	
26.00	0.264	0.272	-0.011	-0.016	-0.005	0.027	
26.05	0.262	0.272	-0.008	0.140	-0.004	0.032	
26.10	0.262	0.271	0.011	0.144	-0.002	0.036	
26.15	0.264	0.271	0.015	-0.005	-0.000	0.046	
26.20	0.264	0.271	0.006	-0.080	0.003	0.047	
26.25	0.264	0.272	0.002	-0.057	0.006	0.020	
26.30	0.264	0.272	0.001	-0.030	0.004	0.003	
26.35	0.265	0.272	-0.000	-0.017	0.005	0.017	
26.40	0.264	0.273	-0.001	-0.005	0.006	0.026	
26.45	0.264	0.273	-0.001	0.009	0.008	0.020	
26.50	0.264	0.273	0.001	0.007	0.009	0.007	
26.55	0.265	0.274	0.001	-0.013	0.009	-0.010	
26.60	0.264	0.274	-0.001	-0.025	0.007	-0.019	
26.65	0.264	0.274	-0.002	-0.037	0.006	-0.013	
26.70	0.264	0.275	-0.004	-0.050	0.007	-0.017	
26.75	0.264	0.275	-0.007	-0.050	0.004	-0.020	
26.80	0.264	0.275	-0.014	0.028	0.004	-0.011	
26.85	0.262	0.276	-0.005	0.111	0.004	-0.013	
26.90	0.263	0.276	0.006	0.045	0.003	-0.018	
26.95	0.263	0.276	-0.000	-0.027	0.002	-0.025	
27.00	0.263	0.276	-0.002	-0.022	0.001	-0.038	
27.05	0.263	0.276	-0.002	-0.010	-0.003	-0.026	
27.10	0.263	0.276	-0.002	-0.008	-0.002	-0.007	
27.15	0.263	0.276	-0.003	-0.007	-0.002	-0.007	
27.20	0.263	0.275	-0.003	0.001	-0.003	-0.001	
27.25	0.262	0.275	-0.003	0.011	-0.002	-0.005	
27.30	0.262	0.275	-0.002	0.018	-0.003	-0.017	
27.35	0.262	0.275	-0.001	0.024	-0.005	-0.006	
27.40	0.262	0.275	0.000	0.029	-0.003	-0.003	
27.45	0.262	0.275	0.002	0.018	-0.005	-0.011	
27.50	0.262	0.274	0.003	-0.004	-0.005	-0.006	
27.55	0.263	0.274	0.002	-0.026	-0.005	0.002	
27.60	0.263	0.274	-0.000	-0.033	-0.006	0.027	
27.65	0.263	0.273	-0.002	-0.024	-0.002	0.034	
27.70	0.263	0.274	-0.007	0.059	-0.001	0.009	
27.75	0.261	0.273	0.004	0.136	-0.002	-0.004	
27.80	0.263	0.274	0.016	0.052	-0.002	-0.002	
27.85	0.264	0.273	0.009	-0.034	-0.003	0.018	
27.90	0.264	0.273	0.006	-0.023	0.000	0.027	
27.95	0.264	0.273	0.008	-0.020	0.002	0.006	
28.00	0.265	0.273	0.006	-0.036	0.000	0.000	
28.05	0.265	0.273	0.003	-0.035	0.001	0.005	
28.10	0.265	0.274	0.002	-0.032	0.001	0.002	
28.15	0.265	0.273	0.002	-0.054	0.001	0.006	
28.20	0.265	0.274	-0.007	-0.013	0.002	0.010	
28.25	0.263	0.274	-0.001	0.040	0.003	0.003	
28.30	0.265	0.274	0.006	-0.049	0.002	-0.003	
28.35	0.265	0.274	-0.010	-0.065	0.002	-0.003	
28.40	0.263	0.274	-0.005	-0.018	0.002	-0.002	
28.45	0.265	0.274	-0.007	-0.039	0.002	-0.001	
28.50	0.263	0.274	-0.014	0.037	0.002	-0.003	
28.55	0.263	0.274	-0.004	0.119	0.002	-0.008	
28.60	0.262	0.274	0.006	0.051	0.001	-0.016	
28.65	0.264	0.274	0.001	-0.031	-0.001	-0.011	
28.70	0.262	0.274	-0.003	-0.026	-0.000	-0.001	
28.75	0.263	0.274	0.002	-0.073	-0.001	0.006	
28.80	0.263	0.274	-0.007	-0.143	0.001	0.004	
28.85	0.263	0.274	-0.019	-0.087	0.001	-0.011	
28.90	0.261	0.274	-0.021	0.052	-0.002	-0.007	
28.95	0.260	0.274	-0.010	0.113	-0.001	0.008	
29.00	0.260	0.274	-0.005	0.082	-0.000	0.014	
29.05	0.260	0.274	-0.002	0.053	0.000	0.026	
29.10	0.260	0.274	-0.001	0.055	0.003	0.018	
29.15	0.260	0.275	0.002	0.086	0.004	-0.014	
29.20	0.260	0.275	0.008	0.098	0.001	-0.024	
29.25	0.260	0.275	0.017	0.023	-0.000	-0.007	
29.30	0.262	0.274	0.013	-0.093	0.000	0.010	
29.35	0.262	0.275	-0.003	-0.042	0.002	0.007	
29.40	0.261	0.275	0.005	0.071	0.001	0.002	
29.45	0.263	0.275	0.014	0.022	0.001	0.007	
29.50	0.263	0.275	0.008	-0.047	0.003	-0.006	
29.55	0.263	0.275	0.006	-0.063	0.001	-0.028	
29.60	0.263	0.275	0.003	-0.085	-0.002	-0.017	
29.65	0.264	0.275	-0.001	-0.112	-0.000	-0.011	
29.70	0.264	0.275	-0.012	-0.071	-0.002	-0.027	
29.75	0.262	0.275	-0.014	0.066	-0.005	-0.009	
29.80	0.262	0.274	-0.002	0.142	-0.003	0.015	
29.85	0.262	0.274	0.005	0.124	-0.002	0.012	
29.90	0.262	0.274	0.014	0.026	-0.002	0.004	
29.95	0.264	0.274	0.012	-0.145	-0.001	-0.011	
30.00	0.264	0.274	-0.009	-0.151	-0.003	-0.017	
30.05	0.262	0.274	-0.014	0.034	-0.004	-0.003	
30.10	0.262	0.274	-0.002	0.150	-0.003	0.011	
30.15	0.262	0.274	0.011	0.082	-0.002	0.013	
30.20	0.264	0.273	0.012	-0.091	-0.002	0.012	
30.25	0.264	0.273	-0.002	-0.183	-0.002	0.021	
30.30	0.264	0.273	-0.016	-0.089	0.001	0.021	
30.35	0.261	0.274	-0.015	0.085	0.002	0.000	
30.40	0.261	0.273	-0.002	0.145	-0.001	0.004	
30.45	0.261	0.273	0.009	0.028	0.001	0.017	
30.50	0.263	0.274	0.000	-0.074	0.002	0.009	
30.55	0.261	0.274	-0.009	0.007	0.002	0.001	
30.60	0.261	0.274	0.000	0.107	0.002	0.003	
30.65	0.261	0.274	0.011	0.061	0.002	0.009	
30.70	0.263	0.274	0.006	0.004	0.003	0.010	
30.75	0.262	0.274	0.006	0.024	0.003	0.005	
30.80	0.264	0.274	0.012	-0.018	0.003	0.001	
30.85	0.264	0.274	0.005	-0.076	0.003	-0.002	
30.90	0.264	0.275	0.002	-0.088	0.003	-0.007	
30.95	0.264	0.275	-0.003	-0.098	0.003	-0.017	
31.00	0.264	0.275	-0.013	-0.021	0.002	-0.024	
31.05	0.262	0.275	-0.005	0.048	0.000	-0.023	
31.10	0.264	0.275	-0.003	0.023	-0.001	-0.011	
31.15	0.262	0.275	-0.002	-0.020	-0.001	0.003	
31.20	0.264	0.275	-0.005	-0.055	-0.000	0.003	
31.25	0.261	0.275	-0.013	0.015	0.000	-0.013	
31.30	0.261	0.275	-0.004	0.093	-0.002	-0.024	
31.35	0.261	0.275	0.001	0.086	-0.004	-0.004	
31.40	0.261	0.274	0.009	0.006	-0.002	0.006	
31.45	0.263	0.275	0.001	-0.065	-0.002	-0.011	
31.50	0.261	0.274	-0.007	0.029	-0.004	-0.004	
31.55	0.261	0.274	0.007	0.068	-0.003	0.011	
31.60	0.263	0.274	0.004	0.025	-0.002	0.012	
31.65	0.261	0.274	0.006	0.036	-0.002	0.020	
31.70	0.263	0.274	0.012	-0.017	0.000	0.016	
31.75	0.263	0.274	0.004	-0.056	0.001	-0.004	
31.80	0.263	0.274	0.002	-0.024	-0.001	-0.009	
31.85	0.263	0.274	0.002	-0.006	-0.001	0.002	
31.90	0.264	0.274	0.003	-0.007	-0.000	0.010	
31.95	0.264	0.274	0.001	-0.004	0.000	0.014	
32.00	0.264	0.274	0.002	0.003	0.001	0.018	
32.05	0.264	0.274	0.002	-0.004	0.002	0.010	
32.10	0.264	0.274	0.002	-0.015	0.002	-0.010	
32.15	0.264	0.274	0.000	-0.017	0.001	-0.016	
32.20	0.264	0.274	-0.000	-0.015	0.000	-0.009	
32.25	0.264	0.274	-0.001	-0.007	0.000	-0.004	
32.30	0.264	0.274	-0.001	0.003	0.000	-0.000	
32.35	0.264	0.274	-0.000	0.003	0.000	0.002	
32.40	0.264	0.274	-0.000	-0.005	0.000	0.005	
32.45	0.264	0.274	-0.001	-0.006	0.000	0.009	
32.50	0.264	0.274	-0.002	0.000	0.001	0.008	
32.55	0.264	0.274	-0.001	0.008	0.001	0.003	
32.60	0.263	0.274	-0.000	0.008	0.001	0.004	
32.65	0.264	0.274	-0.000	-0.000	0.002	-0.002	
32.70	0.263	0.275	-0.000	-0.008	0.001	-0.015	
32.75	0.264	0.274	-0.001	-0.010	-0.000	-0.011	
32.80	0.263	0.274	-0.002	-0.007	0.000	-0.008	
32.85	0.263	0.275	-0.002	-0.013	-0.001	-0.007	
32.90	0.263	0.274	-0.002	-0.023	-0.001	0.005	
32.95	0.263	0.274	-0.004	-0.032	0.000	0.003	
33.00	0.263	0.274	-0.010	0.020	-0.001	0.001	
33.05	0.261	0.274	-0.001	0.069	0.000	0.005	
33.10	0.263	0.274	0.005	-0.004	0.001	-0.002	
33.15	0.263	0.274	-0.007	0.009	-0.001	-0.003	
33.20	0.261	0.274	0.001	0.093	0.000	0.001	
33.25	0.263	0.274	0.011	0.024	0.000	-0.009	
33.30	0.263	0.274	0.005	-0.065	-0.001	-0.012	
33.35	0.263	0.274	0.000	-0.083	-0.002	0.006	
33.40	0.263	0.274	-0.009	-0.011	-0.000	0.017	
33.45	0.262	0.274	-0.001	0.063	0.001	0.006	
33.50	0.263	0.274	0.007	-0.019	0.001	-0.013	
33.55	0.264	0.274	-0.007	-0.034	-0.001	-0.016	
33.60	0.262	0.274	-0.001	0.032	-0.002	0.004	
33.65	0.264	0.274	0.001	0.028	-0.000	0.020	
33.70	0.262	0.274	0.002	0.024	0.001	0.022	
33.75	0.264	0.274	0.002	0.035	0.002	0.008	
33.80	0.262	0.274	0.004	0.052	0.002	-0.017	
33.85	0.264	0.274	0.012	-0.007	-0.000	-0.021	
33.90	0.264	0.274	0.004	-0.063	-0.001	-0.005	
33.95	0.264	0.274	0.001	-0.044	-0.000	0.004	
34.00	0.264	0.274	-0.000	-0.026	-0.000	0.002	
34.05	0.264	0.274	-0.001	-0.010	-0.000	-0.004	
34.10	0.264	0.274	-0.001	-0.000	-0.000	-0.007	
34.15	0.264	0.274	-0.001	-0.000	-0.001	0.000	
34.20	0.264	0.274	-0.001	-0.000	-0.001	0.019	
34.25	0.264	0.274	-0.001	0.005	0.002	0.017	
34.30	0.264	0.274	-0.000	0.005	0.002	-0.017	
34.35	0.264	0.274	-0.000	0.001	-0.002	-0.017	
34.40	0.264	0.274	-0.001	0.001	-0.001	0.009	
34.45	0.263	0.274	-0.000	0.001	0.001	0.005	
34.50	0.264	0.274	0.000	-0.011	-0.000	-0.001	
34.55	0.264	0.274	-0.002	-0.008	-0.000	0.005	
34.60	0.263	0.274	-0.002	0.014	0.000	0.008	
34.65	0.263	0.274	0.000	0.014	0.001	0.004	
34.70	0.263	0.274	0.001	-0.019	0.001	-0.010	
34.75	0.263	0.274	-0.001	-0.061	-0.000	-0.014	
34.80	0.263	0.274	-0.005	-0.093	-0.001	-0.003	
34.85	0.263	0.274	-0.014	-0.051	-0.001	0.020	
34.90	0.262	0.274	-0.014	0.060	0.003	0.013	
34.95	0.261	0.275	-0.005	0.119	0.002	-0.021	
35.00	0.261	0.274	0.001	0.119	-0.002	-0.021	
35.05	0.262	0.274	0.006	0.117	-0.002	0.005	
35.10	0.262	0.274	0.016	0.059	0.000	0.011	
35.15	0.264	0.274	0.016	-0.065	0.000	-0.006	
35.20	0.264	0.274	0.005	-0.109	-0.002	-0.006	
35.25	0.264	0.274	0.000	-0.064	-0.001	0.004	
35.30	0.264	0.274	-0.001	-0.028	-0.000	0.001	
35.35	0.264	0.274	-0.001	-0.011	-0.001	0.002	
35.40	0.263	0.274	-0.002	-0.003	0.000	-0.003	
35.45	0.263	0.274	-0.002	0.001	-0.001	-0.005	
35.50	0.263	0.274	-0.001	-0.005	-0.002	0.010	
35.55	0.263	0.274	-0.001	-0.021	0.001	0.006	
35.60	0.263	0.274	-0.003	-0.039	-0.000	-0.008	
35.65	0.263	0.274	-0.010	0.029	-0.002	0.006	
35.70	0.261	0.274	-0.001	0.114	0.000	0.022	
35.75	0.263	0.274	0.010	0.053	0.002	0.011	
35.80	0.263	0.274	0.005	-0.022	0.002	-0.014	
35.85	0.263	0.274	0.003	-0.033	-0.000	-0.017	
35.90	0.263	0.274	0.001	-0.024	-0.001	0.005	
35.95	0.263	0.274	0.001	-0.003	0.000	0.020	
36.00	0.263	0.274	0.001	0.001	0.002	0.012	
36.05	0.264	0.274	0.001	-0.007	0.002	-0.012	
36.10	0.264	0.274	0.000	-0.011	0.000	-0.022	
36.15	0.264	0.274	-0.000	-0.010	-0.001	-0.011	
36.20	0.264	0.274	-0.001	-0.002	-0.001	0.006	
36.25	0.263	0.274	-0.000	0.003	0.001	0.005	
36.30	0.264	0.274	-0.000	-0.002	0.000	-0.006	
36.35	0.263	0.274	-0.000	-0.007	-0.000	-0.013	
36.40	0.264	0.274	-0.001	-0.007	-0.002	-0.011	
36.45	0.263	0.274	-0.001	0.001	-0.002	0.003	
36.50	0.263	0.274	-0.001	0.004	-0.001	0.010	
36.55	0.263	0.274	-0.001	0.002	-0.000	0.003	
36.60	0.263	0.274	0.001	-0.017	-0.001	0.002	
36.65	0.264	0.274	-0.001	-0.052	-0.000	0.006	
36.70	0.263	0.274	-0.010	0.004	-0.000	0.006	
36.75	0.261	0.274	-0.001	0.056	-0.000	0.012	
36.80	0.263	0.274	0.006	-0.054	0.002	0.006	
36.85	0.263	0.274	-0.011	-0.075	0.001	-0.008	
36.90	0.261	0.274	-0.013	0.083	-0.001	0.006	
36.95	0.261	0.274	0.000	0.184	0.001	0.021	
37.00	0.261	0.274	0.014	0.126	0.003	0.002	
37.05	0.263	0.274	0.017	-0.026	0.002	-0.020	
37.10	0.264	0.274	0.007	-0.098	0.000	-0.023	
37.15	0.264	0.274	0.002	-0.068	-0.001	-0.013	
37.20	0.264	0.274	0.001	-0.034	-0.001	0.003	
37.25	0.264	0.274	0.000	-0.018	-0.000	0.009	
37.30	0.264	0.274	-0.001	-0.006	0.000	0.009	
37.35	0.264	0.274	-0.000	0.000	0.000	0.008	
37.40	0.264	0.274	-0.000	-0.002	0.001	0.001	
37.45	0.264	0.274	-0.001	-0.000	0.001	-0.013	
37.50	0.264	0.274	-0.000	0.002	-0.001	-0.013	
37.55	0.264	0.274	-0.000	-0.003	-0.001	-0.003	
37.60	0.264	0.274	-0.001	-0.001	-0.001	-0.000	
37.65	0.264	0.274	-0.001	0.001	-0.001	-0.005	
37.70	0.264	0.274	-0.001	0.005	-0.002	0.002	
37.75	0.263	0.274	-0.000	0.007	-0.001	0.011	
37.80	0.264	0.274	0.001	-0.008	-0.000	0.008	
37.85	0.264	0.274	-0.001	-0.029	0.000	0.005	
37.90	0.263	0.274	-0.002	-0.056	0.001	-0.004	
37.95	0.264	0.274	-0.006	-0.071	-0.001	-0.003	
38.00	0.263	0.274	-0.015	0.018	-0.000	0.005	
38.05	0.261	0.274	-0.008	0.151	0.000	0.008	
38.10	0.262	0.274	0.011	0.096	0.001	0.005	
38.15	0.264	0.274	0.009	-0.079	0.001	0.001	
38.20	0.263	0.274	-0.008	-0.069	0.001	-0.003	
38.25	0.261	0.274	-0.003	0.036	0.001	-0.012	
38.30	0.263	0.274	0.000	0.070	-0.001	-0.003	
38.35	0.261	0.274	0.005	0.081	0.001	0.005	
38.40	0.264	0.274	0.013	0.002	0.001	-0.004	
38.45	0.264	0.274	0.005	-0.067	-0.001	0.004	
38.50	0.264	0.274	0.001	-0.050	0.001	0.011	
38.55	0.264	0.274	-0.001	-0.020	0.002	-0.008	
38.60	0.264	0.274	0.001	-0.006	-0.001	-0.015	
38.65	0.264	0.274	-0.000	-0.014	-0.001	-0.005	
38.70	0.264	0.274	-0.001	-0.014	-0.000	-0.001	
38.75	0.264	0.274	-0.002	-0.010	-0.001	-0.007	
38.80	0.263	0.274	-0.003	-0.002	-0.002	-0.008	
38.85	0.263	0.274	-0.002	-0.006	-0.002	0.004	
38.90	0.263	0.274	-0.002	-0.025	-0.001	0.010	
38.95	0.263	0.274	-0.004	-0.030	-0.000	0.007	
39.00	0.263	0.274	-0.010	0.050	-0.001	0.013	
39.05	0.261	0.274	0.001	0.120	0.000	0.023	
39.10	0.263	0.274	0.011	0.037	0.002	0.017	
39.15	0.263	0.274	0.004	-0.036	0.003	-0.002	
39.20	0.263	0.274	0.002	-0.023	0.002	-0.016	
39.25	0.263	0.274	0.002	-0.005	0.001	-0.022	
39.30	0.263	0.274	0.002	-0.005	-0.001	-0.018	
39.35	0.264	0.274	0.002	-0.017	-0.001	-0.004	
39.40	0.264	0.274	0.000	-0.018	-0.001	0.002	
39.45	0.264	0.274	-0.001	-0.009	-0.001	0.008	
39.50	0.263	0.274	-0.000	-0.004	-0.000	0.019	
39.55	0.264	0.274	-0.000	-0.020	0.002	0.007	
39.60	0.263	0.274	-0.002	-0.039	0.002	-0.024	
39.65	0.263	0.274	-0.004	-0.060	-0.002	-0.027	
39.70	0.263	0.274	-0.012	-0.019	-0.003	0.005	
39.75	0.261	0.274	-0.006	0.028	-0.001	0.025	
39.80	0.263	0.274	-0.005	0.014	0.001	0.017	
39.85	0.261	0.274	-0.009	0.062	0.001	-0.000	
39.90	0.262	0.274	0.001	0.092	0.000	-0.009	
39.95	0.261	0.274	0.009	-0.009	0.000	-0.009	
40.00	0.263	0.274	-0.000	-0.100	-0.000	-0.009	
40.05	0.261	0.274	-0.010	-0.032	-0.001	-0.002	
40.10	0.261	0.274	-0.004	0.060	-0.001	0.012	
40.15	0.261	0.274	-0.001	0.095	0.000	0.019	
40.20	0.261	0.274	0.005	0.126	0.002	0.007	
40.25	0.261	0.274	0.016	0.072	0.001	-0.011	
40.30	0.263	0.274	0.016	-0.054	-0.000	-0.007	
40.35	0.264	0.274	0.005	-0.093	0.000	0.005	
40.40	0.263	0.274	0.003	-0.052	0.001	0.004	
40.45	0.264	0.274	0.002	-0.031	0.001	-0.000	
40.50	0.264	0.274	0.000	-0.021	0.001	-0.006	
40.55	0.264	0.274	-0.001	-0.006	0.000	-0.012	
40.60	0.264	0.274	0.000	0.005	-0.001	-0.007	
40.65	0.264	0.274	0.001	-0.002	-0.000	-0.004	
40.70	0.264	0.274	-0.000	-0.010	-0.001	-0.009	
40.75	0.264	0.274	-0.001	-0.003	-0.002	-0.002	
40.80	0.264	0.274	-0.001	0.009	-0.001	0.012	
40.85	0.264	0.274	0.001	0.006	0.000	0.008	
40.90	0.264	0.274	0.001	-0.013	-0.001	0.004	
40.95	0.264	0.274	-0.001	-0.019	0.000	0.007	
41.00	0.264	0.274	-0.002	-0.006	0.001	-0.001	
41.05	0.263	0.274	-0.002	0.008	0.000	-0.008	
41.10	0.263	0.274	-0.001	0.009	-0.001	-0.003	
41.15	0.263	0.274	-0.001	0.007	-0.000	0.003	
41.20	0.263	0.274	-0.000	0.004	-0.000	0.003	
41.25	0.263	0.274	0.001	-0.022	0.000	0.003	
41.30	0.263	0.274	-0.002	-0.054	0.000	0.002	
41.35	0.263	0.274	-0.005	-0.072	0.000	0.003	
41.40	0.263	0.274	-0.014	-0.001	0.001	-0.001	
41.45	0.261	0.274	-0.010	0.143	-0.000	0.002	
41.50	0.261	0.274	0.010	0.120	0.001	0.007	
41.55	0.263	0.274	0.011	-0.045	0.001	0.005	
41.60	0.263	0.274	-0.006	-0.036	0.001	0.003	
41.65	0.261	0.274	0.001	0.067	0.002	-0.011	
41.70	0.263	0.274	0.011	0.017	-0.001	-0.007	
41.75	0.264	0.274	0.004	-0.050	0.001	0.003	
41.80	0.263	0.274	0.001	-0.040	0.001	-0.008	
41.85	0.264	0.274	-0.000	-0.021	-0.001	-0.010	
41.90	0.263	0.274	-0.001	-0.003	-0.001	-0.007	
41.95	0.263	0.274	0.000	-0.004	-0.001	-0.003	
42.00	0.264	0.274	-0.000	-0.014	-0.001	0.006	
42.05	0.263	0.274	-0.002	-0.007	-0.000	0.006	
42.10	0.263	0.274	-0.002	0.008	-0.000	-0.001	
42.15	0.263	0.274	-0.000	0.011	-0.000	-0.006	
42.20	0.263	0.274	-0.000	0.006	-0.001	-0.001	
42.25	0.263	0.274	0.000	0.002	-0.001	0.018	
42.30	0.263	0.274	0.000	-0.001	0.002	0.016	
42.35	0.263	0.274	0.000	-0.006	0.002	-0.011	
42.40	0.263	0.274	-0.000	-0.024	-0.001	-0.011	
42.45	0.263	0.274	-0.001	-0.059	-0.000	0.005	
42.50	0.263	0.274	-0.005	-0.092	0.000	0.009	
42.55	0.263	0.274	-0.015	-0.046	0.001	0.004	
42.60	0.261	0.274	-0.014	0.065	0.001	-0.008	
42.65	0.261	0.274	-0.004	0.097	-0.000	-0.004	
42.70	0.261	0.274	-0.000	0.050	0.000	0.006	
42.75	0.261	0.274	0.001	0.002	0.001	0.004	
42.80	0.261	0.274	-0.002	-0.011	0.001	-0.002	
42.85	0.261	0.274	-0.002	0.003	0.001	-0.011	
42.90	0.261	0.274	-0.001	0.014	-0.000	-0.019	
42.95	0.261	0.274	-0.001	0.045	-0.002	-0.008	
43.00	0.261	0.274	0.003	0.084	-0.002	0.010	
43.05	0.261	0.274	0.009	0.078	-0.000	0.015	
43.10	0.262	0.274	0.016	-0.022	0.000	0.011	
43.15	0.263	0.274	0.010	-0.168	0.001	0.001	
43.20	0.263	0.274	-0.010	-0.137	0.001	-0.013	
43.25	0.261	0.274	-0.013	0.058	-0.001	-0.006	
43.30	0.261	0.274	0.000	0.167	-0.000	0.009	
43.35	0.261	0.274	0.014	0.093	0.001	0.006	
43.40	0.263	0.274	0.014	-0.070	-0.000	0.009	
43.45	0.263	0.274	0.001	-0.129	0.001	0.010	
43.50	0.263	0.274	-0.009	-0.014	0.002	-0.008	
43.55	0.261	0.274	0.001	0.091	0.000	-0.020	
43.60	0.264	0.274	0.010	0.024	-0.001	-0.012	
43.65	0.263	0.274	0.003	-0.044	-0.001	0.002	
43.70	0.263	0.274	0.001	-0.035	-0.000	0.007	
43.75	0.263	0.274	-0.000	-0.036	-0.000	0.005	
43.80	0.263	0.274	-0.001	-0.057	0.000	0.003	
43.85	0.263	0.274	-0.005	-0.090	0.000	0.003	
43.90	0.263	0.274	-0.015	-0.034	0.000	0.002	
43.95	0.261	0.274	-0.013	0.113	0.001	-0.006	
44.00	0.261	0.274	0.001	0.172	-0.000	-0.011	
44.05	0.262	0.274	0.013	0.069	-0.002	0.004	
44.10	0.263	0.274	0.011	-0.084	0.000	0.018	
44.15	0.263	0.274	-0.006	-0.069	0.002	0.005	
44.20	0.261	0.274	-0.000	0.024	0.001	-0.016	
44.25	0.263	0.274	0.006	-0.034	-0.001	-0.010	
44.30	0.263	0.274	-0.008	-0.028	-0.000	0.003	
44.35	0.261	0.274	-0.001	0.051	0.000	-0.003	
44.40	0.263	0.274	0.006	-0.015	-0.001	0.003	
44.45	0.263	0.274	-0.007	-0.018	0.000	0.014	
44.50	0.261	0.274	0.000	0.048	0.002	0.001	
44.55	0.263	0.274	0.007	-0.018	0.000	-0.010	
44.60	0.263	0.274	-0.007	-0.004	-0.001	0.005	
44.65	0.261	0.274	0.001	0.085	0.001	0.016	
44.70	0.263	0.274	0.011	0.027	0.002	0.001	
44.75	0.263	0.274	0.005	-0.044	0.001	-0.010	
44.80	0.263	0.274	0.002	-0.048	0.000	-0.007	
44.85	0.263	0.274	-0.001	-0.030	0.000	-0.003	
44.90	0.263	0.274	-0.001	-0.002	0.000	-0.001	
44.95	0.263	0.274	-0.000	0.006	0.000	-0.000	
45.00	0.263	0.274	0.000	-0.010	0.000	-0.002	
45.05	0.263	0.274	0.000	-0.051	-0.000	-0.005	
45.10	0.263	0.274	-0.003	-0.101	-0.000	-0.008	
45.15	0.263	0.274	-0.015	-0.054	-0.001	-0.005	
45.20	0.261	0.274	-0.015	0.097	-0.001	0.005	
45.25	0.261	0.274	-0.002	0.173	-0.000	0.008	
45.30	0.261	0.274	0.011	0.087	-0.000	0.004	
45.35	0.263	0.274	0.011	-0.070	0.000	0.001	
45.40	0.263	0.274	-0.006	-0.066	-0.000	-0.001	
45.45	0.261	0.274	0.000	0.017	-0.000	-0.000	
45.50	0.263	0.274	0.007	-0.054	-0.001	0.007	
45.55	0.263	0.274	-0.010	-0.046	0.001	0.007	
45.60	0.261	0.274	-0.008	0.117	0.001	-0.004	
45.65	0.261	0.274	0.011	0.132	-0.000	-0.001	
45.70	0.263	0.274	0.014	-0.009	0.000	0.010	
45.75	0.263	0.274	0.005	-0.086	0.001	0.006	
45.80	0.263	0.274	0.000	-0.066	0.002	-0.012	
45.85	0.263	0.274	-0.002	-0.028	-0.001	-0.020	
45.90	0.263	0.274	-0.002	-0.007	-0.001	-0.008	
45.95	0.263	0.274	-0.001	-0.010	-0.001	-0.002	
46.00	0.263	0.274	-0.001	-0.040	-0.002	0.009	
46.05	0.263	0.274	-0.004	-0.080	0.000	0.014	
46.10	0.263	0.274	-0.013	-0.051	0.000	0.005	
46.15	0.261	0.274	-0.014	0.059	0.000	0.003	
46.20	0.261	0.274	-0.003	0.106	0.001	-0.009	
46.25	0.261	0.274	0.002	0.055	-0.001	-0.006	
46.30	0.262	0.274	0.002	0.002	-0.000	0.009	
46.35	0.262	0.274	-0.000	-0.008	0.001	0.005	
46.40	0.261	0.274	-0.000	0.013	0.000	-0.002	
46.45	0.262	0.274	0.001	0.036	0.001	-0.009	
46.50	0.261	0.274	0.003	0.067	-0.001	-0.008	
46.55	0.261	0.274	0.012	0.031	-0.001	0.004	
46.60	0.263	0.274	0.006	-0.012	0.000	0.001	
46.65	0.262	0.274	0.006	0.016	-0.000	-0.010	
46.70	0.264	0.274	0.012	-0.025	-0.001	-0.009	
46.75	0.264	0.274	0.004	-0.066	-0.002	0.002	
46.80	0.264	0.274	0.001	-0.041	-0.001	0.016	
46.85	0.264	0.274	0.000	-0.020	0.000	0.022	
46.90	0.264	0.274	-0.000	-0.008	0.002	0.005	
46.95	0.264	0.274	-0.000	-0.007	0.002	-0.023	
47.00	0.264	0.274	-0.001	-0.002	-0.002	-0.022	
47.05	0.263	0.274	-0.001	0.008	-0.002	0.009	
47.10	0.263	0.274	0.000	0.004	0.000	0.025	
47.15	0.264	0.274	-0.000	-0.007	0.002	0.012	
47.20	0.263	0.274	-0.001	-0.006	0.002	-0.016	
47.25	0.263	0.274	-0.001	-0.004	-0.001	-0.015	
47.30	0.263	0.274	-0.001	-0.001	-0.000	0.002	
47.35	0.263	0.274	-0.001	0.006	-0.000	0.006	
47.40	0.263	0.274	0.000	-0.007	0.000	0.008	
47.45	0.263	0.274	-0.000	-0.049	0.001	0.002	
47.50	0.263	0.274	-0.004	-0.102	0.000	-0.005	
47.55	0.263	0.274	-0.015	-0.062	0.001	-0.012	
47.60	0.261	0.274	-0.015	0.063	-0.001	-0.012	
47.65	0.261	0.274	-0.004	0.099	-0.001	0.002	
47.70	0.261	0.274	-0.001	0.056	-0.001	0.015	
47.75	0.261	0.274	0.000	0.028	0.001	0.013	
47.80	0.261	0.274	0.001	0.024	0.002	-0.008	
47.85	0.262	0.274	0.001	0.050	-0.001	-0.008	
47.90	0.261	0.274	0.005	0.090	-0.000	0.007	
47.95	0.262	0.274	0.015	0.051	0.001	0.002	
48.00	0.263	0.274	0.014	-0.059	0.000	-0.004	
48.05	0.263	0.274	0.004	-0.096	-0.000	-0.005	
48.10	0.263	0.274	0.001	-0.072	-0.001	0.002	
48.15	0.263	0.274	-0.001	-0.061	0.001	0.001	
48.20	0.263	0.274	-0.004	-0.060	-0.000	-0.007	
48.25	0.263	0.274	-0.011	-0.004	-0.001	-0.002	
48.30	0.262	0.274	-0.004	0.043	-0.000	0.004	
48.35	0.263	0.274	-0.003	0.034	-0.000	0.003	
48.40	0.261	0.274	-0.002	0.044	0.000	0.001	
48.45	0.263	0.274	0.000	0.061	0.000	0.000	
48.50	0.261	0.274	0.004	0.074	0.000	-0.000	
48.55	0.263	0.274	0.013	-0.003	0.000	-0.001	
48.60	0.263	0.274	0.004	-0.081	-0.000	0.001	
48.65	0.263	0.274	0.000	-0.076	-0.000	0.006	
48.70	0.263	0.274	-0.003	-0.057	-0.000	0.019	
48.75	0.263	0.274	-0.010	0.040	0.002	0.019	
48.80	0.261	0.274	0.000	0.126	0.003	-0.007	
48.85	0.263	0.274	0.012	0.046	0.001	-0.022	
48.90	0.263	0.274	0.006	-0.050	0.000	-0.019	
48.95	0.264	0.274	0.001	-0.057	-0.000	-0.019	
49.00	0.263	0.274	-0.001	-0.033	-0.002	-0.016	
49.05	0.263	0.274	-0.002	-0.009	-0.003	-0.002	
49.10	0.263	0.274	-0.001	-0.001	-0.002	0.016	
49.15	0.263	0.274	-0.001	-0.012	0.000	0.014	
49.20	0.263	0.274	-0.002	-0.028	-0.000	-0.000	
49.25	0.263	0.274	-0.004	-0.036	-0.001	0.000	
49.30	0.263	0.274	-0.009	0.006	-0.000	0.003	
49.35	0.261	0.274	-0.001	0.019	-0.000	0.002	
49.40	0.264	0.274	-0.004	-0.019	-0.000	0.002	
49.45	0.261	0.274	-0.010	0.058	-0.001	0.010	
49.50	0.262	0.274	0.001	0.148	0.001	0.013	
49.55	0.261	0.274	0.013	0.097	0.001	0.003	
49.60	0.263	0.274	0.015	-0.031	0.001	-0.006	
49.65	0.263	0.274	0.005	-0.081	0.000	-0.009	
49.70	0.263	0.274	0.002	-0.049	0.000	-0.004	
49.75	0.264	0.274	0.001	-0.026	0.000	-0.000	
49.80	0.264	0.274	0.000	-0.015	0.000	-0.000	
49.85	0.264	0.274	0.000	-0.023	0.001	-0.008	
49.90	0.264	0.274	-0.001	-0.051	-0.001	-0.010	
49.95	0.264	0.274	-0.004	-0.082	-0.001	0.002	
50.00	0.264	0.274	-0.014	-0.033	-0.000	0.010	
50.05	0.262	0.274	-0.012	0.099	0.000	0.014	
50.10	0.262	0.274	0.005	0.081	0.001	0.017	
50.15	0.264	0.274	-0.000	-0.008	0.002	0.008	
50.20	0.262	0.274	-0.006	0.058	0.002	-0.016	
50.25	0.262	0.274	0.009	0.063	0.000	-0.029	
50.30	0.263	0.274	0.010	-0.080	-0.001	-0.022	
50.35	0.264	0.274	-0.007	-0.080	-0.002	-0.004	
50.40	0.261	0.274	-0.004	0.019	-0.002	0.010	
50.45	0.263	0.274	-0.001	0.055	-0.001	0.008	
50.50	0.261	0.274	0.003	0.059	-0.000	-0.001	
50.55	0.263	0.274	0.010	-0.031	-0.001	0.000	
50.60	0.263	0.274	-0.001	-0.095	-0.001	0.012	
50.65	0.263	0.274	-0.009	0.006	0.000	0.019	
50.70	0.261	0.274	0.000	0.100	0.002	0.009	
50.75	0.263	0.274	0.011	0.020	0.001	0.001	
50.80	0.263	0.274	0.003	-0.092	0.001	0.001	
50.85	0.263	0.274	-0.003	-0.123	0.001	-0.003	
50.90	0.263	0.274	-0.014	-0.048	0.001	-0.002	
50.95	0.261	0.274	-0.012	0.092	0.002	-0.010	
51.00	0.262	0.274	0.000	0.126	-0.000	-0.013	
51.05	0.262	0.274	0.010	0.009	-0.000	-0.004	
51.10	0.264	0.274	0.000	-0.088	-0.000	-0.003	
51.15	0.262	0.274	-0.010	-0.009	-0.001	0.001	
51.20	0.262	0.274	-0.001	0.078	0.000	-0.002	
51.25	0.261	0.274	0.008	0.017	-0.001	-0.005	
51.30	0.263	0.274	0.000	-0.047	-0.001	0.005	
51.35	0.261	0.274	-0.007	0.040	0.000	0.001	
51.40	0.261	0.274	0.009	0.049	-0.001	-0.003	
51.45	0.263	0.274	0.009	-0.113	-0.000	-0.001	
51.50	0.263	0.274	-0.010	-0.136	-0.001	-0.003	
51.55	0.261	0.274	-0.014	0.003	-0.002	0.008	
51.60	0.261	0.274	-0.006	0.089	0.001	0.012	
51.65	0.261	0.274	-0.002	0.109	0.001	-0.003	
51.70	0.261	0.274	0.003	0.128	-0.001	-0.004	
51.75	0.261	0.274	0.015	0.077	-0.000	0.004	
51.80	0.263	0.274	0.016	-0.050	0.000	0.005	
51.85	0.263	0.274	0.005	-0.094	0.001	-0.000	
51.90	0.263	0.274	0.002	-0.051	0.000	-0.004	
51.95	0.263	0.274	0.001	-0.018	-0.000	0.006	
52.00	0.263	0.274	0.001	-0.012	0.001	0.011	
52.05	0.263	0.274	0.000	-0.022	0.001	0.001	
52.10	0.263	0.274	-0.001	-0.036	0.001	-0.009	
52.15	0.263	0.274	-0.002	-0.059	0.000	-0.013	
52.20	0.263	0.274	-0.010	-0.021	-0.001	-0.003	
52.25	0.261	0.274	-0.004	0.033	-0.000	0.004	
52.30	0.263	0.274	-0.004	0.038	0.001	-0.004	
52.35	0.261	0.274	-0.006	0.111	-0.001	-0.008	
52.40	0.261	0.274	0.013	0.066	-0.001	-0.005	
52.45	0.264	0.274	0.011	-0.137	-0.001	-0.002	
52.50	0.264	0.274	-0.011	-0.158	-0.001	0.006	
52.55	0.262	0.274	-0.015	-0.002	0.000	0.003	
52.60	0.261	0.274	-0.006	0.082	-0.001	0.005	
52.65	0.261	0.274	-0.001	0.063	0.001	0.005	
52.70	0.261	0.274	0.000	0.031	0.000	-0.012	
52.75	0.261	0.274	0.001	0.021	-0.002	-0.010	
52.80	0.262	0.274	0.000	0.050	-0.001	0.007	
52.85	0.261	0.274	0.004	0.102	-0.000	0.012	
52.90	0.261	0.274	0.015	0.063	0.000	0.009	
52.95	0.263	0.274	0.015	-0.069	0.001	-0.000	
53.00	0.263	0.274	0.004	-0.121	0.000	-0.004	
53.05	0.263	0.274	-0.001	-0.093	-0.001	0.008	
53.10	0.264	0.274	-0.008	-0.009	0.001	0.020	
53.15	0.262	0.274	-0.001	0.059	0.003	0.006	
53.20	0.264	0.274	0.006	-0.010	0.002	-0.016	
53.25	0.264	0.274	-0.007	-0.001	-0.000	-0.014	
53.30	0.262	0.274	0.001	0.070	0.000	-0.011	
53.35	0.264	0.274	0.010	-0.016	-0.001	-0.008	
53.40	0.264	0.274	0.000	-0.095	-0.001	0.006	
53.45	0.264	0.274	-0.010	-0.005	-0.000	0.012	
53.50	0.262	0.274	-0.001	0.089	0.000	0.011	
53.55	0.264	0.274	0.009	0.009	0.002	-0.005	
53.60	0.263	0.274	0.001	-0.094	0.000	-0.019	
53.65	0.263	0.274	-0.004	-0.127	-0.002	-0.006	
53.70	0.263	0.274	-0.016	-0.069	-0.001	0.008	
53.75	0.261	0.274	-0.015	0.071	-0.000	0.007	
53.80	0.261	0.274	-0.004	0.124	0.000	0.002	
53.85	0.261	0.274	0.000	0.102	0.000	-0.010	
53.90	0.261	0.274	0.010	0.017	-0.001	-0.012	
53.95	0.263	0.274	0.001	-0.046	-0.002	0.008	
54.00	0.261	0.274	-0.005	0.063	-0.000	0.024	
54.05	0.261	0.274	0.012	0.083	0.001	0.019	
54.10	0.263	0.274	0.013	-0.058	0.002	-0.001	
54.15	0.263	0.274	0.002	-0.114	0.001	-0.020	
54.20	0.263	0.274	-0.008	-0.009	-0.001	-0.017	
54.25	0.261	0.274	0.001	0.094	-0.001	-0.002	
54.30	0.263	0.274	0.011	0.033	-0.000	0.006	
54.35	0.263	0.274	0.005	-0.042	-0.000	0.005	
54.40	0.264	0.274	0.002	-0.046	0.000	0.003	
54.45	0.264	0.274	0.000	-0.034	0.000	0.004	
54.50	0.264	0.274	-0.001	-0.015	0.000	0.005	
54.55	0.263	0.274	-0.001	-0.002	0.001	-0.000	
54.60	0.263	0.274	-0.001	-0.001	0.000	-0.007	
54.65	0.263	0.274	-0.001	-0.005	0.000	-0.007	
54.70	0.263	0.274	-0.001	-0.015	-0.000	-0.008	
54.75	0.263	0.274	-0.002	-0.043	-0.001	-0.001	
54.80	0.263	0.274	-0.005	-0.069	-0.001	0.009	
54.85	0.263	0.274	-0.014	0.004	0.001	0.004	
54.90	0.261	0.274	-0.009	0.146	0.000	-0.015	
54.95	0.262	0.274	0.010	0.116	-0.002	-0.011	
55.00	0.263	0.274	0.010	-0.040	-0.002	0.018	
55.05	0.263	0.274	0.000	-0.099	0.000	0.034	
55.10	0.263	0.274	-0.009	0.001	0.003	0.015	
55.15	0.261	0.274	0.001	0.101	0.002	-0.016	
55.20	0.263	0.274	0.011	0.033	-0.000	-0.018	
55.25	0.263	0.274	0.004	-0.039	-0.000	-0.005	
55.30	0.263	0.274	0.002	-0.042	0.000	0.001	
55.35	0.263	0.274	-0.000	-0.036	0.000	0.001	
55.40	0.263	0.274	-0.000	-0.030	0.001	-0.008	
55.45	0.264	0.274	-0.007	0.029	-0.001	-0.010	
55.50	0.262	0.274	0.002	0.090	-0.001	0.002	
55.55	0.264	0.274	0.010	0.014	-0.000	0.007	
55.60	0.264	0.274	0.002	-0.050	-0.000	0.006	
55.65	0.264	0.274	0.000	-0.029	0.000	0.005	
55.70	0.264	0.274	0.000	-0.014	0.000	0.004	
55.75	0.264	0.274	-0.000	-0.014	0.001	-0.003	
55.80	0.264	0.274	-0.001	-0.024	0.000	-0.010	
55.85	0.264	0.274	-0.002	-0.042	-0.001	-0.005	
55.90	0.264	0.274	-0.005	-0.059	-0.000	-0.002	
55.95	0.263	0.274	-0.013	0.008	-0.000	-0.006	
56.00	0.261	0.274	-0.004	0.079	-0.001	-0.006	
56.05	0.263	0.274	-0.000	0.073	-0.002	0.005	
56.10	0.261	0.274	0.002	0.075	-0.001	0.018	
56.15	0.263	0.274	0.010	0.014	0.000	0.024	
56.20	0.263	0.274	0.004	-0.043	0.003	0.007	
56.25	0.263	0.274	0.003	-0.047	0.001	-0.009	
56.30	0.263	0.274	0.001	-0.080	0.001	-0.003	
56.35	0.264	0.274	-0.004	-0.117	0.001	-0.002	
56.40	0.263	0.274	-0.016	-0.065	0.000	-0.002	
56.45	0.261	0.274	-0.015	0.063	0.001	-0.004	
56.50	0.261	0.274	-0.004	0.103	-0.000	-0.001	
56.55	0.261	0.274	-0.000	0.054	0.001	0.002	
56.60	0.262	0.274	0.001	0.004	0.001	-0.007	
56.65	0.262	0.274	-0.002	-0.010	-0.001	0.001	
56.70	0.261	0.274	-0.002	0.003	0.001	0.008	
56.75	0.261	0.274	-0.001	0.006	0.001	-0.011	
56.80	0.261	0.274	-0.001	0.009	-0.001	-0.014	
56.85	0.261	0.274	0.000	0.014	-0.001	-0.006	
56.90	0.261	0.274	0.001	0.018	-0.001	-0.011	
56.95	0.261	0.274	0.001	0.030	-0.002	-0.006	
57.00	0.261	0.274	0.003	0.055	-0.002	0.005	
57.05	0.261	0.274	0.011	0.003	-0.001	0.012	
57.10	0.263	0.274	0.003	-0.055	-0.000	0.012	
57.15	0.261	0.274	0.001	-0.037	0.000	0.008	
57.20	0.263	0.274	0.000	-0.018	0.000	0.006	
57.25	0.261	0.274	0.000	-0.007	0.001	0.001	
57.30	0.263	0.274	0.000	-0.014	0.000	0.002	
57.35	0.261	0.274	-0.001	-0.015	0.000	0.017	
57.40	0.263	0.274	-0.002	0.001	0.003	0.021	
57.45	0.261	0.274	-0.007	0.101	0.004	-0.004	
57.50	0.261	0.274	0.012	0.115	0.002	-0.024	
57.55	0.263	0.274	0.014	-0.026	0.000	-0.025	
57.60	0.263	0.274	0.005	-0.084	-0.001	-0.015	
57.65	0.263	0.274	0.001	-0.060	-0.001	-0.003	
57.70	0.263	0.274	-0.001	-0.040	-0.001	-0.002	
57.75	0.263	0.274	-0.001	-0.059	-0.001	-0.004	
57.80	0.263	0.274	-0.005	-0.103	-0.002	0.002	
57.85	0.263	0.274	-0.016	-0.057	-0.001	0.013	
57.90	0.261	0.274	-0.015	0.075	-0.001	0.024	
57.95	0.261	0.274	-0.004	0.130	0.002	0.016	
58.00	0.261	0.274	0.001	0.113	0.002	-0.010	
58.05	0.261	0.274	0.010	0.041	-0.000	-0.016	
58.10	0.263	0.274	0.004	-0.024	-0.000	-0.007	
58.15	0.261	0.274	0.003	-0.010	-0.000	-0.004	
58.20	0.263	0.274	0.008	-0.059	-0.001	0.003	
58.25	0.263	0.274	-0.007	-0.035	0.000	0.007	
58.30	0.261	0.274	0.000	0.055	0.001	-0.001	
58.35	0.263	0.274	0.008	0.001	-0.000	-0.008	
58.40	0.263	0.274	-0.003	0.004	-0.001	0.005	
58.45	0.262	0.274	0.004	0.064	0.001	0.012	
58.50	0.263	0.274	0.011	-0.003	0.001	-0.002	
58.55	0.264	0.274	0.003	-0.073	0.000	-0.010	
58.60	0.263	0.274	-0.001	-0.071	-0.001	-0.004	
58.65	0.263	0.274	-0.003	-0.074	-0.000	0.004	
58.70	0.264	0.274	-0.011	-0.031	0.000	0.005	
58.75	0.262	0.274	-0.005	0.012	0.000	0.006	
58.80	0.263	0.274	-0.006	-0.008	0.001	0.002	
58.85	0.261	0.274	-0.011	0.052	0.000	0.004	
58.90	0.261	0.274	-0.000	0.104	0.002	-0.003	
58.95	0.262	0.274	0.003	0.085	0.001	-0.021	
59.00	0.262	0.274	0.010	0.022	-0.002	-0.009	
59.05	0.263	0.274	0.005	-0.038	-0.001	0.009	
59.10	0.262	0.274	0.003	-0.033	0.000	0.004	
59.15	0.263	0.274	0.006	-0.087	-0.001	0.009	
59.20	0.263	0.274	-0.010	-0.072	0.001	0.012	
59.25	0.261	0.274	-0.005	0.009	0.002	-0.008	
59.30	0.263	0.274	-0.004	0.010	-0.001	-0.015	
59.35	0.261	0.274	-0.008	0.064	-0.001	-0.003	
59.40	0.261	0.274	0.007	0.035	-0.000	0.004	
59.45	0.263	0.274	0.000	-0.062	-0.000	0.003	
59.50	0.261	0.274	-0.009	0.006	-0.000	0.002	
59.55	0.261	0.274	-0.001	0.101	-0.001	0.008	
59.60	0.262	0.274	0.005	0.129	0.001	0.010	
59.65	0.262	0.274	0.016	0.068	0.001	-0.002	
59.70	0.264	0.274	0.016	-0.067	0.000	-0.007	
59.75	0.264	0.274	0.005	-0.110	0.000	-0.004	
59.80	0.264	0.274	0.000	-0.062	0.000	-0.002	
59.85	0.264	0.274	-0.000	-0.022	0.000	-0.003	
59.90	0.264	0.274	-0.000	-0.008	-0.000	-0.006	
59.95	0.264	0.274	-0.001	-0.002	-0.000	-0.015	
60.00	0.264	0.274	-0.001	0.004	-0.002	-0.023	
