Vernier Format 2
run32.txt 10/10/2025 15:23:59
Run 1
Time	Position	Position	Velocity	Acceleration	Velocity	Acceleration	
T	P	P	V	A	V	A	
s	m	m	m/s	m/s^2	m/s	m/s^2	

0.00	0.295	0.265	0.038	-0.242	0.023	-0.027	
0.05	0.298	0.266	0.027	-0.288	0.022	-0.036	
0.10	0.299	0.267	0.012	-0.346	0.021	-0.055	
0.15	0.299	0.268	-0.008	-0.388	0.017	-0.080	
0.20	0.298	0.269	-0.029	-0.396	0.012	-0.091	
0.25	0.296	0.270	-0.049	-0.376	0.007	-0.083	
0.30	0.293	0.270	-0.067	-0.338	0.003	-0.058	
0.35	0.289	0.270	-0.083	-0.298	0.001	-0.028	
0.40	0.285	0.270	-0.098	-0.247	0.001	-0.015	
0.45	0.279	0.270	-0.108	-0.176	0.000	-0.010	
0.50	0.274	0.270	-0.115	-0.104	-0.001	0.008	
0.55	0.268	0.270	-0.119	-0.031	0.000	0.036	
0.60	0.262	0.270	-0.118	0.038	0.003	0.072	
0.65	0.256	0.270	-0.115	0.115	0.007	0.113	
0.70	0.250	0.270	-0.106	0.184	0.015	0.131	
0.75	0.245	0.271	-0.095	0.213	0.022	0.113	
0.80	0.241	0.273	-0.083	0.215	0.026	0.096	
0.85	0.237	0.274	-0.077	0.290	0.030	0.103	
0.90	0.232	0.275	-0.059	0.443	0.036	0.109	
0.95	0.231	0.278	-0.028	0.517	0.043	0.085	
1.00	0.230	0.280	-0.003	0.513	0.046	0.042	
1.05	0.230	0.282	0.022	0.494	0.047	-0.000	
1.10	0.232	0.285	0.050	0.398	0.045	-0.034	
1.15	0.236	0.287	0.066	0.237	0.043	-0.071	
1.20	0.239	0.289	0.069	0.156	0.039	-0.126	
1.25	0.243	0.291	0.077	0.145	0.030	-0.171	
1.30	0.247	0.292	0.085	0.112	0.021	-0.195	
1.35	0.251	0.293	0.090	0.053	0.011	-0.209	
1.40	0.256	0.293	0.090	0.000	0.000	-0.232	
1.45	0.260	0.293	0.090	-0.044	-0.012	-0.264	
1.50	0.265	0.292	0.087	-0.104	-0.027	-0.266	
1.55	0.269	0.290	0.079	-0.155	-0.040	-0.239	
1.60	0.273	0.288	0.070	-0.187	-0.051	-0.219	
1.65	0.276	0.285	0.060	-0.217	-0.062	-0.199	
1.70	0.279	0.282	0.048	-0.236	-0.071	-0.173	
1.75	0.281	0.278	0.036	-0.233	-0.080	-0.138	
1.80	0.282	0.274	0.025	-0.231	-0.086	-0.082	
1.85	0.283	0.269	0.013	-0.239	-0.088	-0.020	
1.90	0.284	0.265	0.000	-0.234	-0.087	0.036	
1.95	0.283	0.261	-0.011	-0.209	-0.084	0.092	
2.00	0.283	0.256	-0.021	-0.168	-0.079	0.159	
2.05	0.281	0.253	-0.028	-0.124	-0.068	0.221	
2.10	0.280	0.249	-0.033	-0.087	-0.056	0.274	
2.15	0.278	0.247	-0.037	-0.048	-0.040	0.309	
2.20	0.276	0.245	-0.038	-0.015	-0.024	0.325	
2.25	0.274	0.244	-0.037	-0.010	-0.008	0.352	
2.30	0.272	0.244	-0.039	-0.003	0.011	0.373	
2.35	0.270	0.245	-0.039	0.022	0.031	0.357	
2.40	0.268	0.248	-0.037	0.053	0.048	0.314	
2.45	0.267	0.250	-0.033	0.073	0.061	0.281	
2.50	0.265	0.254	-0.029	0.079	0.076	0.251	
2.55	0.264	0.258	-0.024	0.077	0.088	0.199	
2.60	0.263	0.263	-0.021	0.070	0.096	0.142	
2.65	0.262	0.268	-0.018	0.071	0.102	0.075	
2.70	0.261	0.273	-0.014	0.067	0.104	-0.000	
2.75	0.260	0.278	-0.010	0.042	0.102	-0.070	
2.80	0.260	0.283	-0.009	0.010	0.097	-0.144	
2.85	0.259	0.288	-0.010	-0.007	0.087	-0.208	
2.90	0.259	0.292	-0.010	-0.011	0.075	-0.252	
2.95	0.258	0.296	-0.011	-0.009	0.062	-0.295	
3.00	0.258	0.298	-0.011	-0.011	0.046	-0.332	
3.05	0.257	0.300	-0.012	-0.020	0.028	-0.350	
3.10	0.256	0.301	-0.013	-0.021	0.010	-0.352	
3.15	0.256	0.301	-0.014	-0.020	-0.008	-0.340	
3.20	0.255	0.300	-0.016	-0.007	-0.025	-0.314	
3.25	0.254	0.299	-0.015	0.016	-0.039	-0.287	
3.30	0.253	0.296	-0.014	0.041	-0.053	-0.258	
3.35	0.253	0.293	-0.011	0.066	-0.066	-0.208	
3.40	0.252	0.289	-0.007	0.079	-0.075	-0.144	
3.45	0.252	0.286	-0.003	0.088	-0.079	-0.106	
3.50	0.252	0.282	0.001	0.108	-0.085	-0.073	
3.55	0.252	0.277	0.007	0.131	-0.089	-0.003	
3.60	0.253	0.273	0.014	0.147	-0.085	0.068	
3.65	0.253	0.269	0.023	0.146	-0.080	0.107	
3.70	0.255	0.265	0.029	0.138	-0.075	0.148	
3.75	0.256	0.261	0.036	0.143	-0.066	0.199	
3.80	0.258	0.258	0.044	0.133	-0.054	0.238	
3.85	0.261	0.255	0.050	0.109	-0.041	0.262	
3.90	0.263	0.254	0.055	0.089	-0.028	0.280	
3.95	0.266	0.252	0.059	0.055	-0.013	0.289	
4.00	0.269	0.252	0.061	0.003	0.003	0.266	
4.05	0.273	0.253	0.059	-0.046	0.014	0.234	
4.10	0.275	0.254	0.056	-0.075	0.025	0.216	
4.15	0.278	0.255	0.052	-0.108	0.036	0.183	
4.20	0.281	0.258	0.046	-0.160	0.045	0.123	
4.25	0.283	0.260	0.036	-0.207	0.047	0.083	
4.30	0.284	0.262	0.024	-0.234	0.051	0.072	
4.35	0.285	0.265	0.012	-0.260	0.056	0.032	
4.40	0.286	0.268	-0.002	-0.277	0.056	-0.026	
4.45	0.285	0.271	-0.016	-0.271	0.052	-0.059	
4.50	0.284	0.273	-0.030	-0.246	0.049	-0.084	
4.55	0.282	0.276	-0.041	-0.219	0.045	-0.119	
4.60	0.280	0.278	-0.051	-0.197	0.037	-0.150	
4.65	0.277	0.280	-0.061	-0.165	0.028	-0.156	
4.70	0.274	0.281	-0.068	-0.140	0.021	-0.143	
4.75	0.270	0.282	-0.074	-0.126	0.014	-0.125	
4.80	0.266	0.282	-0.082	-0.084	0.008	-0.105	
4.85	0.262	0.282	-0.084	-0.018	0.004	-0.093	
4.90	0.258	0.283	-0.083	0.044	-0.001	-0.084	
4.95	0.253	0.282	-0.079	0.093	-0.005	-0.060	
5.00	0.250	0.282	-0.074	0.140	-0.006	-0.046	
5.05	0.246	0.282	-0.065	0.187	-0.010	-0.035	
5.10	0.243	0.281	-0.054	0.215	-0.011	-0.009	
5.15	0.241	0.280	-0.042	0.223	-0.010	0.015	
5.20	0.239	0.280	-0.035	0.286	-0.009	0.032	
5.25	0.236	0.279	-0.013	0.344	-0.006	0.033	
5.30	0.238	0.279	0.003	0.326	-0.005	0.023	
5.35	0.237	0.279	0.014	0.381	-0.005	0.024	
5.40	0.238	0.279	0.045	0.364	-0.003	0.027	
5.45	0.243	0.279	0.055	0.267	-0.002	0.026	
5.50	0.244	0.279	0.067	0.239	0.000	0.007	
5.55	0.249	0.279	0.083	0.142	-0.001	-0.013	
5.60	0.253	0.279	0.082	0.042	-0.001	-0.030	
5.65	0.257	0.279	0.083	0.011	-0.004	-0.049	
5.70	0.261	0.278	0.083	-0.017	-0.007	-0.052	
5.75	0.265	0.278	0.082	-0.060	-0.008	-0.063	
5.80	0.270	0.277	0.078	-0.116	-0.013	-0.087	
5.85	0.273	0.277	0.071	-0.168	-0.018	-0.093	
5.90	0.277	0.276	0.060	-0.203	-0.022	-0.087	
5.95	0.279	0.274	0.050	-0.223	-0.027	-0.077	
6.00	0.282	0.273	0.038	-0.244	-0.030	-0.061	
6.05	0.283	0.271	0.025	-0.254	-0.033	-0.049	
6.10	0.284	0.270	0.012	-0.250	-0.035	-0.036	
6.15	0.285	0.268	-0.000	-0.244	-0.036	-0.018	
6.20	0.284	0.266	-0.013	-0.226	-0.038	0.015	
6.25	0.283	0.264	-0.023	-0.199	-0.036	0.065	
6.30	0.282	0.262	-0.032	-0.174	-0.030	0.097	
6.35	0.280	0.261	-0.041	-0.144	-0.026	0.121	
6.40	0.278	0.259	-0.048	-0.102	-0.019	0.149	
6.45	0.275	0.259	-0.051	-0.064	-0.010	0.166	
6.50	0.273	0.258	-0.053	-0.050	-0.002	0.183	
6.55	0.270	0.259	-0.056	-0.033	0.008	0.191	
6.60	0.267	0.259	-0.058	0.014	0.018	0.180	
6.65	0.264	0.261	-0.055	0.070	0.026	0.169	
6.70	0.261	0.262	-0.049	0.097	0.034	0.166	
6.75	0.259	0.264	-0.044	0.103	0.043	0.157	
6.80	0.257	0.266	-0.039	0.114	0.051	0.135	
6.85	0.255	0.269	-0.034	0.135	0.057	0.094	
6.90	0.253	0.272	-0.026	0.162	0.061	0.046	
6.95	0.252	0.275	-0.016	0.168	0.061	0.005	
7.00	0.252	0.278	-0.008	0.148	0.060	-0.025	
7.05	0.252	0.281	-0.002	0.131	0.059	-0.067	
7.10	0.252	0.284	0.004	0.126	0.054	-0.115	
7.15	0.252	0.287	0.011	0.109	0.047	-0.145	
7.20	0.253	0.289	0.017	0.065	0.040	-0.176	
7.25	0.254	0.291	0.018	0.019	0.030	-0.212	
7.30	0.255	0.292	0.017	-0.000	0.018	-0.231	
7.35	0.256	0.293	0.017	0.005	0.006	-0.240	
7.40	0.256	0.293	0.018	0.011	-0.006	-0.242	
7.45	0.257	0.292	0.018	0.004	-0.018	-0.235	
7.50	0.258	0.291	0.018	0.002	-0.030	-0.225	
7.55	0.259	0.289	0.019	-0.008	-0.042	-0.198	
7.60	0.260	0.287	0.017	-0.017	-0.051	-0.147	
7.65	0.261	0.284	0.016	-0.011	-0.056	-0.100	
7.70	0.262	0.281	0.017	-0.009	-0.060	-0.075	
7.75	0.263	0.278	0.016	-0.016	-0.064	-0.043	
7.80	0.263	0.274	0.014	-0.012	-0.065	-0.001	
7.85	0.264	0.271	0.014	0.012	-0.063	0.021	
7.90	0.265	0.268	0.016	0.023	-0.063	0.053	
7.95	0.266	0.265	0.018	0.010	-0.059	0.102	
8.00	0.267	0.262	0.017	0.007	-0.052	0.138	
8.05	0.267	0.260	0.017	0.018	-0.045	0.173	
8.10	0.268	0.257	0.019	0.021	-0.035	0.207	
8.15	0.269	0.256	0.020	0.013	-0.023	0.220	
8.20	0.270	0.255	0.020	-0.003	-0.012	0.218	
8.25	0.271	0.255	0.020	-0.023	-0.002	0.218	
8.30	0.272	0.255	0.018	-0.041	0.009	0.219	
8.35	0.273	0.256	0.015	-0.044	0.021	0.204	
8.40	0.274	0.257	0.014	-0.046	0.031	0.168	
8.45	0.274	0.259	0.012	-0.072	0.037	0.141	
8.50	0.275	0.261	0.007	-0.102	0.045	0.115	
8.55	0.275	0.264	0.000	-0.110	0.050	0.075	
8.60	0.275	0.266	-0.005	-0.108	0.051	0.048	
8.65	0.275	0.269	-0.010	-0.107	0.055	0.013	
8.70	0.274	0.272	-0.015	-0.116	0.054	-0.048	
8.75	0.273	0.274	-0.022	-0.122	0.049	-0.099	
8.80	0.272	0.277	-0.028	-0.111	0.043	-0.120	
8.85	0.270	0.279	-0.033	-0.098	0.036	-0.121	
8.90	0.269	0.280	-0.038	-0.089	0.031	-0.118	
8.95	0.267	0.282	-0.042	-0.071	0.025	-0.123	
9.00	0.264	0.283	-0.045	-0.044	0.019	-0.129	
9.05	0.262	0.283	-0.046	-0.017	0.012	-0.124	
9.10	0.260	0.284	-0.047	0.009	0.006	-0.121	
9.15	0.257	0.284	-0.046	0.041	0.000	-0.130	
9.20	0.255	0.284	-0.043	0.072	-0.008	-0.122	
9.25	0.253	0.283	-0.039	0.108	-0.013	-0.086	
9.30	0.251	0.282	-0.031	0.131	-0.016	-0.055	
9.35	0.250	0.282	-0.024	0.127	-0.018	-0.043	
9.40	0.249	0.281	-0.019	0.127	-0.021	-0.023	
9.45	0.248	0.280	-0.012	0.146	-0.020	0.000	
9.50	0.247	0.279	-0.008	0.229	-0.020	0.008	
9.55	0.246	0.278	0.011	0.291	-0.020	0.015	
9.60	0.249	0.277	0.029	0.209	-0.018	0.025	
9.65	0.250	0.276	0.032	0.126	-0.016	0.021	
9.70	0.252	0.275	0.038	0.108	-0.016	0.012	
9.75	0.254	0.274	0.042	0.106	-0.016	0.019	
9.80	0.256	0.273	0.049	0.098	-0.015	0.039	
9.85	0.259	0.273	0.053	0.065	-0.012	0.048	
9.90	0.261	0.272	0.055	0.037	-0.009	0.034	
9.95	0.264	0.272	0.057	-0.000	-0.008	0.016	
10.00	0.267	0.271	0.055	-0.051	-0.008	0.013	
10.05	0.270	0.271	0.051	-0.079	-0.007	0.004	
10.10	0.272	0.271	0.048	-0.110	-0.008	-0.002	
10.15	0.275	0.270	0.041	-0.149	-0.007	-0.002	
10.20	0.276	0.270	0.032	-0.175	-0.007	-0.007	
10.25	0.278	0.270	0.022	-0.186	-0.008	-0.007	
10.30	0.279	0.269	0.013	-0.183	-0.008	-0.001	
10.35	0.279	0.269	0.004	-0.182	-0.008	0.004	
10.40	0.279	0.268	-0.005	-0.182	-0.008	0.006	
10.45	0.279	0.268	-0.015	-0.168	-0.008	0.012	
10.50	0.277	0.268	-0.023	-0.142	-0.007	0.033	
10.55	0.276	0.267	-0.028	-0.125	-0.004	0.044	
10.60	0.275	0.267	-0.035	-0.117	-0.002	0.044	
10.65	0.273	0.267	-0.041	-0.090	-0.000	0.054	
10.70	0.270	0.267	-0.044	-0.052	0.003	0.065	
10.75	0.268	0.267	-0.046	-0.022	0.007	0.067	
10.80	0.266	0.268	-0.046	0.004	0.010	0.068	
10.85	0.264	0.268	-0.045	0.028	0.013	0.077	
10.90	0.261	0.269	-0.043	0.048	0.018	0.087	
10.95	0.259	0.270	-0.041	0.068	0.023	0.078	
11.00	0.257	0.271	-0.037	0.096	0.026	0.062	
11.05	0.256	0.273	-0.031	0.121	0.028	0.054	
11.10	0.254	0.274	-0.025	0.142	0.032	0.037	
11.15	0.253	0.276	-0.016	0.150	0.033	0.004	
11.20	0.252	0.277	-0.009	0.142	0.031	-0.020	
11.25	0.252	0.279	-0.002	0.130	0.030	-0.035	
11.30	0.252	0.281	0.004	0.111	0.028	-0.050	
11.35	0.253	0.282	0.009	0.093	0.026	-0.077	
11.40	0.253	0.283	0.013	0.089	0.021	-0.113	
11.45	0.254	0.284	0.018	0.091	0.013	-0.123	
11.50	0.255	0.285	0.024	0.069	0.008	-0.114	
11.55	0.256	0.285	0.025	0.034	0.003	-0.119	
11.60	0.258	0.285	0.026	0.015	-0.003	-0.141	
11.65	0.259	0.285	0.027	0.000	-0.012	-0.152	
11.70	0.260	0.284	0.026	-0.010	-0.020	-0.129	
11.75	0.262	0.282	0.025	-0.015	-0.025	-0.096	
11.80	0.263	0.281	0.024	-0.022	-0.029	-0.084	
11.85	0.264	0.280	0.024	-0.036	-0.033	-0.075	
11.90	0.265	0.278	0.022	-0.061	-0.037	-0.055	
11.95	0.266	0.276	0.016	-0.062	-0.038	-0.041	
12.00	0.267	0.274	0.014	-0.039	-0.041	-0.024	
12.05	0.268	0.272	0.013	-0.033	-0.042	0.015	
12.10	0.268	0.269	0.012	-0.040	-0.039	0.051	
12.15	0.269	0.268	0.009	-0.049	-0.036	0.062	
12.20	0.269	0.266	0.006	-0.037	-0.033	0.078	
12.25	0.269	0.264	0.005	-0.019	-0.029	0.116	
12.30	0.270	0.263	0.005	-0.026	-0.022	0.152	
12.35	0.270	0.262	0.002	-0.033	-0.013	0.160	
12.40	0.270	0.262	0.001	-0.025	-0.004	0.143	
12.45	0.270	0.262	0.001	-0.025	0.002	0.128	
12.50	0.270	0.262	-0.001	-0.027	0.007	0.126	
12.55	0.270	0.262	-0.003	-0.020	0.014	0.126	
12.60	0.270	0.263	-0.003	-0.018	0.021	0.112	
12.65	0.269	0.265	-0.004	-0.033	0.026	0.089	
12.70	0.269	0.266	-0.007	-0.044	0.029	0.074	
12.75	0.269	0.268	-0.010	-0.029	0.033	0.058	
12.80	0.268	0.269	-0.009	-0.025	0.035	0.044	
12.85	0.268	0.271	-0.011	-0.042	0.037	0.029	
12.90	0.267	0.273	-0.014	-0.042	0.039	-0.006	
12.95	0.267	0.275	-0.015	-0.043	0.037	-0.036	
13.00	0.266	0.277	-0.018	-0.040	0.034	-0.053	
13.05	0.265	0.279	-0.020	-0.023	0.032	-0.084	
13.10	0.264	0.280	-0.020	-0.007	0.026	-0.113	
13.15	0.263	0.281	-0.020	0.002	0.020	-0.123	
13.20	0.262	0.282	-0.020	-0.002	0.013	-0.118	
13.25	0.261	0.282	-0.020	-0.006	0.008	-0.102	
13.30	0.260	0.283	-0.021	0.000	0.004	-0.102	
13.35	0.259	0.283	-0.021	0.023	-0.002	-0.104	
13.40	0.257	0.282	-0.019	0.057	-0.007	-0.099	
13.45	0.257	0.282	-0.014	0.074	-0.012	-0.093	
13.50	0.256	0.281	-0.011	0.071	-0.017	-0.072	
13.55	0.256	0.280	-0.008	0.072	-0.019	-0.051	
13.60	0.255	0.279	-0.004	0.076	-0.022	-0.037	
13.65	0.255	0.278	0.000	0.078	-0.023	-0.016	
13.70	0.255	0.277	0.004	0.086	-0.024	0.004	
13.75	0.256	0.276	0.008	0.095	-0.023	0.023	
13.80	0.256	0.275	0.013	0.104	-0.020	0.026	
13.85	0.257	0.274	0.020	0.099	-0.020	0.024	
13.90	0.258	0.273	0.024	0.072	-0.019	0.041	
13.95	0.259	0.272	0.026	0.055	-0.016	0.052	
14.00	0.261	0.271	0.029	0.051	-0.013	0.046	
14.05	0.262	0.270	0.031	0.049	-0.012	0.043	
14.10	0.264	0.270	0.034	0.034	-0.009	0.052	
14.15	0.266	0.269	0.036	-0.012	-0.006	0.056	
14.20	0.268	0.269	0.033	-0.060	-0.003	0.050	
14.25	0.269	0.269	0.028	-0.069	-0.001	0.046	
14.30	0.270	0.269	0.026	-0.073	0.002	0.033	
14.35	0.272	0.269	0.022	-0.099	0.002	0.019	
14.40	0.273	0.269	0.016	-0.117	0.003	0.020	
14.45	0.273	0.270	0.010	-0.114	0.005	0.012	
14.50	0.274	0.270	0.005	-0.113	0.004	0.006	
14.55	0.274	0.270	-0.001	-0.125	0.004	0.023	
14.60	0.274	0.270	-0.008	-0.128	0.007	0.024	
14.65	0.273	0.271	-0.015	-0.109	0.008	-0.004	
14.70	0.272	0.271	-0.020	-0.073	0.005	-0.011	
14.75	0.271	0.271	-0.021	-0.053	0.006	0.003	
14.80	0.270	0.272	-0.024	-0.063	0.007	-0.001	
14.85	0.269	0.272	-0.028	-0.062	0.006	-0.007	
14.90	0.267	0.272	-0.031	-0.036	0.005	0.002	
14.95	0.265	0.273	-0.032	-0.006	0.006	0.015	
15.00	0.264	0.273	-0.031	0.013	0.007	0.024	
15.05	0.262	0.273	-0.030	0.026	0.009	0.015	
15.10	0.261	0.274	-0.029	0.043	0.009	0.002	
15.15	0.259	0.274	-0.026	0.063	0.009	0.001	
15.20	0.258	0.275	-0.022	0.080	0.009	0.004	
15.25	0.257	0.275	-0.018	0.085	0.009	0.011	
15.30	0.256	0.275	-0.014	0.095	0.010	0.011	
15.35	0.256	0.276	-0.008	0.107	0.010	0.003	
15.40	0.255	0.276	-0.003	0.102	0.011	-0.011	
15.45	0.255	0.277	0.002	0.092	0.009	-0.020	
15.50	0.256	0.277	0.006	0.085	0.008	-0.012	
15.55	0.256	0.278	0.010	0.079	0.008	-0.012	
15.60	0.257	0.278	0.014	0.076	0.008	-0.033	
15.65	0.257	0.279	0.018	0.064	0.005	-0.062	
15.70	0.258	0.279	0.021	0.040	0.001	-0.071	
15.75	0.260	0.279	0.022	0.016	-0.003	-0.052	
15.80	0.261	0.278	0.022	-0.000	-0.004	-0.039	
15.85	0.262	0.278	0.022	-0.019	-0.006	-0.050	
15.90	0.263	0.278	0.020	-0.028	-0.009	-0.063	
15.95	0.264	0.277	0.019	-0.022	-0.013	-0.059	
16.00	0.265	0.276	0.018	-0.023	-0.016	-0.037	
16.05	0.266	0.276	0.016	-0.024	-0.016	-0.020	
16.10	0.267	0.275	0.016	-0.036	-0.018	-0.010	
16.15	0.267	0.274	0.014	-0.063	-0.017	-0.002	
16.20	0.268	0.273	0.009	-0.074	-0.017	-0.010	
16.25	0.268	0.272	0.005	-0.055	-0.019	-0.004	
16.30	0.268	0.271	0.003	-0.031	-0.018	0.017	
16.35	0.269	0.270	0.002	-0.020	-0.016	0.026	
16.40	0.269	0.270	0.002	-0.028	-0.016	0.036	
16.45	0.269	0.269	0.000	-0.052	-0.013	0.047	
16.50	0.269	0.268	-0.004	-0.055	-0.011	0.059	
16.55	0.268	0.268	-0.006	-0.037	-0.008	0.080	
16.60	0.268	0.268	-0.007	-0.025	-0.002	0.085	
16.65	0.268	0.267	-0.008	-0.020	0.002	0.076	
16.70	0.267	0.268	-0.009	-0.018	0.006	0.062	
16.75	0.267	0.268	-0.010	-0.015	0.007	0.062	
16.80	0.266	0.268	-0.011	-0.000	0.011	0.069	
16.85	0.266	0.269	-0.010	0.013	0.015	0.057	
16.90	0.265	0.270	-0.009	0.012	0.017	0.043	
16.95	0.265	0.271	-0.009	0.005	0.019	0.028	
17.00	0.264	0.272	-0.009	-0.001	0.019	0.026	
17.05	0.264	0.273	-0.009	-0.003	0.022	0.024	
17.10	0.263	0.274	-0.009	0.003	0.023	-0.008	
17.15	0.263	0.275	-0.009	0.010	0.021	-0.034	
17.20	0.263	0.276	-0.008	0.007	0.018	-0.028	
17.25	0.262	0.277	-0.008	0.008	0.019	-0.031	
17.30	0.262	0.278	-0.008	0.020	0.016	-0.058	
17.35	0.261	0.279	-0.006	0.024	0.012	-0.068	
17.40	0.261	0.279	-0.004	0.014	0.009	-0.075	
17.45	0.261	0.280	-0.005	0.011	0.005	-0.083	
17.50	0.261	0.280	-0.004	0.023	-0.000	-0.073	
17.55	0.261	0.279	-0.002	0.030	-0.003	-0.060	
17.60	0.261	0.279	-0.000	0.027	-0.005	-0.068	
17.65	0.261	0.279	0.000	0.026	-0.009	-0.079	
17.70	0.261	0.279	0.002	0.029	-0.015	-0.058	
17.75	0.261	0.277	0.003	0.029	-0.016	-0.019	
17.80	0.261	0.277	0.005	0.023	-0.015	-0.006	
17.85	0.261	0.276	0.006	0.013	-0.016	-0.004	
17.90	0.262	0.275	0.006	0.014	-0.016	-0.003	
17.95	0.262	0.274	0.006	0.032	-0.016	-0.009	
18.00	0.262	0.274	0.010	0.037	-0.017	-0.004	
18.05	0.263	0.273	0.011	0.021	-0.018	0.020	
18.10	0.263	0.272	0.012	0.003	-0.016	0.049	
18.15	0.264	0.271	0.011	-0.009	-0.011	0.047	
18.20	0.264	0.271	0.010	-0.004	-0.010	0.023	
18.25	0.265	0.270	0.011	0.006	-0.010	0.028	
18.30	0.265	0.270	0.012	-0.003	-0.008	0.052	
18.35	0.266	0.269	0.010	-0.011	-0.004	0.063	
18.40	0.266	0.269	0.010	-0.013	-0.001	0.065	
18.45	0.267	0.269	0.010	-0.034	0.003	0.057	
18.50	0.268	0.270	0.006	-0.042	0.005	0.042	
18.55	0.268	0.270	0.004	-0.026	0.007	0.031	
18.60	0.268	0.270	0.004	-0.015	0.008	0.019	
18.65	0.268	0.270	0.004	-0.026	0.008	0.016	
18.70	0.268	0.271	0.002	-0.053	0.010	0.008	
18.75	0.268	0.272	-0.002	-0.063	0.009	-0.001	
18.80	0.268	0.272	-0.005	-0.055	0.009	0.012	
18.85	0.268	0.272	-0.007	-0.049	0.011	0.014	
18.90	0.267	0.273	-0.010	-0.035	0.011	-0.005	
18.95	0.267	0.274	-0.011	-0.027	0.010	-0.019	
19.00	0.266	0.274	-0.012	-0.035	0.008	-0.016	
19.05	0.266	0.274	-0.015	-0.026	0.008	-0.012	
19.10	0.265	0.275	-0.016	0.001	0.008	-0.027	
19.15	0.264	0.275	-0.014	0.003	0.005	-0.029	
19.20	0.263	0.275	-0.014	-0.011	0.004	-0.014	
19.25	0.263	0.276	-0.016	-0.002	0.004	-0.012	
19.30	0.262	0.276	-0.016	0.031	0.004	-0.024	
19.35	0.261	0.276	-0.013	0.061	0.001	-0.025	
19.40	0.260	0.276	-0.008	0.061	0.001	-0.011	
19.45	0.260	0.276	-0.006	0.041	0.001	-0.012	
19.50	0.260	0.276	-0.005	0.031	-0.000	-0.020	
19.55	0.260	0.276	-0.003	0.032	-0.001	-0.025	
19.60	0.259	0.276	-0.002	0.038	-0.004	-0.009	
19.65	0.259	0.275	0.000	0.044	-0.002	0.009	
19.70	0.259	0.276	0.003	0.046	-0.001	-0.010	
19.75	0.260	0.276	0.005	0.046	-0.004	-0.021	
19.80	0.260	0.275	0.007	0.049	-0.004	-0.007	
19.85	0.261	0.275	0.010	0.047	-0.004	0.001	
19.90	0.261	0.275	0.013	0.032	-0.004	0.002	
19.95	0.262	0.275	0.014	0.013	-0.004	0.008	
20.00	0.262	0.274	0.014	0.001	-0.003	0.013	
20.05	0.263	0.274	0.013	-0.005	-0.002	-0.003	
20.10	0.264	0.274	0.013	-0.003	-0.003	-0.021	
20.15	0.264	0.274	0.013	-0.003	-0.005	-0.018	
20.20	0.265	0.274	0.013	-0.011	-0.006	-0.002	
20.25	0.266	0.273	0.012	-0.012	-0.005	0.012	
20.30	0.266	0.273	0.012	-0.016	-0.003	0.004	
20.35	0.267	0.273	0.011	-0.045	-0.004	-0.005	
20.40	0.268	0.273	0.007	-0.068	-0.005	0.001	
20.45	0.268	0.273	0.003	-0.060	-0.004	0.002	
20.50	0.268	0.273	0.001	-0.040	-0.004	0.002	
20.55	0.268	0.272	-0.000	-0.031	-0.004	0.002	
20.60	0.268	0.272	-0.002	-0.035	-0.004	0.000	
20.65	0.268	0.272	-0.004	-0.039	-0.005	0.014	
20.70	0.267	0.271	-0.006	-0.033	-0.002	0.025	
20.75	0.267	0.272	-0.008	-0.015	-0.001	0.017	
20.80	0.267	0.271	-0.008	0.000	-0.002	0.022	
20.85	0.266	0.271	-0.007	-0.006	0.001	0.031	
20.90	0.266	0.272	-0.008	-0.027	0.002	0.030	
20.95	0.265	0.271	-0.010	-0.027	0.004	0.029	
21.00	0.265	0.272	-0.011	-0.019	0.006	0.016	
21.05	0.264	0.272	-0.012	-0.011	0.005	0.005	
21.10	0.264	0.273	-0.013	0.008	0.005	0.007	
21.15	0.263	0.273	-0.011	0.028	0.006	0.017	
21.20	0.262	0.273	-0.009	0.035	0.007	0.026	
21.25	0.262	0.273	-0.007	0.033	0.009	0.026	
21.30	0.262	0.274	-0.006	0.037	0.010	0.011	
21.35	0.261	0.275	-0.004	0.050	0.010	-0.002	
21.40	0.261	0.275	-0.001	0.048	0.010	-0.008	
21.45	0.261	0.276	0.002	0.024	0.009	-0.025	
21.50	0.262	0.276	0.002	0.005	0.007	-0.037	
21.55	0.262	0.276	0.001	0.011	0.005	-0.041	
21.60	0.262	0.276	0.002	0.026	0.003	-0.040	
21.65	0.262	0.277	0.005	0.026	0.001	-0.032	
21.70	0.262	0.276	0.006	0.009	-0.001	-0.017	
21.75	0.262	0.276	0.005	-0.002	0.000	-0.021	
21.80	0.263	0.276	0.004	0.005	-0.002	-0.036	
21.85	0.263	0.276	0.006	0.014	-0.004	-0.034	
21.90	0.263	0.276	0.007	0.003	-0.006	-0.024	
21.95	0.264	0.276	0.006	-0.018	-0.006	-0.024	
22.00	0.264	0.275	0.004	-0.021	-0.008	-0.035	
22.05	0.264	0.275	0.004	-0.012	-0.011	-0.026	
22.10	0.264	0.274	0.003	-0.006	-0.011	-0.001	
22.15	0.264	0.274	0.003	-0.008	-0.010	0.015	
22.20	0.264	0.273	0.003	-0.015	-0.009	0.015	
22.25	0.265	0.273	0.002	-0.019	-0.008	0.004	
22.30	0.265	0.273	0.000	-0.013	-0.009	0.007	
22.35	0.265	0.272	0.000	-0.004	-0.009	0.031	
22.40	0.265	0.271	0.000	-0.000	-0.005	0.038	
22.45	0.265	0.271	0.001	-0.006	-0.004	0.032	
22.50	0.265	0.271	-0.000	-0.013	-0.002	0.028	
22.55	0.265	0.271	-0.002	0.000	-0.001	0.021	
22.60	0.264	0.271	-0.000	0.014	-0.001	0.035	
22.65	0.265	0.271	0.001	0.009	0.002	0.053	
22.70	0.265	0.271	0.001	-0.000	0.006	0.041	
22.75	0.265	0.272	0.001	-0.009	0.007	0.010	
22.80	0.265	0.272	-0.000	-0.018	0.006	-0.006	
22.85	0.265	0.272	-0.002	-0.009	0.005	-0.002	
22.90	0.264	0.273	-0.001	-0.001	0.006	0.008	
22.95	0.265	0.273	-0.002	0.002	0.007	0.013	
23.00	0.264	0.273	-0.002	0.017	0.007	0.011	
23.05	0.264	0.273	0.001	0.016	0.008	0.003	
23.10	0.264	0.274	0.002	-0.014	0.008	-0.010	
23.15	0.265	0.274	-0.001	-0.040	0.006	-0.014	
23.20	0.264	0.275	-0.005	-0.027	0.006	-0.018	
23.25	0.264	0.275	-0.004	0.006	0.005	-0.036	
23.30	0.264	0.275	-0.003	0.014	0.002	-0.042	
23.35	0.264	0.275	-0.002	0.004	-0.000	-0.024	
23.40	0.264	0.275	-0.002	-0.004	0.000	-0.008	
23.45	0.264	0.275	-0.004	0.004	0.000	-0.015	
23.50	0.263	0.275	-0.002	0.015	-0.001	-0.024	
23.55	0.263	0.275	-0.001	0.009	-0.003	-0.018	
23.60	0.263	0.275	-0.001	0.005	-0.003	-0.012	
23.65	0.263	0.275	-0.001	0.011	-0.004	-0.011	
23.70	0.263	0.275	-0.000	0.014	-0.004	-0.015	
23.75	0.263	0.274	0.001	0.007	-0.006	-0.009	
23.80	0.263	0.274	0.000	0.004	-0.005	0.005	
23.85	0.263	0.274	0.001	0.012	-0.005	0.015	
23.90	0.263	0.273	0.002	0.018	-0.004	0.026	
23.95	0.263	0.273	0.003	0.014	-0.002	0.023	
24.00	0.264	0.273	0.003	0.005	-0.001	0.013	
24.05	0.264	0.273	0.003	-0.002	-0.001	0.014	
24.10	0.264	0.273	0.003	-0.008	0.000	0.006	
24.15	0.264	0.273	0.002	-0.005	-0.000	-0.003	
24.20	0.264	0.273	0.002	0.003	-0.001	0.002	
24.25	0.264	0.273	0.003	0.001	0.000	0.010	
24.30	0.264	0.273	0.003	-0.010	0.001	0.006	
24.35	0.265	0.273	0.002	-0.017	0.001	0.003	
24.40	0.265	0.273	0.001	-0.013	0.001	0.002	
24.45	0.265	0.273	0.000	-0.009	0.001	0.001	
24.50	0.265	0.273	0.000	-0.015	0.001	0.001	
24.55	0.265	0.274	-0.001	-0.019	0.001	-0.003	
24.60	0.264	0.273	-0.002	-0.006	0.000	0.007	
24.65	0.264	0.273	-0.002	0.008	0.002	0.012	
24.70	0.264	0.274	-0.001	0.015	0.002	0.005	
24.75	0.264	0.274	-0.000	0.012	0.002	0.000	
24.80	0.264	0.274	0.001	-0.005	0.003	-0.020	
24.85	0.264	0.274	-0.000	-0.023	0.000	-0.031	
24.90	0.264	0.274	-0.003	-0.024	-0.002	-0.006	
24.95	0.264	0.274	-0.003	-0.014	-0.000	0.017	
25.00	0.264	0.274	-0.004	-0.007	0.002	0.002	
25.05	0.264	0.274	-0.004	0.004	0.000	-0.018	
25.10	0.263	0.274	-0.003	0.015	-0.001	-0.019	
25.15	0.263	0.274	-0.002	0.019	-0.003	-0.004	
25.20	0.263	0.274	-0.002	0.028	-0.002	0.011	
25.25	0.263	0.274	0.001	0.027	-0.001	0.018	
25.30	0.263	0.273	0.002	0.006	0.001	0.013	
25.35	0.263	0.274	0.001	-0.003	0.000	0.004	
25.40	0.263	0.273	0.001	0.008	0.000	0.005	
25.45	0.263	0.274	0.002	0.016	0.001	0.004	
25.50	0.264	0.274	0.003	0.010	0.001	0.003	
25.55	0.264	0.274	0.003	-0.005	0.001	0.002	
25.60	0.264	0.274	0.003	-0.020	0.001	-0.006	
25.65	0.264	0.274	0.000	-0.020	0.000	-0.008	
25.70	0.264	0.274	-0.001	-0.001	0.000	-0.004	
25.75	0.264	0.274	0.000	0.017	0.000	-0.002	
25.80	0.264	0.274	0.002	0.011	0.000	-0.002	
25.85	0.264	0.274	0.002	-0.009	0.000	-0.010	
25.90	0.264	0.274	0.001	-0.013	-0.002	-0.006	
25.95	0.264	0.274	-0.000	0.003	-0.001	0.003	
26.00	0.264	0.274	0.001	0.011	-0.000	-0.001	
26.05	0.264	0.274	0.003	-0.011	-0.001	-0.001	
26.10	0.265	0.274	-0.000	-0.024	-0.001	0.001	
26.15	0.264	0.274	-0.001	-0.014	-0.001	0.003	
26.20	0.264	0.274	-0.001	-0.011	-0.000	0.004	
26.25	0.264	0.274	-0.002	-0.006	-0.000	-0.003	
26.30	0.264	0.274	-0.002	0.003	-0.000	-0.011	
26.35	0.264	0.274	-0.002	0.003	-0.002	-0.010	
26.40	0.264	0.273	-0.002	0.002	-0.002	0.007	
26.45	0.264	0.273	-0.001	-0.004	-0.001	0.026	
26.50	0.264	0.273	-0.002	0.000	0.001	0.026	
26.55	0.264	0.273	-0.002	0.019	0.002	0.008	
26.60	0.264	0.274	0.000	0.019	0.002	-0.006	
26.65	0.264	0.274	0.001	-0.001	0.001	-0.004	
26.70	0.264	0.274	-0.000	-0.012	0.001	-0.001	
26.75	0.264	0.274	-0.001	-0.005	0.001	-0.005	
26.80	0.264	0.274	-0.001	0.018	0.000	-0.004	
26.85	0.263	0.274	0.002	0.019	0.000	0.002	
26.90	0.264	0.274	0.002	-0.006	0.001	-0.000	
26.95	0.264	0.274	-0.000	-0.011	0.001	-0.010	
27.00	0.264	0.274	-0.000	0.002	-0.001	-0.010	
27.05	0.264	0.274	0.000	0.011	-0.000	-0.003	
27.10	0.264	0.274	0.002	0.009	-0.000	-0.006	
27.15	0.264	0.274	0.002	-0.008	-0.001	-0.005	
27.20	0.264	0.274	0.000	-0.018	-0.001	-0.004	
27.25	0.264	0.274	-0.001	-0.009	-0.002	-0.002	
27.30	0.264	0.274	-0.000	0.002	-0.002	0.011	
27.35	0.264	0.273	-0.000	0.006	0.000	0.010	
27.40	0.264	0.274	-0.000	0.014	0.000	-0.010	
27.45	0.264	0.274	0.002	0.009	-0.002	-0.011	
27.50	0.264	0.273	0.002	-0.015	-0.002	0.002	
27.55	0.264	0.273	-0.001	-0.012	-0.001	0.005	
27.60	0.264	0.273	-0.000	0.004	-0.001	0.009	
27.65	0.264	0.273	0.001	-0.000	-0.001	0.020	
27.70	0.264	0.273	0.000	-0.008	0.002	0.015	
27.75	0.264	0.274	-0.001	-0.004	0.002	-0.001	
27.80	0.264	0.273	-0.000	0.002	0.001	-0.002	
27.85	0.264	0.274	-0.000	0.001	0.001	0.001	
27.90	0.264	0.274	-0.001	0.005	0.001	0.005	
27.95	0.264	0.274	0.001	0.002	0.002	0.002	
28.00	0.264	0.274	-0.000	-0.006	0.001	-0.002	
28.05	0.264	0.274	-0.001	-0.001	0.002	-0.001	
28.10	0.264	0.274	-0.000	0.005	0.002	-0.014	
28.15	0.264	0.274	0.000	0.007	-0.000	-0.013	
28.20	0.264	0.274	0.000	0.008	-0.001	0.004	
28.25	0.264	0.274	0.001	0.002	0.001	0.004	
28.30	0.264	0.274	0.001	-0.008	0.001	-0.020	
28.35	0.264	0.274	-0.000	-0.007	-0.002	-0.030	
28.40	0.264	0.274	0.000	0.000	-0.003	-0.015	
28.45	0.264	0.274	0.000	-0.007	-0.003	0.002	
28.50	0.264	0.273	-0.001	-0.011	-0.003	0.019	
28.55	0.264	0.273	-0.001	-0.004	-0.001	0.029	
28.60	0.264	0.273	-0.001	-0.004	0.001	0.020	
28.65	0.264	0.274	-0.002	-0.004	0.002	-0.007	
28.70	0.264	0.274	-0.002	0.010	-0.001	-0.018	
28.75	0.264	0.273	-0.000	0.019	-0.001	-0.006	
28.80	0.264	0.273	0.001	0.011	-0.001	0.010	
28.85	0.264	0.273	0.001	0.002	0.000	0.019	
28.90	0.264	0.273	0.001	-0.004	0.001	0.015	
28.95	0.264	0.273	0.000	-0.007	0.002	0.008	
29.00	0.264	0.274	-0.000	0.003	0.002	0.003	
29.05	0.264	0.274	0.001	0.003	0.002	-0.001	
29.10	0.264	0.274	0.001	-0.011	0.002	-0.012	
29.15	0.264	0.274	-0.001	-0.015	0.000	-0.018	
29.20	0.264	0.274	-0.001	-0.004	-0.001	-0.006	
29.25	0.264	0.274	-0.001	0.007	0.000	-0.002	
29.30	0.264	0.274	-0.000	0.010	-0.001	0.001	
29.35	0.264	0.274	0.000	0.006	0.000	0.006	
29.40	0.264	0.274	0.000	0.001	0.001	-0.001	
29.45	0.264	0.274	0.000	-0.007	0.000	-0.006	
29.50	0.264	0.274	-0.001	-0.004	-0.001	0.002	
29.55	0.264	0.274	-0.001	0.019	0.000	0.008	
29.60	0.263	0.274	0.002	0.023	0.001	-0.007	
29.65	0.264	0.274	0.003	-0.006	-0.001	-0.018	
29.70	0.264	0.274	0.000	-0.016	-0.001	-0.011	
29.75	0.264	0.274	0.000	-0.005	-0.002	-0.006	
29.80	0.264	0.274	0.001	-0.007	-0.002	-0.002	
29.85	0.264	0.274	-0.001	-0.004	-0.002	0.001	
29.90	0.264	0.273	-0.000	0.002	-0.002	0.012	
29.95	0.264	0.273	-0.000	0.002	-0.000	0.020	
30.00	0.264	0.273	0.000	0.004	0.001	0.012	
30.05	0.264	0.273	0.000	0.008	0.000	0.014	
30.10	0.264	0.273	0.001	0.013	0.002	0.012	
30.15	0.264	0.274	0.002	0.006	0.002	-0.006	
30.20	0.264	0.274	0.002	-0.007	0.000	-0.005	
30.25	0.264	0.274	0.001	-0.008	0.002	-0.003	
30.30	0.264	0.274	0.001	-0.009	0.001	-0.010	
30.35	0.264	0.274	0.000	-0.012	0.000	-0.006	
30.40	0.264	0.274	-0.001	-0.006	0.000	-0.008	
30.45	0.264	0.274	-0.000	-0.003	-0.001	0.002	
30.50	0.264	0.274	-0.001	-0.011	0.000	0.016	
30.55	0.264	0.274	-0.002	-0.015	0.002	-0.005	
30.60	0.264	0.274	-0.003	-0.004	-0.000	-0.022	
30.65	0.264	0.274	-0.003	0.013	-0.001	-0.014	
30.70	0.264	0.274	-0.001	0.019	-0.002	-0.002	
30.75	0.264	0.273	-0.000	0.012	-0.002	0.014	
30.80	0.264	0.274	0.000	0.007	0.000	0.013	
30.85	0.264	0.274	0.001	-0.004	0.001	-0.008	
30.90	0.264	0.274	-0.000	-0.011	-0.001	-0.014	
30.95	0.264	0.273	-0.001	-0.003	-0.002	0.001	
31.00	0.264	0.273	-0.001	0.013	-0.001	0.014	
31.05	0.264	0.273	0.001	0.015	0.000	0.014	
31.10	0.264	0.273	0.001	0.002	0.001	0.014	
31.15	0.264	0.273	0.001	-0.012	0.002	0.005	
31.20	0.264	0.274	-0.000	-0.018	0.001	0.001	
31.25	0.264	0.273	-0.002	-0.003	0.001	0.010	
31.30	0.264	0.274	-0.000	0.010	0.003	-0.002	
31.35	0.264	0.274	0.000	0.004	0.001	-0.020	
31.40	0.264	0.274	-0.000	0.004	-0.000	-0.012	
31.45	0.264	0.274	0.000	0.012	-0.000	0.005	
31.50	0.264	0.274	0.002	0.002	0.002	-0.001	
31.55	0.264	0.274	0.001	-0.006	0.000	-0.023	
31.60	0.264	0.274	0.000	-0.000	-0.003	-0.014	
31.65	0.264	0.274	0.000	0.008	-0.002	0.009	
31.70	0.264	0.274	0.002	0.007	-0.001	0.012	
31.75	0.264	0.274	0.002	-0.010	-0.000	0.005	
31.80	0.264	0.274	0.000	-0.023	-0.000	-0.004	
31.85	0.264	0.274	-0.001	-0.017	-0.000	-0.011	
31.90	0.264	0.274	-0.002	-0.005	-0.002	-0.010	
31.95	0.264	0.273	-0.002	0.006	-0.002	0.004	
32.00	0.264	0.273	-0.001	0.015	-0.001	0.014	
32.05	0.264	0.273	0.001	0.011	-0.000	0.014	
32.10	0.264	0.273	0.000	0.003	-0.000	0.022	
32.15	0.264	0.273	0.000	0.004	0.002	0.018	
32.20	0.264	0.274	0.001	0.000	0.003	-0.011	
32.25	0.264	0.274	0.000	-0.002	0.001	-0.026	
32.30	0.264	0.274	0.000	0.002	-0.001	-0.013	
32.35	0.264	0.274	0.001	-0.000	-0.001	0.006	
32.40	0.264	0.274	0.000	-0.002	0.001	0.008	
32.45	0.264	0.274	0.000	0.002	0.001	-0.005	
32.50	0.264	0.274	0.001	-0.001	-0.001	-0.003	
32.55	0.264	0.274	0.000	-0.005	-0.000	0.012	
32.60	0.264	0.274	0.000	-0.004	0.002	0.009	
32.65	0.264	0.274	0.000	-0.004	0.001	-0.009	
32.70	0.264	0.274	-0.000	-0.007	-0.000	-0.009	
32.75	0.264	0.274	-0.000	-0.013	0.000	-0.009	
32.80	0.264	0.274	-0.002	-0.014	-0.001	-0.009	
32.85	0.264	0.274	-0.003	-0.003	-0.001	0.001	
32.90	0.264	0.274	-0.002	0.009	-0.000	0.002	
32.95	0.264	0.274	-0.001	0.012	-0.000	-0.005	
33.00	0.264	0.274	-0.000	0.006	-0.001	-0.006	
33.05	0.264	0.273	0.000	-0.012	-0.002	0.002	
33.10	0.264	0.274	-0.002	-0.015	-0.001	0.011	
33.15	0.263	0.273	-0.003	0.004	-0.000	0.014	
33.20	0.263	0.274	-0.002	0.018	0.001	0.004	
33.25	0.263	0.273	-0.000	0.020	0.000	-0.004	
33.30	0.263	0.274	0.001	0.011	-0.000	-0.001	
33.35	0.263	0.273	0.001	0.006	-0.000	0.011	
33.40	0.263	0.273	0.001	0.004	0.001	0.018	
33.45	0.264	0.274	0.001	-0.002	0.002	0.005	
33.50	0.264	0.274	0.001	-0.000	0.002	-0.008	
33.55	0.264	0.274	0.001	0.000	0.001	-0.009	
33.60	0.264	0.274	0.001	-0.007	0.001	-0.009	
33.65	0.264	0.274	0.000	-0.008	0.000	-0.010	
33.70	0.264	0.274	0.000	-0.001	-0.001	-0.001	
33.75	0.264	0.274	0.000	0.007	0.000	0.004	
33.80	0.264	0.274	0.001	0.014	0.001	-0.007	
33.85	0.264	0.274	0.002	0.005	-0.000	-0.020	
33.90	0.264	0.274	0.002	-0.018	-0.002	-0.012	
33.95	0.264	0.274	-0.000	-0.023	-0.003	0.011	
34.00	0.264	0.273	-0.001	-0.010	-0.001	0.028	
34.05	0.264	0.273	-0.001	-0.005	0.002	0.018	
34.10	0.264	0.274	-0.001	-0.006	0.001	-0.005	
34.15	0.264	0.274	-0.002	-0.002	0.000	-0.014	
34.20	0.264	0.274	-0.002	0.002	-0.000	-0.011	
34.25	0.264	0.274	-0.001	0.005	-0.002	0.004	
34.30	0.264	0.273	-0.001	0.002	0.001	0.010	
34.35	0.264	0.274	-0.001	0.002	0.001	-0.004	
34.40	0.263	0.274	-0.001	0.012	-0.001	-0.004	
34.45	0.263	0.274	0.000	0.019	-0.001	0.012	
34.50	0.263	0.273	0.001	0.016	0.001	0.017	
34.55	0.264	0.274	0.002	0.009	0.002	0.003	
34.60	0.264	0.274	0.002	0.004	0.001	-0.006	
34.65	0.264	0.274	0.002	-0.007	0.001	-0.005	
34.70	0.264	0.274	0.001	-0.018	0.000	-0.002	
34.75	0.264	0.274	-0.000	-0.010	0.001	0.002	
34.80	0.264	0.274	0.000	0.003	0.002	-0.010	
34.85	0.264	0.274	0.001	0.001	-0.000	-0.023	
34.90	0.264	0.274	0.000	-0.006	-0.002	-0.009	
34.95	0.264	0.274	0.000	-0.008	-0.002	0.016	
35.00	0.264	0.274	-0.000	-0.009	0.001	0.013	
35.05	0.264	0.274	-0.001	-0.006	0.001	-0.012	
35.10	0.264	0.274	-0.001	0.003	-0.002	-0.014	
35.15	0.264	0.274	-0.000	0.001	-0.001	-0.008	
35.20	0.264	0.274	-0.001	-0.008	-0.002	-0.008	
35.25	0.264	0.274	-0.002	-0.012	-0.002	0.003	
35.30	0.264	0.273	-0.003	-0.002	-0.002	0.015	
35.35	0.263	0.273	-0.002	0.011	-0.000	0.016	
35.40	0.263	0.273	-0.001	0.019	0.000	0.013	
35.45	0.263	0.273	0.000	0.020	0.001	0.007	
35.50	0.263	0.274	0.002	0.003	0.001	0.004	
35.55	0.264	0.273	0.000	-0.009	0.001	0.003	
35.60	0.263	0.274	-0.001	0.005	0.001	-0.003	
35.65	0.263	0.274	0.001	0.022	0.001	-0.005	
35.70	0.263	0.274	0.003	0.018	0.001	-0.009	
35.75	0.264	0.274	0.004	-0.008	-0.000	-0.013	
35.80	0.264	0.274	0.002	-0.027	-0.001	-0.005	
35.85	0.264	0.274	-0.001	-0.017	-0.001	0.008	
35.90	0.264	0.274	-0.001	0.005	0.001	0.008	
35.95	0.264	0.274	0.001	0.012	0.000	-0.000	
36.00	0.264	0.274	0.001	0.004	0.000	-0.002	
36.05	0.264	0.274	0.001	0.001	0.000	-0.004	
36.10	0.264	0.274	0.001	-0.001	-0.000	-0.005	
36.15	0.264	0.274	0.001	-0.010	-0.000	-0.004	
36.20	0.264	0.274	0.000	-0.015	-0.001	0.008	
36.25	0.264	0.273	-0.001	-0.009	0.001	0.010	
36.30	0.264	0.274	-0.001	-0.005	0.001	-0.013	
36.35	0.264	0.274	-0.001	-0.003	-0.002	-0.017	
36.40	0.264	0.273	-0.001	0.004	-0.002	0.006	
36.45	0.264	0.273	-0.001	0.006	0.000	0.013	
36.50	0.264	0.274	-0.001	0.008	0.000	0.006	
36.55	0.264	0.273	0.001	0.005	-0.000	0.011	
36.60	0.264	0.273	0.000	-0.002	0.002	0.004	
36.65	0.264	0.274	-0.000	0.005	0.001	-0.012	
36.70	0.264	0.274	0.001	0.004	-0.001	-0.003	
36.75	0.264	0.273	0.001	-0.010	0.001	0.009	
36.80	0.264	0.274	-0.001	-0.011	0.001	0.002	
36.85	0.264	0.274	-0.001	0.003	0.000	0.007	
36.90	0.264	0.274	-0.000	0.012	0.002	0.006	
36.95	0.264	0.274	0.000	0.015	0.001	-0.008	
37.00	0.264	0.274	0.002	0.011	0.000	-0.011	
37.05	0.264	0.274	0.002	-0.007	0.000	-0.009	
37.10	0.264	0.274	0.001	-0.019	-0.000	-0.010	
37.15	0.264	0.274	-0.000	-0.019	-0.001	-0.014	
37.20	0.264	0.274	-0.002	-0.015	-0.002	-0.007	
37.25	0.264	0.274	-0.002	-0.001	-0.002	0.005	
37.30	0.264	0.274	-0.001	0.005	-0.001	0.007	
37.35	0.264	0.274	-0.001	0.003	-0.002	0.016	
37.40	0.264	0.273	-0.001	0.007	0.001	0.018	
37.45	0.264	0.274	-0.000	0.006	0.002	-0.003	
37.50	0.264	0.274	-0.000	0.001	-0.000	-0.010	
37.55	0.264	0.274	-0.001	0.005	-0.000	-0.004	
37.60	0.263	0.274	0.000	0.008	-0.000	-0.004	
37.65	0.264	0.274	0.001	-0.001	-0.000	-0.005	
37.70	0.264	0.274	-0.000	-0.011	-0.001	0.001	
37.75	0.264	0.273	-0.001	-0.008	-0.001	0.016	
37.80	0.263	0.273	-0.001	0.004	0.001	0.022	
37.85	0.263	0.274	-0.000	0.009	0.002	0.014	
37.90	0.263	0.274	-0.000	0.013	0.003	-0.002	
37.95	0.263	0.274	0.000	0.022	0.002	-0.024	
38.00	0.263	0.274	0.002	0.031	-0.001	-0.024	
38.05	0.263	0.274	0.005	0.010	-0.002	0.001	
38.10	0.264	0.274	0.004	-0.027	0.000	0.012	
38.15	0.264	0.274	-0.000	-0.018	0.000	0.007	
38.20	0.264	0.274	0.001	0.004	0.001	0.003	
38.25	0.264	0.274	0.002	-0.004	0.001	-0.012	
38.30	0.264	0.274	0.001	-0.019	-0.001	-0.021	
38.35	0.264	0.274	-0.001	-0.017	-0.002	-0.007	
38.40	0.264	0.274	-0.001	-0.002	-0.001	0.000	
38.45	0.264	0.274	-0.000	0.004	-0.002	-0.001	
38.50	0.264	0.273	-0.000	-0.000	-0.002	0.003	
38.55	0.264	0.274	-0.000	-0.006	-0.001	0.009	
38.60	0.264	0.273	-0.001	-0.004	-0.000	0.013	
38.65	0.264	0.274	-0.001	0.005	0.000	0.012	
38.70	0.264	0.273	-0.000	0.008	0.001	0.013	
38.75	0.264	0.274	-0.000	0.006	0.002	0.003	
38.80	0.264	0.274	0.000	0.006	0.001	-0.006	
38.85	0.264	0.274	0.000	0.005	0.001	-0.009	
38.90	0.264	0.274	0.001	-0.002	0.000	-0.009	
38.95	0.264	0.274	0.001	-0.015	-0.001	0.006	
39.00	0.264	0.274	-0.002	-0.006	0.000	0.019	
39.05	0.264	0.274	-0.001	0.015	0.002	0.012	
39.10	0.264	0.274	0.001	0.012	0.002	-0.008	
39.15	0.264	0.274	0.001	0.000	0.001	-0.016	
39.20	0.264	0.274	0.001	-0.001	0.000	-0.011	
39.25	0.264	0.274	0.001	-0.014	-0.000	-0.009	
39.30	0.264	0.274	-0.001	-0.020	-0.000	-0.010	
39.35	0.264	0.274	-0.002	-0.002	-0.001	-0.008	
39.40	0.264	0.274	-0.001	0.010	-0.002	-0.001	
39.45	0.264	0.274	-0.000	0.007	-0.001	0.005	
39.50	0.264	0.274	0.000	0.003	-0.001	0.004	
39.55	0.264	0.274	0.000	0.001	-0.001	-0.002	
39.60	0.264	0.274	0.000	0.000	-0.002	0.008	
39.65	0.264	0.273	0.000	-0.000	0.000	0.020	
39.70	0.264	0.274	0.000	-0.000	0.002	0.006	
39.75	0.264	0.274	0.000	-0.002	0.001	-0.006	
39.80	0.264	0.274	-0.000	-0.005	0.000	-0.004	
39.85	0.264	0.274	-0.000	-0.008	0.000	0.002	
39.90	0.264	0.274	-0.001	-0.005	0.000	0.009	
39.95	0.264	0.274	-0.001	0.006	0.001	0.008	
40.00	0.264	0.274	-0.000	0.013	0.002	-0.002	
40.05	0.264	0.274	0.000	0.018	0.001	-0.012	
40.10	0.264	0.274	0.001	0.024	0.000	-0.014	
40.15	0.264	0.274	0.004	0.012	-0.001	-0.003	
40.20	0.264	0.274	0.003	-0.018	-0.001	0.013	
40.25	0.264	0.274	0.000	-0.021	0.002	0.006	
40.30	0.264	0.274	0.000	-0.004	0.001	-0.014	
40.35	0.264	0.274	0.001	-0.002	-0.001	-0.008	
40.40	0.264	0.274	0.000	-0.004	-0.000	0.002	
40.45	0.264	0.274	0.000	-0.003	0.000	-0.007	
40.50	0.264	0.274	0.000	-0.001	-0.001	-0.014	
40.55	0.264	0.274	0.000	-0.000	-0.002	-0.002	
40.60	0.264	0.274	0.000	-0.000	-0.001	0.003	
40.65	0.264	0.274	0.000	-0.002	-0.001	0.003	
40.70	0.264	0.273	-0.000	-0.005	-0.001	0.008	
40.75	0.264	0.274	-0.000	-0.010	-0.000	0.007	
40.80	0.264	0.273	-0.001	-0.009	-0.000	0.002	
40.85	0.264	0.274	-0.002	-0.003	-0.000	0.003	
40.90	0.264	0.273	-0.002	0.003	-0.001	0.019	
40.95	0.264	0.273	-0.001	0.009	0.002	0.024	
41.00	0.264	0.274	-0.000	0.010	0.003	-0.005	
41.05	0.264	0.274	-0.000	0.005	0.001	-0.022	
41.10	0.264	0.274	0.000	0.002	-0.000	-0.016	
41.15	0.264	0.274	0.000	0.002	-0.001	-0.001	
41.20	0.264	0.274	0.000	0.005	-0.000	0.016	
41.25	0.264	0.274	0.000	0.008	0.002	0.010	
41.30	0.264	0.274	0.001	0.005	0.002	-0.018	
41.35	0.264	0.274	0.001	-0.005	-0.001	-0.019	
41.40	0.264	0.274	0.000	-0.008	-0.001	0.001	
41.45	0.264	0.274	0.000	-0.006	-0.000	0.009	
41.50	0.264	0.274	-0.000	-0.005	0.000	0.008	
41.55	0.264	0.274	-0.000	-0.006	0.000	0.002	
41.60	0.264	0.274	-0.001	-0.002	0.001	-0.009	
41.65	0.264	0.274	-0.000	0.000	-0.001	-0.018	
41.70	0.264	0.274	-0.000	-0.005	-0.003	-0.000	
41.75	0.264	0.273	-0.001	-0.004	-0.001	0.017	
41.80	0.264	0.274	-0.001	0.004	0.001	0.007	
41.85	0.264	0.274	-0.000	0.005	0.000	-0.006	
41.90	0.264	0.274	-0.000	-0.000	-0.000	-0.013	
41.95	0.264	0.274	-0.001	0.002	-0.002	-0.007	
42.00	0.264	0.273	-0.000	0.007	-0.002	0.014	
42.05	0.264	0.273	0.000	0.010	0.000	0.030	
42.10	0.264	0.273	0.000	0.015	0.002	0.020	
42.15	0.264	0.274	0.002	0.015	0.003	-0.003	
42.20	0.264	0.274	0.003	0.004	0.002	-0.018	
42.25	0.264	0.274	0.002	-0.006	0.000	-0.017	
42.30	0.264	0.274	0.002	-0.011	-0.001	-0.004	
42.35	0.264	0.274	0.001	-0.016	0.000	0.006	
42.40	0.264	0.274	-0.001	-0.012	0.001	0.001	
42.45	0.264	0.274	-0.000	-0.004	0.000	-0.006	
42.50	0.264	0.274	-0.000	-0.005	-0.001	-0.000	
42.55	0.264	0.274	-0.001	-0.002	0.000	0.003	
42.60	0.264	0.274	-0.001	0.001	-0.000	0.005	
42.65	0.264	0.273	-0.001	0.005	0.001	0.010	
42.70	0.264	0.274	-0.000	0.008	0.002	-0.012	
42.75	0.264	0.274	0.001	0.000	-0.001	-0.028	
42.80	0.264	0.274	-0.001	-0.000	-0.003	-0.005	
42.85	0.264	0.273	0.000	0.007	-0.001	0.013	
42.90	0.264	0.274	0.001	0.002	-0.000	0.008	
42.95	0.264	0.273	0.000	-0.004	-0.000	0.002	
43.00	0.264	0.274	0.000	-0.003	-0.000	0.000	
43.05	0.264	0.273	0.000	-0.001	-0.001	0.014	
43.10	0.264	0.273	0.000	-0.000	0.002	0.015	
43.15	0.264	0.274	0.000	-0.000	0.002	-0.012	
43.20	0.264	0.274	0.000	-0.000	-0.000	-0.019	
43.25	0.264	0.274	0.000	-0.000	-0.001	-0.005	
43.30	0.264	0.274	0.000	-0.002	-0.001	0.006	
43.35	0.264	0.274	-0.000	-0.005	-0.001	0.017	
43.40	0.264	0.273	-0.000	-0.008	0.001	0.019	
43.45	0.264	0.274	-0.001	-0.004	0.002	0.003	
43.50	0.264	0.274	-0.001	0.006	0.002	-0.012	
43.55	0.264	0.274	-0.000	0.011	0.000	-0.014	
43.60	0.264	0.274	0.000	0.009	-0.000	-0.007	
43.65	0.264	0.274	0.001	0.002	-0.001	0.004	
43.70	0.264	0.274	0.000	-0.004	0.001	0.006	
43.75	0.264	0.274	0.000	-0.003	0.001	-0.007	
43.80	0.264	0.274	0.000	-0.002	-0.001	-0.009	
43.85	0.264	0.274	0.000	-0.001	-0.000	-0.005	
43.90	0.264	0.274	0.000	-0.002	-0.001	-0.008	
43.95	0.264	0.274	-0.000	-0.003	-0.001	-0.006	
44.00	0.264	0.274	-0.000	-0.005	-0.002	0.008	
44.05	0.264	0.274	-0.001	0.001	0.000	0.009	
44.10	0.264	0.274	-0.000	0.009	-0.000	-0.003	
44.15	0.264	0.274	0.000	0.014	-0.001	-0.000	
44.20	0.264	0.274	0.001	0.020	-0.001	0.011	
44.25	0.264	0.273	0.003	0.013	0.001	0.010	
44.30	0.264	0.274	0.003	-0.013	0.001	-0.003	
44.35	0.264	0.274	0.001	-0.026	-0.000	-0.003	
44.40	0.264	0.274	-0.001	-0.012	0.000	0.007	
44.45	0.264	0.274	-0.000	-0.000	0.001	0.006	
44.50	0.264	0.274	-0.000	0.002	0.001	0.004	
44.55	0.264	0.274	0.000	-0.000	0.001	0.002	
44.60	0.264	0.274	-0.000	-0.004	0.001	-0.004	
44.65	0.264	0.274	-0.000	-0.008	0.000	-0.004	
44.70	0.264	0.274	-0.001	-0.005	0.000	0.003	
44.75	0.264	0.274	-0.001	0.005	0.001	0.001	
44.80	0.264	0.274	-0.000	0.008	0.001	-0.010	
44.85	0.264	0.274	-0.000	0.006	0.000	-0.016	
44.90	0.264	0.274	0.000	0.006	-0.001	-0.011	
44.95	0.264	0.274	0.000	0.008	-0.001	-0.001	
45.00	0.264	0.274	0.001	0.005	-0.001	0.001	
45.05	0.264	0.274	0.001	-0.005	-0.001	0.000	
45.10	0.264	0.274	0.000	-0.008	-0.001	0.000	
45.15	0.264	0.274	0.000	-0.006	-0.001	0.003	
45.20	0.264	0.274	-0.000	-0.006	-0.001	0.014	
45.25	0.264	0.274	-0.000	-0.008	0.001	0.012	
45.30	0.264	0.274	-0.001	-0.005	0.001	-0.003	
45.35	0.264	0.274	-0.001	0.003	0.000	-0.011	
45.40	0.264	0.274	-0.000	0.005	-0.001	-0.006	
45.45	0.264	0.274	-0.000	-0.001	-0.000	0.000	
45.50	0.264	0.274	-0.001	-0.001	-0.000	-0.001	
45.55	0.264	0.274	-0.000	-0.003	-0.001	0.005	
45.60	0.264	0.274	-0.001	-0.010	0.000	0.010	
45.65	0.264	0.274	-0.002	-0.003	0.001	0.004	
45.70	0.264	0.274	-0.002	0.012	0.000	-0.001	
45.75	0.264	0.274	-0.000	0.016	0.000	0.003	
45.80	0.264	0.274	0.000	0.016	0.000	0.009	
45.85	0.264	0.274	0.001	0.010	0.002	0.006	
45.90	0.264	0.274	0.002	-0.001	0.002	-0.013	
45.95	0.264	0.274	0.001	-0.010	0.000	-0.026	
46.00	0.264	0.274	0.000	-0.011	-0.002	-0.013	
46.05	0.264	0.274	-0.001	-0.001	-0.002	0.006	
46.10	0.264	0.274	0.001	0.002	-0.001	0.013	
46.15	0.264	0.274	0.000	0.001	-0.000	0.017	
46.20	0.264	0.274	-0.000	0.016	0.002	0.006	
46.25	0.264	0.274	0.002	0.024	0.001	-0.017	
46.30	0.264	0.274	0.004	0.006	-0.001	-0.018	
46.35	0.264	0.274	0.003	-0.019	-0.002	0.002	
46.40	0.264	0.273	0.001	-0.026	-0.000	0.013	
46.45	0.264	0.274	-0.001	-0.013	0.001	0.000	
46.50	0.264	0.274	-0.000	-0.004	-0.000	-0.014	
46.55	0.264	0.274	-0.000	-0.007	-0.002	-0.012	
46.60	0.264	0.273	-0.001	-0.007	-0.003	0.011	
46.65	0.264	0.273	-0.002	-0.000	0.000	0.023	
46.70	0.264	0.274	-0.001	0.007	0.001	0.008	
46.75	0.264	0.273	-0.000	0.006	0.000	0.004	
46.80	0.264	0.274	-0.000	0.000	0.001	0.007	
46.85	0.264	0.273	-0.001	0.002	0.002	0.005	
46.90	0.264	0.274	-0.000	0.008	0.002	-0.017	
46.95	0.264	0.274	0.000	0.009	-0.001	-0.019	
47.00	0.264	0.273	0.001	0.010	-0.001	0.003	
47.05	0.264	0.274	0.002	-0.001	0.000	0.005	
47.10	0.264	0.274	0.000	-0.011	0.000	-0.002	
47.15	0.264	0.274	-0.000	-0.002	-0.000	-0.002	
47.20	0.264	0.274	0.001	0.002	-0.001	0.008	
47.25	0.264	0.274	0.000	-0.002	0.000	0.018	
47.30	0.264	0.274	0.000	-0.002	0.002	0.006	
47.35	0.264	0.274	0.000	-0.001	0.002	-0.020	
47.40	0.264	0.274	0.000	-0.001	-0.001	-0.027	
47.45	0.264	0.274	0.000	-0.002	-0.002	-0.006	
47.50	0.264	0.274	-0.000	-0.005	-0.001	0.014	
47.55	0.264	0.274	-0.000	-0.010	0.000	0.010	
47.60	0.264	0.274	-0.001	-0.008	0.000	-0.003	
47.65	0.264	0.274	-0.002	-0.002	-0.000	-0.009	
47.70	0.264	0.274	-0.001	0.004	-0.001	-0.004	
47.75	0.264	0.273	-0.001	0.003	-0.001	0.007	
47.80	0.264	0.274	-0.001	0.003	-0.000	0.011	
47.85	0.264	0.273	-0.001	0.010	0.001	0.002	
47.90	0.264	0.274	0.000	0.005	0.000	-0.006	
47.95	0.264	0.273	-0.000	-0.005	-0.001	0.002	
48.00	0.264	0.274	-0.001	0.000	0.000	0.012	
48.05	0.264	0.273	-0.000	0.008	0.001	0.009	
48.10	0.264	0.274	0.000	0.011	0.001	0.001	
48.15	0.264	0.274	0.001	0.009	0.001	0.000	
48.20	0.264	0.274	0.001	0.004	0.001	0.000	
48.25	0.264	0.274	0.001	0.009	0.001	-0.005	
48.30	0.264	0.274	0.002	0.016	0.000	-0.007	
48.35	0.264	0.274	0.004	0.001	0.000	-0.003	
48.40	0.264	0.274	0.003	-0.023	0.001	-0.008	
48.45	0.264	0.274	0.000	-0.030	-0.001	-0.009	
48.50	0.264	0.274	-0.001	-0.019	-0.000	-0.005	
48.55	0.264	0.274	-0.002	-0.003	-0.001	-0.003	
48.60	0.264	0.274	-0.001	0.007	-0.001	-0.002	
48.65	0.264	0.274	-0.000	0.007	-0.001	-0.001	
48.70	0.264	0.273	0.000	-0.007	-0.001	0.006	
48.75	0.264	0.274	-0.002	-0.006	-0.000	0.008	
48.80	0.264	0.273	-0.001	0.008	-0.000	0.004	
48.85	0.264	0.274	0.000	0.005	0.000	0.000	
48.90	0.264	0.273	-0.001	0.001	-0.000	-0.002	
48.95	0.264	0.274	-0.000	0.004	-0.000	-0.003	
49.00	0.264	0.273	-0.000	0.002	-0.001	0.003	
49.05	0.264	0.274	0.000	0.003	0.000	0.008	
49.10	0.264	0.273	0.000	0.003	0.001	0.002	
49.15	0.264	0.274	0.000	0.005	0.000	-0.005	
49.20	0.264	0.273	0.001	0.000	-0.001	0.003	
49.25	0.264	0.274	0.000	-0.005	0.001	0.007	
49.30	0.264	0.274	0.000	-0.002	0.000	0.005	
49.35	0.264	0.274	0.000	-0.000	0.001	0.003	
49.40	0.264	0.274	0.000	0.000	0.001	0.002	
49.45	0.264	0.274	0.001	-0.007	0.001	0.000	
49.50	0.264	0.274	-0.001	-0.008	0.001	-0.011	
49.55	0.264	0.274	-0.001	0.002	0.000	-0.017	
49.60	0.264	0.274	0.000	-0.002	-0.001	-0.015	
49.65	0.264	0.274	-0.001	-0.006	-0.003	0.006	
49.70	0.264	0.273	-0.001	0.002	-0.000	0.024	
49.75	0.264	0.274	-0.000	0.003	0.002	0.001	
49.80	0.264	0.274	-0.000	-0.002	-0.000	-0.018	
49.85	0.264	0.274	-0.001	-0.000	-0.001	-0.010	
49.90	0.264	0.274	-0.001	0.009	-0.001	-0.004	
49.95	0.264	0.274	0.000	0.005	-0.002	0.007	
50.00	0.264	0.273	-0.000	-0.005	-0.000	0.016	
50.05	0.264	0.274	-0.001	-0.001	0.001	0.008	
50.10	0.264	0.274	-0.000	0.004	0.000	0.002	
50.15	0.264	0.274	-0.000	0.003	0.000	0.004	
50.20	0.264	0.274	0.000	0.004	0.001	0.003	
50.25	0.264	0.274	0.000	0.010	0.001	0.001	
50.30	0.264	0.274	0.001	0.020	0.001	-0.003	
50.35	0.264	0.274	0.002	0.025	0.001	-0.014	
50.40	0.264	0.274	0.005	0.003	-0.001	-0.010	
50.45	0.264	0.274	0.003	-0.023	-0.001	0.006	
50.50	0.264	0.274	0.000	-0.016	0.000	0.015	
50.55	0.264	0.274	0.001	-0.003	0.002	0.002	
50.60	0.264	0.274	0.001	-0.008	0.000	-0.010	
50.65	0.264	0.274	0.000	-0.012	-0.000	-0.006	
50.70	0.264	0.274	-0.000	-0.014	0.000	-0.007	
50.75	0.264	0.274	-0.001	-0.012	-0.001	-0.015	
50.80	0.264	0.274	-0.002	-0.005	-0.003	0.002	
50.85	0.264	0.273	-0.002	-0.001	-0.001	0.019	
50.90	0.264	0.274	-0.002	0.003	0.001	0.009	
50.95	0.264	0.274	-0.002	0.008	0.000	-0.003	
51.00	0.264	0.274	-0.001	0.013	0.000	-0.012	
51.05	0.264	0.274	0.000	0.008	-0.002	-0.007	
51.10	0.264	0.273	0.000	-0.002	-0.001	0.010	
51.15	0.264	0.274	-0.001	0.002	0.001	0.001	
51.20	0.264	0.274	0.001	0.000	-0.001	-0.007	
51.25	0.264	0.273	-0.000	-0.008	-0.002	0.013	
51.30	0.264	0.273	-0.001	-0.005	0.001	0.021	
51.35	0.264	0.274	-0.001	0.000	0.002	0.003	
51.40	0.264	0.274	-0.001	0.006	0.001	-0.016	
51.45	0.264	0.274	0.000	0.010	-0.001	-0.013	
51.50	0.264	0.274	0.001	0.001	-0.001	0.004	
51.55	0.264	0.274	0.000	-0.005	0.001	0.011	
51.60	0.264	0.274	-0.001	0.005	0.000	0.012	
51.65	0.264	0.274	0.000	0.016	0.001	0.019	
51.70	0.264	0.274	0.002	0.008	0.003	0.005	
51.75	0.264	0.274	0.002	-0.008	0.003	-0.024	
51.80	0.264	0.274	0.000	-0.011	0.000	-0.037	
51.85	0.264	0.274	0.000	-0.008	-0.002	-0.025	
51.90	0.264	0.274	-0.000	-0.007	-0.003	-0.003	
51.95	0.264	0.274	-0.000	-0.010	-0.002	0.009	
52.00	0.264	0.274	-0.001	-0.010	-0.002	0.011	
52.05	0.264	0.274	-0.002	-0.003	-0.001	0.007	
52.10	0.264	0.274	-0.002	0.003	-0.001	0.006	
52.15	0.264	0.273	-0.001	0.009	-0.000	0.008	
52.20	0.264	0.274	-0.000	0.010	0.000	0.005	
52.25	0.264	0.273	-0.000	0.006	0.000	0.003	
52.30	0.264	0.274	0.000	0.005	0.001	-0.004	
52.35	0.264	0.274	0.000	0.010	-0.001	-0.001	
52.40	0.264	0.273	0.001	0.016	-0.000	0.011	
52.45	0.264	0.274	0.002	0.011	0.001	0.016	
52.50	0.264	0.273	0.003	-0.006	0.002	0.007	
52.55	0.264	0.274	0.001	-0.011	0.002	-0.016	
52.60	0.264	0.274	0.001	-0.008	-0.000	-0.020	
52.65	0.264	0.274	0.000	-0.005	-0.000	-0.009	
52.70	0.264	0.274	0.000	0.001	-0.001	0.004	
52.75	0.264	0.274	0.001	-0.002	-0.000	0.019	
52.80	0.264	0.274	0.000	-0.007	0.002	0.012	
52.85	0.264	0.274	0.000	-0.008	0.002	-0.016	
52.90	0.264	0.274	-0.000	-0.009	-0.001	-0.024	
52.95	0.264	0.274	-0.001	-0.005	-0.002	-0.004	
53.00	0.264	0.274	-0.001	0.005	-0.001	0.009	
53.05	0.264	0.274	-0.000	0.008	-0.000	0.007	
53.10	0.264	0.274	-0.000	0.003	0.000	0.001	
53.15	0.264	0.274	-0.000	-0.003	-0.000	-0.004	
53.20	0.264	0.274	-0.000	-0.009	-0.000	-0.008	
53.25	0.264	0.274	-0.001	-0.009	-0.001	-0.003	
53.30	0.264	0.273	-0.002	-0.003	-0.001	0.010	
53.35	0.264	0.274	-0.002	0.003	0.000	0.016	
53.40	0.264	0.273	-0.001	0.009	0.001	0.011	
53.45	0.264	0.274	-0.000	0.010	0.001	-0.001	
53.50	0.264	0.274	-0.000	0.005	0.001	-0.006	
53.55	0.264	0.274	0.000	0.002	0.001	-0.008	
53.60	0.264	0.274	0.000	0.002	-0.001	-0.005	
53.65	0.264	0.274	0.000	0.005	0.000	0.002	
53.70	0.264	0.274	0.000	0.008	0.000	-0.004	
53.75	0.264	0.274	0.001	0.005	-0.001	-0.000	
53.80	0.264	0.274	0.001	-0.004	-0.001	0.019	
53.85	0.264	0.274	0.000	-0.007	0.002	0.025	
53.90	0.264	0.274	0.000	-0.002	0.004	0.003	
53.95	0.264	0.274	0.000	0.001	0.002	-0.029	
54.00	0.264	0.274	0.001	-0.005	-0.001	-0.033	
54.05	0.264	0.274	-0.000	-0.014	-0.002	-0.013	
54.10	0.264	0.274	-0.001	-0.011	-0.002	0.004	
54.15	0.264	0.274	-0.002	-0.001	-0.001	0.004	
54.20	0.264	0.274	-0.001	0.008	-0.001	0.003	
54.25	0.264	0.274	-0.000	0.010	-0.001	0.010	
54.30	0.264	0.274	-0.000	0.009	-0.000	0.011	
54.35	0.264	0.274	0.000	0.011	0.001	-0.000	
54.40	0.264	0.274	0.001	0.016	-0.000	-0.009	
54.45	0.264	0.274	0.002	0.009	-0.001	0.001	
54.50	0.264	0.273	0.002	-0.011	0.000	0.004	
54.55	0.264	0.274	0.001	-0.019	0.000	-0.012	
54.60	0.264	0.274	-0.000	-0.013	-0.002	-0.001	
54.65	0.264	0.273	-0.001	-0.000	-0.000	0.018	
54.70	0.264	0.274	0.000	0.009	0.001	0.015	
54.75	0.264	0.273	0.001	0.005	0.001	0.010	
54.80	0.264	0.274	0.000	0.001	0.002	0.001	
54.85	0.264	0.274	0.000	0.004	0.001	-0.006	
54.90	0.264	0.274	0.001	0.000	0.001	-0.006	
54.95	0.264	0.274	0.001	-0.009	0.000	-0.007	
55.00	0.264	0.274	-0.000	-0.007	0.000	-0.003	
55.05	0.264	0.274	0.000	0.000	0.000	-0.006	
55.10	0.264	0.274	0.000	-0.006	-0.001	0.003	
55.15	0.264	0.274	-0.001	-0.007	0.001	0.008	
55.20	0.264	0.274	-0.001	0.005	0.001	-0.012	
55.25	0.264	0.274	-0.000	0.010	-0.001	-0.014	
55.30	0.264	0.274	0.001	-0.001	-0.001	0.001	
55.35	0.264	0.274	-0.000	-0.013	-0.000	-0.005	
55.40	0.264	0.274	-0.001	-0.011	-0.001	-0.012	
55.45	0.264	0.274	-0.002	-0.001	-0.002	-0.001	
55.50	0.264	0.273	-0.001	0.008	-0.002	0.012	
55.55	0.264	0.273	-0.000	0.009	-0.000	0.014	
55.60	0.264	0.273	-0.000	0.005	0.000	0.010	
55.65	0.264	0.273	0.000	0.002	0.000	0.007	
55.70	0.264	0.273	0.000	0.000	0.001	0.003	
55.75	0.264	0.274	0.000	-0.001	0.000	0.001	
55.80	0.264	0.273	-0.000	-0.003	0.001	0.008	
55.85	0.264	0.274	-0.000	-0.003	0.002	0.008	
55.90	0.264	0.274	-0.001	0.005	0.002	-0.004	
55.95	0.264	0.274	0.000	0.014	0.001	-0.011	
56.00	0.264	0.274	0.001	0.011	0.000	-0.008	
56.05	0.264	0.274	0.002	-0.000	0.001	-0.011	
56.10	0.264	0.274	0.001	-0.012	-0.001	-0.010	
56.15	0.264	0.274	0.000	-0.017	-0.001	0.002	
56.20	0.264	0.274	-0.001	-0.010	-0.000	0.008	
56.25	0.264	0.274	-0.001	0.002	0.000	0.007	
56.30	0.264	0.274	-0.000	0.008	0.000	0.005	
56.35	0.264	0.274	-0.000	0.009	0.001	-0.004	
56.40	0.264	0.274	-0.000	0.016	-0.000	-0.011	
56.45	0.264	0.274	0.002	0.012	-0.001	-0.005	
56.50	0.264	0.274	0.002	-0.011	-0.001	0.008	
56.55	0.264	0.274	-0.000	-0.015	0.001	0.006	
56.60	0.264	0.274	-0.000	-0.004	0.000	-0.006	
56.65	0.264	0.274	-0.000	-0.000	-0.000	-0.012	
56.70	0.264	0.274	0.000	0.001	-0.002	-0.010	
56.75	0.264	0.273	0.000	0.000	-0.002	0.008	
56.80	0.264	0.273	0.000	0.000	-0.000	0.022	
56.85	0.264	0.273	0.000	0.000	0.001	0.022	
56.90	0.264	0.273	0.000	0.001	0.002	0.010	
56.95	0.264	0.274	0.000	0.003	0.002	-0.013	
57.00	0.264	0.274	0.000	0.003	-0.000	-0.014	
57.05	0.264	0.274	0.001	-0.005	0.000	0.000	
57.10	0.264	0.274	-0.000	-0.014	0.000	0.007	
57.15	0.264	0.274	-0.001	-0.009	0.001	0.004	
57.20	0.264	0.274	-0.001	0.003	0.001	-0.009	
57.25	0.264	0.274	-0.001	0.016	0.000	-0.016	
57.30	0.264	0.274	0.001	0.014	-0.001	-0.010	
57.35	0.264	0.274	0.001	-0.001	-0.001	0.002	
57.40	0.264	0.274	0.000	-0.009	-0.000	0.004	
57.45	0.264	0.274	-0.000	-0.009	-0.000	-0.001	
57.50	0.264	0.274	-0.001	-0.003	-0.001	-0.001	
57.55	0.264	0.273	-0.000	0.001	-0.000	0.000	
57.60	0.264	0.274	-0.000	-0.003	-0.001	-0.003	
57.65	0.264	0.273	-0.001	-0.001	-0.002	0.005	
57.70	0.264	0.273	-0.001	0.002	0.000	0.009	
57.75	0.264	0.274	-0.001	0.006	-0.000	0.001	
57.80	0.264	0.273	0.000	0.011	-0.000	0.008	
57.85	0.264	0.273	0.001	0.003	0.001	0.009	
57.90	0.264	0.274	0.000	-0.003	0.001	-0.002	
57.95	0.264	0.274	0.000	-0.003	0.000	-0.005	
58.00	0.264	0.274	0.000	-0.000	0.000	-0.001	
58.05	0.264	0.274	0.000	0.002	0.000	0.003	
58.10	0.264	0.274	0.000	0.003	0.001	0.001	
58.15	0.264	0.274	0.001	-0.005	0.000	-0.002	
58.20	0.264	0.274	-0.000	-0.012	0.000	0.002	
58.25	0.264	0.274	-0.001	-0.006	0.001	-0.000	
58.30	0.264	0.274	-0.001	0.010	0.000	-0.004	
58.35	0.264	0.274	0.000	0.020	0.000	-0.003	
58.40	0.264	0.274	0.002	0.016	0.001	-0.009	
58.45	0.264	0.274	0.002	-0.001	-0.001	-0.010	
58.50	0.264	0.274	0.001	-0.017	-0.001	-0.001	
58.55	0.264	0.274	-0.000	-0.013	-0.000	-0.006	
58.60	0.264	0.274	-0.000	-0.002	-0.002	-0.005	
58.65	0.264	0.273	-0.000	0.001	-0.001	0.009	
58.70	0.264	0.274	0.000	0.001	-0.000	0.011	
58.75	0.264	0.273	0.000	0.000	0.000	0.008	
58.80	0.264	0.274	0.000	0.000	0.000	0.004	
58.85	0.264	0.273	0.000	0.000	0.001	-0.005	
58.90	0.264	0.274	0.000	0.000	-0.000	-0.013	
58.95	0.264	0.273	0.000	0.000	-0.002	-0.003	
59.00	0.264	0.273	0.000	0.000	0.000	0.002	
59.05	0.264	0.274	0.000	0.002	-0.001	0.003	
59.10	0.264	0.273	0.000	0.005	-0.001	0.018	
59.15	0.264	0.273	0.000	0.008	0.001	0.021	
59.20	0.264	0.273	0.001	0.004	0.003	0.003	
59.25	0.264	0.274	0.001	-0.007	0.002	-0.022	
59.30	0.264	0.274	0.000	-0.013	-0.001	-0.024	
59.35	0.264	0.274	-0.000	-0.013	-0.002	-0.000	
59.40	0.264	0.273	-0.001	-0.008	-0.000	0.013	
59.45	0.264	0.274	-0.001	-0.000	0.001	-0.001	
59.50	0.264	0.274	-0.001	-0.000	-0.001	-0.009	
59.55	0.264	0.273	-0.001	-0.002	-0.001	0.009	
59.60	0.264	0.273	-0.001	0.000	0.001	0.008	
59.65	0.264	0.274	-0.001	-0.004	0.001	-0.012	
59.70	0.264	0.274	-0.002	-0.006	-0.001	-0.008	
59.75	0.264	0.273	-0.002	0.006	-0.000	0.003	
59.80	0.264	0.274	-0.001	0.021	-0.000	0.001	
59.85	0.264	0.273	0.001	0.018	-0.000	-0.007	
59.90	0.264	0.274	0.001	0.003	-0.001	-0.017	
59.95	0.264	0.273	0.001	-0.005	-0.002	-0.021	
60.00	0.264	0.273	0.000	-0.007	-0.003	-0.018	
