Vernier Format 2
run34.txt 10/10/2025 15:25:0
Run 1
Time	Position	Position	Velocity	Acceleration	Velocity	Acceleration	
T	P	P	V	A	V	A	
s	m	m	m/s	m/s^2	m/s	m/s^2	

0.00	0.268	0.270	-0.179	0.023	0.001	-0.027	
0.05	0.259	0.270	-0.179	0.052	-0.001	-0.013	
0.10	0.250	0.269	-0.176	0.101	-0.001	0.003	
0.15	0.241	0.270	-0.169	0.162	0.000	0.002	
0.20	0.233	0.270	-0.159	0.220	-0.000	-0.008	
0.25	0.225	0.270	-0.147	0.278	-0.001	-0.004	
0.30	0.218	0.269	-0.131	0.333	-0.001	0.008	
0.35	0.212	0.269	-0.118	0.448	0.000	0.015	
0.40	0.205	0.269	-0.086	0.546	0.001	0.008	
0.45	0.203	0.270	-0.053	0.478	0.001	-0.006	
0.50	0.201	0.270	-0.042	0.478	0.000	-0.013	
0.55	0.198	0.270	-0.011	0.573	-0.001	-0.005	
0.60	0.200	0.269	0.019	0.592	-0.000	0.003	
0.65	0.200	0.270	0.049	0.582	-0.000	0.004	
0.70	0.205	0.269	0.082	0.488	-0.000	0.008	
0.75	0.209	0.269	0.098	0.389	0.001	0.001	
0.80	0.214	0.270	0.117	0.358	0.000	-0.011	
0.85	0.221	0.269	0.134	0.323	-0.001	0.003	
0.90	0.228	0.269	0.150	0.276	0.001	0.013	
0.95	0.236	0.270	0.163	0.207	0.001	0.004	
1.00	0.244	0.270	0.171	0.125	0.001	-0.001	
1.05	0.253	0.270	0.175	0.044	0.001	-0.005	
1.10	0.262	0.270	0.175	-0.030	0.000	-0.006	
1.15	0.271	0.270	0.172	-0.098	-0.000	0.006	
1.20	0.279	0.270	0.165	-0.163	0.001	0.010	
1.25	0.287	0.270	0.156	-0.235	0.001	-0.001	
1.30	0.295	0.270	0.142	-0.310	0.001	-0.013	
1.35	0.302	0.270	0.124	-0.370	-0.001	-0.011	
1.40	0.307	0.270	0.104	-0.411	-0.001	0.003	
1.45	0.312	0.270	0.083	-0.440	0.000	0.003	
1.50	0.316	0.270	0.061	-0.483	-0.000	-0.006	
1.55	0.318	0.270	0.035	-0.528	-0.001	-0.004	
1.60	0.319	0.270	0.006	-0.539	-0.000	-0.002	
1.65	0.319	0.270	-0.020	-0.523	-0.001	-0.005	
1.70	0.317	0.270	-0.046	-0.502	-0.002	0.005	
1.75	0.314	0.269	-0.070	-0.475	-0.000	0.015	
1.80	0.310	0.270	-0.094	-0.431	0.001	0.005	
1.85	0.305	0.270	-0.115	-0.366	0.000	-0.003	
1.90	0.299	0.270	-0.130	-0.311	-0.000	-0.003	
1.95	0.292	0.270	-0.145	-0.264	-0.001	0.005	
2.00	0.284	0.269	-0.157	-0.206	0.001	0.008	
2.05	0.276	0.270	-0.166	-0.142	0.001	-0.004	
2.10	0.267	0.270	-0.172	-0.073	-0.000	-0.003	
2.15	0.258	0.270	-0.174	0.011	0.001	-0.002	
2.20	0.250	0.270	-0.170	0.092	-0.000	-0.005	
2.25	0.241	0.270	-0.164	0.158	-0.001	0.005	
2.30	0.233	0.270	-0.155	0.223	0.000	0.015	
2.35	0.226	0.270	-0.142	0.296	0.002	0.004	
2.40	0.219	0.270	-0.125	0.368	0.001	-0.016	
2.45	0.213	0.270	-0.104	0.417	-0.001	-0.017	
2.50	0.208	0.270	-0.082	0.437	-0.001	-0.011	
2.55	0.205	0.270	-0.060	0.449	-0.002	0.001	
2.60	0.202	0.269	-0.037	0.468	-0.001	0.011	
2.65	0.201	0.270	-0.018	0.552	-0.000	0.007	
2.70	0.200	0.269	0.018	0.621	0.000	0.000	
2.75	0.203	0.270	0.053	0.532	0.000	-0.011	
2.80	0.206	0.270	0.071	0.434	-0.002	-0.006	
2.85	0.210	0.269	0.093	0.402	-0.001	0.012	
2.90	0.215	0.269	0.112	0.368	0.000	0.011	
2.95	0.221	0.270	0.130	0.319	0.000	0.002	
3.00	0.228	0.269	0.145	0.256	0.000	-0.000	
3.05	0.236	0.270	0.156	0.192	0.001	-0.007	
3.10	0.244	0.270	0.164	0.130	-0.001	-0.002	
3.15	0.252	0.269	0.169	0.073	-0.001	0.017	
3.20	0.261	0.269	0.173	-0.013	0.002	0.021	
3.25	0.270	0.270	0.169	-0.122	0.003	-0.003	
3.30	0.278	0.270	0.158	-0.196	0.001	-0.029	
3.35	0.286	0.270	0.148	-0.246	-0.002	-0.020	
3.40	0.293	0.270	0.134	-0.297	-0.001	0.002	
3.45	0.299	0.270	0.118	-0.344	-0.000	0.009	
3.50	0.305	0.270	0.100	-0.391	-0.000	0.009	
3.55	0.310	0.270	0.079	-0.441	0.000	0.010	
3.60	0.313	0.270	0.055	-0.473	0.001	0.012	
3.65	0.315	0.270	0.031	-0.484	0.002	0.002	
3.70	0.316	0.270	0.006	-0.488	0.001	-0.013	
3.75	0.316	0.270	-0.018	-0.481	-0.000	-0.010	
3.80	0.314	0.270	-0.042	-0.460	0.000	-0.002	
3.85	0.311	0.270	-0.065	-0.432	0.000	-0.009	
3.90	0.308	0.270	-0.085	-0.401	-0.001	-0.013	
3.95	0.303	0.270	-0.105	-0.360	-0.002	-0.006	
4.00	0.297	0.270	-0.122	-0.305	-0.002	0.002	
4.05	0.291	0.269	-0.136	-0.245	-0.001	0.010	
4.10	0.283	0.270	-0.146	-0.190	-0.000	0.011	
4.15	0.276	0.269	-0.154	-0.141	0.000	0.005	
4.20	0.268	0.270	-0.161	-0.081	0.001	-0.005	
4.25	0.259	0.270	-0.164	0.002	-0.001	-0.006	
4.30	0.251	0.269	-0.161	0.080	-0.001	0.011	
4.35	0.243	0.269	-0.155	0.145	0.000	0.021	
4.40	0.236	0.269	-0.146	0.208	0.002	0.011	
4.45	0.229	0.270	-0.134	0.272	0.002	-0.013	
4.50	0.222	0.270	-0.119	0.332	-0.000	-0.017	
4.55	0.217	0.270	-0.101	0.381	-0.000	-0.006	
4.60	0.212	0.270	-0.080	0.420	-0.000	-0.001	
4.65	0.209	0.270	-0.059	0.456	-0.001	0.008	
4.70	0.206	0.270	-0.034	0.483	0.001	0.008	
4.75	0.205	0.270	-0.009	0.490	0.001	-0.006	
4.80	0.205	0.270	0.015	0.491	0.000	-0.013	
4.85	0.206	0.270	0.040	0.480	-0.001	-0.005	
4.90	0.209	0.270	0.064	0.446	-0.001	0.009	
4.95	0.213	0.270	0.085	0.404	0.001	0.008	
5.00	0.218	0.270	0.104	0.361	0.001	-0.008	
5.05	0.223	0.270	0.122	0.308	-0.001	-0.010	
5.10	0.230	0.270	0.136	0.244	-0.001	0.002	
5.15	0.237	0.270	0.146	0.188	-0.000	0.008	
5.20	0.245	0.270	0.154	0.128	0.001	0.002	
5.25	0.253	0.270	0.159	0.053	-0.000	-0.000	
5.30	0.261	0.269	0.160	-0.024	0.000	0.003	
5.35	0.269	0.270	0.157	-0.093	0.001	-0.011	
5.40	0.277	0.270	0.150	-0.153	-0.002	-0.012	
5.45	0.284	0.269	0.141	-0.211	-0.002	0.012	
5.50	0.291	0.269	0.129	-0.269	0.001	0.013	
5.55	0.297	0.270	0.114	-0.323	0.000	0.002	
5.60	0.302	0.269	0.097	-0.373	-0.000	0.010	
5.65	0.307	0.270	0.077	-0.415	0.002	0.009	
5.70	0.310	0.270	0.055	-0.445	0.002	-0.004	
5.75	0.312	0.270	0.032	-0.468	0.001	-0.008	
5.80	0.313	0.270	0.007	-0.476	0.001	-0.010	
5.85	0.313	0.270	-0.017	-0.467	-0.000	-0.012	
5.90	0.312	0.270	-0.040	-0.451	-0.001	0.004	
5.95	0.309	0.270	-0.062	-0.421	0.001	0.011	
6.00	0.305	0.270	-0.083	-0.374	0.001	-0.002	
6.05	0.301	0.270	-0.099	-0.331	0.000	-0.012	
6.10	0.295	0.270	-0.115	-0.288	-0.001	-0.009	
6.15	0.289	0.270	-0.129	-0.236	-0.001	-0.005	
6.20	0.282	0.270	-0.139	-0.187	-0.001	-0.003	
6.25	0.275	0.269	-0.148	-0.133	-0.001	0.003	
6.30	0.267	0.270	-0.153	-0.064	-0.001	0.004	
6.35	0.260	0.269	-0.154	0.013	-0.001	0.006	
6.40	0.252	0.270	-0.152	0.092	-0.000	0.010	
6.45	0.244	0.269	-0.144	0.150	0.000	0.009	
6.50	0.237	0.270	-0.136	0.186	0.001	0.003	
6.55	0.231	0.270	-0.127	0.237	0.000	-0.005	
6.60	0.224	0.270	-0.113	0.305	0.001	-0.011	
6.65	0.219	0.270	-0.095	0.362	-0.001	-0.007	
6.70	0.215	0.269	-0.076	0.398	-0.001	0.017	
6.75	0.212	0.269	-0.055	0.428	0.002	0.019	
6.80	0.209	0.270	-0.033	0.456	0.002	-0.005	
6.85	0.208	0.270	-0.008	0.458	0.000	-0.018	
6.90	0.209	0.270	0.014	0.442	-0.001	-0.009	
6.95	0.210	0.270	0.035	0.435	-0.000	0.001	
7.00	0.212	0.270	0.057	0.420	-0.000	0.001	
7.05	0.215	0.270	0.078	0.390	-0.000	-0.002	
7.10	0.220	0.270	0.096	0.357	-0.000	-0.004	
7.15	0.225	0.270	0.114	0.312	-0.001	0.000	
7.20	0.231	0.270	0.129	0.240	-0.000	0.005	
7.25	0.238	0.270	0.138	0.165	-0.000	0.005	
7.30	0.245	0.270	0.144	0.112	0.000	0.006	
7.35	0.253	0.270	0.149	0.058	0.000	0.008	
7.40	0.260	0.270	0.151	-0.011	0.001	0.003	
7.45	0.268	0.270	0.148	-0.082	0.001	-0.009	
7.50	0.275	0.270	0.142	-0.148	0.000	-0.016	
7.55	0.282	0.270	0.133	-0.205	-0.001	-0.008	
7.60	0.289	0.270	0.121	-0.250	-0.001	0.007	
7.65	0.294	0.270	0.108	-0.296	0.000	0.014	
7.70	0.300	0.270	0.092	-0.344	0.001	0.004	
7.75	0.304	0.270	0.073	-0.383	0.001	-0.012	
7.80	0.307	0.270	0.054	-0.418	-0.001	-0.013	
7.85	0.309	0.270	0.031	-0.440	-0.002	0.007	
7.90	0.310	0.269	0.009	-0.443	0.000	0.014	
7.95	0.310	0.270	-0.014	-0.435	0.001	0.002	
8.00	0.309	0.270	-0.035	-0.412	-0.000	0.001	
8.05	0.306	0.270	-0.055	-0.379	0.001	0.001	
8.10	0.303	0.270	-0.073	-0.345	0.001	-0.011	
8.15	0.299	0.270	-0.089	-0.320	-0.001	-0.011	
8.20	0.294	0.270	-0.105	-0.292	-0.001	0.002	
8.25	0.288	0.270	-0.119	-0.250	-0.000	0.008	
8.30	0.282	0.270	-0.131	-0.197	0.000	0.004	
8.35	0.275	0.270	-0.139	-0.135	0.001	-0.006	
8.40	0.268	0.270	-0.144	-0.069	-0.001	-0.008	
8.45	0.261	0.269	-0.146	-0.002	-0.001	0.006	
8.50	0.253	0.270	-0.145	0.063	0.000	0.013	
8.55	0.246	0.269	-0.140	0.124	0.001	0.007	
8.60	0.239	0.270	-0.132	0.184	0.001	-0.005	
8.65	0.233	0.270	-0.121	0.238	-0.000	-0.005	
8.70	0.227	0.270	-0.108	0.281	0.001	-0.004	
8.75	0.222	0.270	-0.093	0.328	-0.000	-0.007	
8.80	0.218	0.270	-0.075	0.380	-0.001	0.007	
8.85	0.214	0.269	-0.054	0.417	0.001	0.013	
8.90	0.212	0.270	-0.032	0.423	0.002	-0.008	
8.95	0.211	0.270	-0.012	0.419	-0.001	-0.018	
9.00	0.211	0.270	0.009	0.424	-0.001	-0.005	
9.05	0.212	0.270	0.031	0.424	-0.001	0.009	
9.10	0.214	0.269	0.052	0.406	0.000	0.015	
9.15	0.217	0.270	0.072	0.370	0.001	0.006	
9.20	0.221	0.270	0.089	0.333	0.001	-0.008	
9.25	0.226	0.270	0.106	0.294	-0.001	-0.006	
9.30	0.232	0.269	0.120	0.236	-0.001	0.008	
9.35	0.238	0.270	0.129	0.174	0.001	0.002	
9.40	0.245	0.270	0.137	0.120	0.000	-0.013	
9.45	0.252	0.270	0.141	0.063	-0.001	-0.008	
9.50	0.259	0.270	0.144	-0.005	-0.001	0.004	
9.55	0.267	0.269	0.141	-0.073	-0.000	0.008	
9.60	0.274	0.270	0.135	-0.123	0.000	-0.002	
9.65	0.280	0.270	0.128	-0.167	-0.001	-0.005	
9.70	0.286	0.269	0.120	-0.225	-0.001	0.007	
9.75	0.292	0.269	0.106	-0.292	0.001	0.008	
9.80	0.297	0.270	0.089	-0.339	0.000	0.004	
9.85	0.301	0.269	0.072	-0.368	0.000	0.006	
9.90	0.304	0.270	0.052	-0.393	0.001	0.002	
9.95	0.307	0.270	0.032	-0.412	0.001	-0.009	
10.00	0.308	0.270	0.011	-0.418	0.000	-0.014	
10.05	0.308	0.270	-0.010	-0.413	-0.001	-0.003	
10.10	0.307	0.270	-0.031	-0.401	-0.001	0.014	
10.15	0.305	0.269	-0.051	-0.379	0.001	0.014	
10.20	0.301	0.270	-0.069	-0.345	0.002	-0.006	
10.25	0.298	0.270	-0.085	-0.308	0.000	-0.018	
10.30	0.293	0.270	-0.100	-0.269	-0.002	-0.003	
10.35	0.287	0.269	-0.112	-0.226	-0.000	0.012	
10.40	0.282	0.270	-0.123	-0.182	0.001	-0.001	
10.45	0.275	0.270	-0.131	-0.133	-0.001	-0.008	
10.50	0.268	0.270	-0.136	-0.076	-0.001	0.004	
10.55	0.261	0.270	-0.139	-0.010	0.001	0.006	
10.60	0.254	0.270	-0.137	0.059	0.000	0.000	
10.65	0.247	0.270	-0.133	0.119	0.000	-0.003	
10.70	0.241	0.270	-0.125	0.166	0.000	-0.013	
10.75	0.235	0.270	-0.116	0.208	-0.001	-0.014	
10.80	0.229	0.270	-0.105	0.259	-0.002	0.005	
10.85	0.224	0.269	-0.090	0.313	-0.001	0.024	
10.90	0.220	0.269	-0.073	0.356	0.002	0.016	
10.95	0.217	0.270	-0.054	0.389	0.002	-0.010	
11.00	0.215	0.270	-0.033	0.403	-0.001	-0.008	
11.05	0.214	0.269	-0.013	0.407	0.000	0.007	
11.10	0.213	0.270	0.007	0.411	0.002	-0.005	
11.15	0.214	0.270	0.028	0.405	-0.000	-0.019	
11.20	0.216	0.270	0.048	0.391	-0.002	-0.009	
11.25	0.219	0.269	0.067	0.371	-0.001	0.008	
11.30	0.223	0.270	0.087	0.323	0.000	0.006	
11.35	0.228	0.270	0.101	0.254	-0.001	0.007	
11.40	0.233	0.269	0.111	0.208	-0.000	0.023	
11.45	0.239	0.269	0.121	0.175	0.002	0.020	
11.50	0.245	0.270	0.129	0.129	0.003	-0.010	
11.55	0.252	0.270	0.134	0.071	0.001	-0.027	
11.60	0.259	0.270	0.136	0.008	-0.001	-0.016	
11.65	0.266	0.270	0.135	-0.061	-0.001	-0.000	
11.70	0.273	0.270	0.130	-0.132	-0.000	0.004	
11.75	0.279	0.270	0.121	-0.187	0.000	-0.007	
11.80	0.285	0.270	0.111	-0.227	-0.002	-0.006	
11.85	0.290	0.269	0.099	-0.264	-0.001	0.010	
11.90	0.295	0.270	0.085	-0.302	0.000	0.008	
11.95	0.299	0.270	0.068	-0.335	-0.000	0.004	
12.00	0.302	0.269	0.051	-0.361	0.001	0.001	
12.05	0.304	0.270	0.032	-0.381	-0.000	-0.008	
12.10	0.305	0.269	0.012	-0.391	-0.001	-0.002	
12.15	0.305	0.270	-0.007	-0.394	-0.000	0.003	
12.20	0.304	0.269	-0.027	-0.387	-0.000	0.002	
12.25	0.302	0.270	-0.047	-0.360	-0.000	0.003	
12.30	0.299	0.269	-0.064	-0.321	-0.000	0.012	
12.35	0.296	0.269	-0.079	-0.285	0.001	0.014	
12.40	0.292	0.270	-0.092	-0.257	0.002	-0.004	
12.45	0.287	0.270	-0.104	-0.227	0.001	-0.022	
12.50	0.281	0.270	-0.115	-0.185	-0.002	-0.012	
12.55	0.275	0.269	-0.124	-0.130	-0.001	0.012	
12.60	0.269	0.270	-0.128	-0.075	0.001	0.014	
12.65	0.262	0.270	-0.131	-0.019	0.001	-0.002	
12.70	0.255	0.270	-0.131	0.046	0.001	-0.017	
12.75	0.249	0.270	-0.127	0.118	-0.002	-0.009	
12.80	0.243	0.269	-0.119	0.181	-0.001	0.014	
12.85	0.237	0.270	-0.107	0.213	0.001	0.015	
12.90	0.232	0.270	-0.096	0.230	0.001	-0.001	
12.95	0.227	0.270	-0.085	0.268	0.001	-0.018	
13.00	0.223	0.270	-0.070	0.322	-0.001	-0.020	
13.05	0.220	0.270	-0.052	0.356	-0.002	0.001	
13.10	0.218	0.269	-0.034	0.370	-0.001	0.022	
13.15	0.217	0.269	-0.015	0.380	0.001	0.022	
13.20	0.216	0.270	0.004	0.380	0.002	0.003	
13.25	0.217	0.270	0.023	0.379	0.001	-0.009	
13.30	0.219	0.270	0.042	0.371	0.000	-0.006	
13.35	0.221	0.270	0.061	0.345	0.001	-0.009	
13.40	0.225	0.270	0.078	0.304	-0.001	-0.008	
13.45	0.229	0.270	0.092	0.259	-0.000	-0.005	
13.50	0.234	0.270	0.103	0.221	-0.001	-0.007	
13.55	0.240	0.270	0.114	0.179	-0.002	0.003	
13.60	0.246	0.269	0.122	0.122	-0.000	0.014	
13.65	0.252	0.270	0.126	0.063	0.001	0.007	
13.70	0.258	0.270	0.128	0.007	-0.000	0.007	
13.75	0.265	0.269	0.127	-0.051	0.001	0.005	
13.80	0.271	0.270	0.123	-0.108	0.002	-0.016	
13.85	0.277	0.270	0.116	-0.157	-0.001	-0.023	
13.90	0.283	0.270	0.107	-0.205	-0.002	-0.003	
13.95	0.288	0.269	0.095	-0.249	-0.001	0.021	
14.00	0.292	0.269	0.082	-0.287	0.001	0.030	
14.05	0.296	0.269	0.066	-0.318	0.003	0.010	
14.10	0.299	0.270	0.050	-0.342	0.002	-0.021	
14.15	0.301	0.270	0.032	-0.362	-0.001	-0.018	
14.20	0.302	0.270	0.013	-0.377	-0.000	-0.002	
14.25	0.303	0.270	-0.006	-0.374	0.000	-0.008	
14.30	0.302	0.270	-0.025	-0.352	-0.001	-0.010	
14.35	0.300	0.270	-0.042	-0.320	-0.002	0.007	
14.40	0.297	0.269	-0.057	-0.287	-0.000	0.018	
14.45	0.294	0.270	-0.070	-0.273	0.001	0.002	
14.50	0.291	0.270	-0.084	-0.264	-0.000	-0.008	
14.55	0.286	0.269	-0.098	-0.230	-0.000	-0.002	
14.60	0.281	0.270	-0.107	-0.182	-0.000	-0.000	
14.65	0.275	0.269	-0.116	-0.133	-0.001	0.007	
14.70	0.269	0.270	-0.121	-0.081	0.001	0.005	
14.75	0.263	0.270	-0.124	-0.024	0.001	-0.009	
14.80	0.256	0.270	-0.124	0.039	-0.001	-0.010	
14.85	0.250	0.269	-0.120	0.093	-0.001	0.005	
14.90	0.244	0.270	-0.114	0.140	0.000	0.015	
14.95	0.239	0.269	-0.106	0.187	0.001	0.010	
15.00	0.234	0.270	-0.095	0.232	0.001	-0.001	
15.05	0.229	0.270	-0.083	0.279	0.001	-0.006	
15.10	0.225	0.270	-0.067	0.314	0.001	-0.011	
15.15	0.222	0.270	-0.050	0.330	-0.001	-0.011	
15.20	0.220	0.270	-0.034	0.344	-0.001	-0.007	
15.25	0.219	0.270	-0.016	0.362	-0.001	-0.003	
15.30	0.219	0.269	0.003	0.370	-0.001	0.007	
15.35	0.219	0.270	0.022	0.360	-0.000	0.010	
15.40	0.221	0.269	0.039	0.342	0.000	0.005	
15.45	0.223	0.270	0.056	0.318	0.001	-0.004	
15.50	0.227	0.270	0.071	0.287	-0.001	-0.005	
15.55	0.230	0.269	0.085	0.251	-0.001	0.007	
15.60	0.235	0.269	0.097	0.210	0.001	0.004	
15.65	0.240	0.270	0.106	0.169	0.000	-0.009	
15.70	0.246	0.270	0.114	0.124	-0.002	-0.001	
15.75	0.252	0.269	0.119	0.070	-0.000	0.020	
15.80	0.258	0.269	0.121	0.014	0.002	0.008	
15.85	0.264	0.270	0.120	-0.041	0.001	-0.017	
15.90	0.270	0.270	0.116	-0.088	-0.001	-0.009	
15.95	0.276	0.269	0.111	-0.131	-0.000	0.007	
16.00	0.281	0.270	0.104	-0.188	0.001	0.004	
16.05	0.286	0.270	0.093	-0.250	0.000	-0.002	
16.10	0.291	0.270	0.078	-0.287	0.000	-0.002	
16.15	0.294	0.270	0.063	-0.305	0.000	0.002	
16.20	0.297	0.270	0.047	-0.323	0.000	0.007	
16.25	0.299	0.270	0.031	-0.339	0.001	0.011	
16.30	0.300	0.270	0.013	-0.348	0.002	-0.000	
16.35	0.300	0.270	-0.005	-0.345	0.001	-0.019	
16.40	0.299	0.270	-0.022	-0.330	-0.001	-0.018	
16.45	0.298	0.270	-0.038	-0.313	-0.001	-0.003	
16.50	0.296	0.270	-0.053	-0.296	-0.001	0.011	
16.55	0.293	0.270	-0.068	-0.270	0.001	0.010	
16.60	0.289	0.270	-0.080	-0.239	0.000	0.001	
16.65	0.285	0.270	-0.092	-0.205	0.000	-0.003	
16.70	0.280	0.270	-0.101	-0.168	0.000	-0.014	
16.75	0.274	0.270	-0.109	-0.126	-0.001	-0.017	
16.80	0.269	0.270	-0.114	-0.075	-0.002	-0.000	
16.85	0.263	0.269	-0.116	-0.022	-0.001	0.017	
16.90	0.257	0.269	-0.116	0.035	0.000	0.019	
16.95	0.251	0.269	-0.112	0.090	0.002	0.002	
17.00	0.246	0.270	-0.106	0.130	0.000	-0.011	
17.05	0.240	0.269	-0.100	0.171	-0.001	0.005	
17.10	0.235	0.269	-0.090	0.216	0.001	0.015	
17.15	0.231	0.270	-0.077	0.250	0.002	-0.001	
17.20	0.228	0.270	-0.065	0.278	0.000	-0.011	
17.25	0.225	0.270	-0.050	0.311	-0.000	-0.002	
17.30	0.223	0.270	-0.033	0.335	0.001	0.004	
17.35	0.222	0.270	-0.016	0.342	0.000	0.002	
17.40	0.221	0.270	0.001	0.352	0.001	0.002	
17.45	0.222	0.270	0.020	0.354	0.001	-0.012	
17.50	0.223	0.270	0.037	0.345	-0.001	-0.018	
17.55	0.225	0.270	0.055	0.318	-0.002	0.001	
17.60	0.229	0.270	0.070	0.264	-0.000	0.013	
17.65	0.232	0.270	0.081	0.217	0.001	0.003	
17.70	0.237	0.270	0.091	0.179	-0.000	-0.010	
17.75	0.242	0.270	0.099	0.143	-0.001	-0.007	
17.80	0.247	0.270	0.105	0.117	-0.001	0.005	
17.85	0.252	0.269	0.111	0.084	-0.000	0.010	
17.90	0.258	0.270	0.115	0.027	0.000	0.007	
17.95	0.264	0.269	0.114	-0.039	0.001	0.000	
18.00	0.269	0.270	0.110	-0.099	0.000	-0.004	
18.05	0.275	0.269	0.104	-0.151	-0.001	0.012	
18.10	0.280	0.269	0.094	-0.188	0.002	0.008	
18.15	0.284	0.270	0.085	-0.220	0.001	-0.014	
18.20	0.288	0.270	0.073	-0.256	-0.001	-0.005	
18.25	0.292	0.270	0.059	-0.280	0.001	0.003	
18.30	0.294	0.270	0.044	-0.296	0.001	-0.008	
18.35	0.296	0.270	0.029	-0.310	-0.001	-0.009	
18.40	0.297	0.270	0.013	-0.322	-0.001	0.004	
18.45	0.298	0.270	-0.003	-0.327	-0.000	0.009	
18.50	0.297	0.270	-0.020	-0.319	0.001	-0.000	
18.55	0.295	0.270	-0.036	-0.301	-0.000	-0.010	
18.60	0.293	0.270	-0.050	-0.275	-0.001	-0.005	
18.65	0.290	0.270	-0.063	-0.248	-0.001	0.006	
18.70	0.287	0.269	-0.075	-0.223	0.000	0.005	
18.75	0.283	0.270	-0.086	-0.188	-0.000	-0.002	
18.80	0.278	0.269	-0.094	-0.153	-0.001	0.010	
18.85	0.273	0.269	-0.101	-0.122	0.002	0.010	
18.90	0.268	0.270	-0.107	-0.077	0.001	-0.007	
18.95	0.263	0.270	-0.110	-0.014	-0.000	-0.005	
19.00	0.257	0.270	-0.108	0.052	0.000	0.004	
19.05	0.252	0.270	-0.104	0.102	0.001	0.001	
19.10	0.246	0.270	-0.097	0.126	0.000	-0.005	
19.15	0.242	0.270	-0.091	0.144	0.000	-0.006	
19.20	0.237	0.270	-0.084	0.184	-0.000	-0.005	
19.25	0.233	0.270	-0.073	0.234	-0.001	0.001	
19.30	0.230	0.270	-0.060	0.271	-0.000	0.004	
19.35	0.227	0.270	-0.045	0.290	0.000	-0.007	
19.40	0.226	0.270	-0.030	0.303	-0.001	-0.008	
19.45	0.224	0.269	-0.015	0.318	-0.002	0.014	
19.50	0.224	0.269	0.002	0.326	0.000	0.030	
19.55	0.224	0.269	0.018	0.320	0.003	0.012	
19.60	0.226	0.270	0.034	0.305	0.002	-0.019	
19.65	0.228	0.270	0.049	0.283	-0.001	-0.018	
19.70	0.231	0.270	0.063	0.253	0.000	-0.009	
19.75	0.234	0.270	0.075	0.219	-0.001	-0.014	
19.80	0.238	0.270	0.085	0.183	-0.002	0.004	
19.85	0.243	0.269	0.093	0.152	0.000	0.016	
19.90	0.248	0.270	0.100	0.117	0.000	0.008	
19.95	0.253	0.269	0.105	0.067	0.000	0.003	
20.00	0.258	0.270	0.107	0.012	0.001	-0.012	
20.05	0.264	0.270	0.106	-0.047	-0.002	-0.010	
20.10	0.269	0.269	0.102	-0.098	-0.001	0.011	
20.15	0.274	0.270	0.096	-0.135	0.001	0.013	
20.20	0.279	0.270	0.089	-0.168	0.001	0.000	
20.25	0.283	0.270	0.079	-0.206	0.000	-0.008	
20.30	0.287	0.270	0.068	-0.243	0.000	-0.008	
20.35	0.290	0.270	0.055	-0.269	-0.000	-0.008	
20.40	0.292	0.270	0.041	-0.287	-0.001	0.001	
20.45	0.294	0.270	0.026	-0.295	-0.001	0.015	
20.50	0.295	0.269	0.011	-0.290	0.001	0.016	
20.55	0.295	0.270	-0.004	-0.277	0.002	-0.002	
20.60	0.294	0.270	-0.016	-0.276	-0.000	-0.009	
20.65	0.293	0.270	-0.030	-0.291	0.001	-0.010	
20.70	0.291	0.270	-0.047	-0.284	-0.000	-0.016	
20.75	0.289	0.270	-0.060	-0.247	-0.002	-0.004	
20.80	0.285	0.270	-0.071	-0.206	-0.001	0.012	
20.85	0.281	0.269	-0.080	-0.174	0.000	0.010	
20.90	0.277	0.270	-0.089	-0.145	0.000	0.001	
20.95	0.273	0.269	-0.095	-0.109	-0.000	0.007	
21.00	0.268	0.270	-0.100	-0.063	0.001	0.009	
21.05	0.262	0.270	-0.102	-0.012	0.001	-0.002	
21.10	0.257	0.270	-0.101	0.032	0.000	-0.007	
21.15	0.252	0.270	-0.098	0.074	0.000	-0.006	
21.20	0.247	0.270	-0.094	0.116	-0.000	-0.006	
21.25	0.243	0.270	-0.087	0.156	-0.000	-0.005	
21.30	0.239	0.270	-0.078	0.194	-0.001	0.001	
21.35	0.235	0.269	-0.067	0.225	-0.001	0.014	
21.40	0.232	0.270	-0.055	0.252	0.002	0.008	
21.45	0.229	0.270	-0.041	0.272	0.000	-0.005	
21.50	0.228	0.270	-0.028	0.282	0.000	-0.005	
21.55	0.227	0.270	-0.014	0.300	0.000	-0.003	
21.60	0.226	0.270	0.003	0.310	0.000	-0.001	
21.65	0.227	0.270	0.018	0.300	0.000	-0.000	
21.70	0.228	0.270	0.033	0.285	0.000	-0.002	
21.75	0.230	0.270	0.047	0.262	-0.000	-0.004	
21.80	0.233	0.270	0.059	0.233	-0.000	-0.007	
21.85	0.236	0.270	0.070	0.205	-0.001	-0.003	
21.90	0.240	0.269	0.080	0.175	-0.001	0.006	
21.95	0.244	0.270	0.088	0.137	0.000	0.003	
22.00	0.249	0.270	0.094	0.100	-0.001	0.003	
22.05	0.254	0.269	0.098	0.069	-0.000	0.017	
22.10	0.259	0.269	0.101	0.031	0.002	0.013	
22.15	0.264	0.270	0.102	-0.032	0.002	-0.004	
22.20	0.269	0.270	0.098	-0.103	0.001	-0.008	
22.25	0.274	0.270	0.091	-0.151	0.001	-0.011	
22.30	0.278	0.270	0.082	-0.180	-0.001	-0.008	
22.35	0.282	0.270	0.072	-0.197	-0.000	-0.002	
22.40	0.285	0.270	0.063	-0.218	-0.000	-0.001	
22.45	0.288	0.270	0.051	-0.245	-0.001	0.006	
22.50	0.291	0.270	0.038	-0.265	0.000	0.012	
22.55	0.292	0.270	0.024	-0.278	0.001	0.005	
22.60	0.293	0.270	0.010	-0.286	0.001	-0.012	
22.65	0.293	0.270	-0.005	-0.287	-0.000	-0.020	
22.70	0.292	0.270	-0.020	-0.272	-0.002	-0.007	
22.75	0.291	0.269	-0.032	-0.252	-0.002	0.018	
22.80	0.289	0.269	-0.044	-0.237	0.001	0.014	
22.85	0.287	0.270	-0.056	-0.221	0.001	-0.009	
22.90	0.283	0.270	-0.067	-0.201	-0.001	-0.006	
22.95	0.280	0.269	-0.077	-0.174	-0.000	0.005	
23.00	0.276	0.270	-0.085	-0.135	0.000	-0.000	
23.05	0.271	0.270	-0.090	-0.091	-0.001	0.002	
23.10	0.267	0.269	-0.094	-0.050	-0.000	0.016	
23.15	0.262	0.269	-0.095	-0.008	0.002	0.011	
23.20	0.257	0.270	-0.094	0.030	0.002	-0.014	
23.25	0.252	0.270	-0.092	0.074	-0.001	-0.021	
23.30	0.248	0.270	-0.087	0.116	-0.001	-0.005	
23.35	0.244	0.270	-0.080	0.142	-0.001	0.010	
23.40	0.240	0.269	-0.073	0.178	0.001	0.009	
23.45	0.236	0.270	-0.063	0.221	0.001	-0.006	
23.50	0.233	0.270	-0.050	0.248	-0.001	-0.001	
23.55	0.231	0.269	-0.037	0.266	0.001	0.004	
23.60	0.230	0.270	-0.024	0.288	0.000	-0.007	
23.65	0.229	0.270	-0.008	0.292	-0.001	-0.000	
23.70	0.229	0.269	0.007	0.267	0.000	0.013	
23.75	0.229	0.270	0.018	0.252	0.001	0.002	
23.80	0.231	0.270	0.031	0.252	-0.000	-0.003	
23.85	0.233	0.269	0.044	0.242	0.000	0.004	
23.90	0.235	0.270	0.056	0.219	0.001	-0.007	
23.95	0.238	0.270	0.066	0.188	-0.001	-0.007	
24.00	0.242	0.269	0.075	0.154	0.000	-0.001	
24.05	0.246	0.270	0.082	0.120	-0.000	-0.008	
24.10	0.250	0.269	0.087	0.086	-0.002	0.003	
24.15	0.255	0.270	0.090	0.051	0.000	0.007	
24.20	0.259	0.270	0.092	0.014	-0.000	0.001	
24.25	0.264	0.270	0.092	-0.027	-0.000	0.007	
24.30	0.268	0.269	0.090	-0.075	0.001	0.007	
24.35	0.273	0.270	0.085	-0.127	0.001	-0.004	
24.40	0.277	0.270	0.077	-0.169	-0.000	-0.002	
24.45	0.281	0.270	0.067	-0.195	0.001	-0.001	
24.50	0.284	0.270	0.056	-0.210	0.000	-0.006	
24.55	0.286	0.270	0.046	-0.225	-0.000	-0.004	
24.60	0.288	0.270	0.034	-0.241	-0.001	0.003	
24.65	0.290	0.269	0.022	-0.258	0.000	0.008	
24.70	0.291	0.270	0.008	-0.269	0.001	-0.009	
24.75	0.291	0.270	-0.006	-0.264	-0.001	-0.021	
24.80	0.290	0.270	-0.019	-0.250	-0.002	-0.005	
24.85	0.289	0.269	-0.031	-0.236	-0.002	0.013	
24.90	0.287	0.269	-0.042	-0.221	-0.000	0.016	
24.95	0.284	0.269	-0.053	-0.202	0.001	0.007	
25.00	0.281	0.270	-0.063	-0.177	0.000	0.002	
25.05	0.278	0.269	-0.071	-0.145	-0.000	0.012	
25.10	0.274	0.269	-0.077	-0.113	0.002	0.010	
25.15	0.270	0.270	-0.083	-0.077	0.002	-0.010	
25.20	0.266	0.270	-0.085	-0.038	-0.000	-0.012	
25.25	0.262	0.270	-0.086	-0.007	0.000	-0.001	
25.30	0.257	0.270	-0.086	0.029	0.001	-0.005	
25.35	0.253	0.270	-0.083	0.068	-0.000	-0.012	
25.40	0.249	0.270	-0.079	0.099	-0.001	-0.008	
25.45	0.245	0.270	-0.073	0.127	-0.001	0.003	
25.50	0.241	0.270	-0.066	0.158	-0.000	0.007	
25.55	0.238	0.270	-0.058	0.193	-0.000	0.003	
25.60	0.236	0.270	-0.047	0.228	-0.000	-0.001	
25.65	0.234	0.270	-0.034	0.250	-0.000	-0.003	
25.70	0.232	0.270	-0.021	0.254	-0.001	0.003	
25.75	0.232	0.269	-0.009	0.252	0.000	0.008	
25.80	0.231	0.270	0.004	0.252	0.001	0.000	
25.85	0.232	0.270	0.017	0.249	0.000	-0.007	
25.90	0.233	0.270	0.029	0.240	-0.001	-0.001	
25.95	0.235	0.269	0.041	0.225	-0.000	0.006	
26.00	0.237	0.270	0.052	0.199	0.001	0.001	
26.05	0.240	0.270	0.061	0.168	-0.000	0.003	
26.10	0.243	0.269	0.069	0.144	0.000	0.012	
26.15	0.247	0.270	0.075	0.121	0.002	0.003	
26.20	0.251	0.270	0.081	0.088	0.001	-0.007	
26.25	0.255	0.270	0.085	0.045	0.000	-0.003	
26.30	0.259	0.270	0.085	0.005	0.001	-0.006	
26.35	0.264	0.270	0.085	-0.034	-0.000	-0.005	
26.40	0.268	0.270	0.083	-0.080	0.000	-0.005	
26.45	0.272	0.270	0.077	-0.122	-0.001	-0.005	
26.50	0.276	0.269	0.070	-0.152	-0.001	0.008	
26.55	0.279	0.270	0.061	-0.174	0.001	0.006	
26.60	0.282	0.270	0.052	-0.184	0.000	-0.002	
26.65	0.284	0.270	0.043	-0.195	0.000	-0.005	
26.70	0.286	0.270	0.033	-0.220	-0.000	-0.007	
26.75	0.288	0.270	0.021	-0.251	-0.001	-0.003	
26.80	0.288	0.269	0.007	-0.265	-0.000	0.000	
26.85	0.288	0.270	-0.006	-0.257	-0.001	-0.002	
26.90	0.288	0.269	-0.019	-0.239	-0.002	0.008	
26.95	0.287	0.269	-0.030	-0.220	0.001	0.011	
27.00	0.285	0.270	-0.041	-0.199	0.001	-0.003	
27.05	0.282	0.270	-0.050	-0.182	-0.001	-0.003	
27.10	0.280	0.269	-0.059	-0.161	-0.000	0.011	
27.15	0.276	0.269	-0.066	-0.135	0.002	0.005	
27.20	0.273	0.270	-0.072	-0.112	0.001	-0.013	
27.25	0.269	0.270	-0.078	-0.082	-0.001	-0.004	
27.30	0.265	0.269	-0.081	-0.039	-0.000	0.014	
27.35	0.261	0.270	-0.082	0.003	0.001	0.014	
27.40	0.257	0.270	-0.080	0.039	0.002	0.003	
27.45	0.253	0.270	-0.078	0.073	0.002	-0.014	
27.50	0.249	0.270	-0.073	0.107	-0.000	-0.017	
27.55	0.246	0.270	-0.067	0.133	-0.001	-0.002	
27.60	0.242	0.270	-0.060	0.156	0.000	-0.002	
27.65	0.240	0.270	-0.051	0.178	-0.001	-0.004	
27.70	0.237	0.270	-0.042	0.203	-0.000	-0.002	
27.75	0.235	0.270	-0.031	0.225	-0.001	0.001	
27.80	0.234	0.269	-0.019	0.235	-0.000	0.004	
27.85	0.233	0.270	-0.007	0.239	-0.000	0.002	
27.90	0.233	0.269	0.005	0.238	-0.001	0.008	
27.95	0.234	0.270	0.017	0.232	0.001	0.010	
28.00	0.235	0.270	0.029	0.221	0.001	0.006	
28.05	0.237	0.270	0.039	0.208	0.001	0.002	
28.10	0.239	0.270	0.049	0.195	0.001	-0.009	
28.15	0.242	0.270	0.059	0.178	0.000	-0.012	
28.20	0.245	0.270	0.068	0.141	-0.001	-0.002	
28.25	0.249	0.270	0.074	0.086	0.000	0.005	
28.30	0.252	0.270	0.076	0.049	0.001	-0.003	
28.35	0.256	0.270	0.078	0.023	-0.000	-0.012	
28.40	0.260	0.270	0.079	-0.006	-0.002	-0.002	
28.45	0.264	0.269	0.078	-0.040	-0.000	0.008	
28.50	0.268	0.270	0.075	-0.080	0.000	0.001	
28.55	0.272	0.270	0.070	-0.116	-0.001	0.008	
28.60	0.275	0.269	0.063	-0.146	0.000	0.021	
28.65	0.278	0.270	0.055	-0.169	0.003	0.002	
28.70	0.281	0.270	0.046	-0.186	0.001	-0.025	
28.75	0.283	0.270	0.036	-0.200	-0.002	-0.018	
28.80	0.284	0.270	0.026	-0.210	-0.001	0.003	
28.85	0.285	0.270	0.015	-0.220	-0.000	0.010	
28.90	0.286	0.270	0.003	-0.225	0.000	0.006	
28.95	0.286	0.270	-0.008	-0.220	0.001	-0.004	
29.00	0.285	0.270	-0.019	-0.210	-0.001	-0.006	
29.05	0.284	0.269	-0.029	-0.198	-0.001	0.007	
29.10	0.282	0.270	-0.039	-0.182	0.001	0.008	
29.15	0.280	0.270	-0.047	-0.161	0.000	0.003	
29.20	0.277	0.270	-0.055	-0.142	0.000	0.003	
29.25	0.274	0.270	-0.062	-0.123	0.001	-0.003	
29.30	0.271	0.270	-0.068	-0.095	0.000	-0.009	
29.35	0.268	0.270	-0.071	-0.061	-0.000	-0.008	
29.40	0.264	0.270	-0.073	-0.029	-0.001	-0.000	
29.45	0.260	0.269	-0.074	0.005	-0.001	0.013	
29.50	0.256	0.270	-0.073	0.040	0.001	0.008	
29.55	0.253	0.270	-0.070	0.072	0.000	-0.004	
29.60	0.249	0.270	-0.066	0.108	-0.000	0.003	
29.65	0.246	0.270	-0.060	0.149	0.001	-0.002	
29.70	0.243	0.270	-0.050	0.170	0.000	-0.011	
29.75	0.241	0.270	-0.041	0.163	-0.001	0.002	
29.80	0.239	0.270	-0.035	0.167	0.001	0.007	
29.85	0.238	0.270	-0.026	0.196	0.001	-0.015	
29.90	0.236	0.270	-0.014	0.215	-0.002	-0.017	
29.95	0.236	0.269	-0.004	0.216	-0.003	0.016	
30.00	0.236	0.269	0.007	0.214	0.001	0.024	
30.05	0.237	0.270	0.018	0.206	0.001	0.005	
30.10	0.238	0.270	0.028	0.196	0.001	-0.002	
30.15	0.240	0.270	0.038	0.186	0.001	-0.008	
30.20	0.242	0.270	0.047	0.163	0.000	-0.014	
30.25	0.244	0.270	0.054	0.133	-0.001	-0.014	
30.30	0.247	0.270	0.060	0.110	-0.002	-0.000	
30.35	0.250	0.269	0.065	0.089	-0.001	0.020	
30.40	0.254	0.270	0.069	0.059	0.001	0.016	
30.45	0.257	0.270	0.071	0.024	0.002	-0.008	
30.50	0.261	0.270	0.071	-0.011	-0.000	-0.023	
30.55	0.265	0.270	0.070	-0.042	-0.003	-0.003	
30.60	0.268	0.269	0.067	-0.077	-0.000	0.019	
30.65	0.271	0.270	0.063	-0.112	0.001	0.011	
30.70	0.274	0.270	0.055	-0.135	0.001	-0.005	
30.75	0.277	0.270	0.049	-0.154	-0.000	-0.013	
30.80	0.279	0.270	0.040	-0.178	-0.002	0.001	
30.85	0.281	0.269	0.031	-0.195	0.000	0.011	
30.90	0.282	0.270	0.021	-0.203	0.000	0.007	
30.95	0.283	0.269	0.010	-0.205	0.001	0.009	
31.00	0.283	0.270	0.000	-0.202	0.002	-0.002	
31.05	0.283	0.270	-0.010	-0.193	0.000	-0.012	
31.10	0.282	0.270	-0.020	-0.176	-0.000	-0.008	
31.15	0.281	0.270	-0.028	-0.155	-0.001	0.002	
31.20	0.280	0.270	-0.034	-0.153	0.000	0.009	
31.25	0.278	0.270	-0.043	-0.157	0.002	-0.006	
31.30	0.275	0.270	-0.051	-0.136	-0.000	-0.020	
31.35	0.273	0.270	-0.057	-0.108	-0.002	-0.001	
31.40	0.270	0.269	-0.062	-0.087	-0.000	0.018	
31.45	0.266	0.270	-0.066	-0.056	0.001	0.004	
31.50	0.263	0.270	-0.068	-0.017	-0.000	-0.005	
31.55	0.259	0.270	-0.068	0.023	-0.000	0.001	
31.60	0.256	0.270	-0.065	0.053	0.000	0.002	
31.65	0.253	0.270	-0.062	0.072	0.000	0.001	
31.70	0.250	0.270	-0.058	0.089	0.001	-0.008	
31.75	0.247	0.270	-0.053	0.110	-0.001	-0.009	
31.80	0.245	0.270	-0.047	0.136	-0.001	0.003	
31.85	0.242	0.270	-0.039	0.161	-0.000	0.008	
31.90	0.241	0.270	-0.031	0.181	0.000	0.005	
31.95	0.239	0.270	-0.021	0.200	0.001	-0.004	
32.00	0.238	0.270	-0.010	0.211	-0.001	-0.005	
32.05	0.238	0.269	0.001	0.201	-0.001	0.009	
32.10	0.239	0.270	0.010	0.185	0.001	0.010	
32.15	0.239	0.270	0.019	0.175	0.001	-0.005	
32.20	0.240	0.270	0.027	0.170	0.000	-0.012	
32.25	0.242	0.270	0.036	0.162	-0.001	-0.003	
32.30	0.244	0.270	0.044	0.145	-0.001	0.012	
32.35	0.246	0.269	0.051	0.120	0.001	0.013	
32.40	0.249	0.270	0.056	0.093	0.002	-0.006	
32.45	0.252	0.270	0.060	0.069	-0.000	-0.011	
32.50	0.255	0.270	0.063	0.045	-0.001	0.004	
32.55	0.258	0.270	0.065	0.019	0.001	0.006	
32.60	0.262	0.270	0.065	-0.006	0.001	-0.006	
32.65	0.265	0.270	0.064	-0.030	-0.001	-0.008	
32.70	0.268	0.270	0.062	-0.065	-0.000	-0.003	
32.75	0.271	0.270	0.058	-0.115	-0.000	-0.004	
32.80	0.274	0.270	0.050	-0.149	-0.001	0.001	
32.85	0.276	0.270	0.042	-0.156	-0.000	0.008	
32.90	0.278	0.270	0.034	-0.159	-0.000	0.014	
32.95	0.280	0.269	0.026	-0.172	0.002	0.008	
33.00	0.281	0.270	0.017	-0.186	0.001	-0.007	
33.05	0.281	0.270	0.007	-0.189	-0.001	0.005	
33.10	0.282	0.270	-0.002	-0.188	0.002	0.010	
33.15	0.281	0.270	-0.012	-0.183	0.002	-0.009	
33.20	0.280	0.270	-0.020	-0.172	-0.000	-0.014	
33.25	0.279	0.270	-0.029	-0.159	0.000	-0.009	
33.30	0.277	0.270	-0.037	-0.139	0.000	-0.017	
33.35	0.275	0.270	-0.043	-0.120	-0.002	-0.014	
33.40	0.273	0.270	-0.048	-0.108	-0.002	0.007	
33.45	0.271	0.270	-0.054	-0.088	-0.001	0.020	
33.50	0.268	0.269	-0.058	-0.059	0.001	0.006	
33.55	0.265	0.270	-0.060	-0.031	-0.000	-0.011	
33.60	0.262	0.269	-0.061	-0.003	-0.002	0.008	
33.65	0.259	0.269	-0.060	0.022	0.001	0.023	
33.70	0.256	0.270	-0.058	0.041	0.002	0.005	
33.75	0.253	0.270	-0.056	0.065	0.001	-0.014	
33.80	0.250	0.270	-0.052	0.094	-0.001	-0.011	
33.85	0.247	0.270	-0.046	0.119	-0.001	0.006	
33.90	0.245	0.270	-0.040	0.135	0.001	0.001	
33.95	0.244	0.270	-0.033	0.153	0.000	-0.012	
34.00	0.242	0.270	-0.024	0.171	-0.001	-0.001	
34.05	0.241	0.270	-0.016	0.182	0.000	0.005	
34.10	0.240	0.270	-0.007	0.196	-0.000	-0.001	
34.15	0.240	0.270	0.005	0.191	-0.001	0.005	
34.20	0.241	0.270	0.014	0.158	0.001	0.006	
34.25	0.242	0.270	0.020	0.142	0.000	0.002	
34.30	0.243	0.270	0.027	0.140	0.000	0.004	
34.35	0.245	0.270	0.034	0.136	0.001	0.000	
34.40	0.246	0.270	0.041	0.127	0.000	-0.005	
34.45	0.249	0.270	0.047	0.107	0.001	-0.012	
34.50	0.251	0.270	0.052	0.080	-0.001	-0.014	
34.55	0.254	0.270	0.055	0.055	-0.001	-0.005	
34.60	0.257	0.270	0.058	0.030	-0.001	-0.003	
34.65	0.260	0.270	0.059	-0.003	-0.002	0.005	
34.70	0.263	0.269	0.057	-0.028	-0.001	0.013	
34.75	0.265	0.270	0.055	-0.043	-0.000	0.010	
34.80	0.268	0.269	0.053	-0.070	0.000	0.009	
34.85	0.271	0.270	0.049	-0.106	0.001	0.003	
34.90	0.273	0.270	0.042	-0.127	0.001	-0.001	
34.95	0.275	0.270	0.036	-0.139	0.001	-0.006	
35.00	0.277	0.270	0.028	-0.154	0.000	-0.011	
35.05	0.278	0.270	0.020	-0.159	-0.001	-0.004	
35.10	0.279	0.270	0.012	-0.159	-0.000	0.003	
35.15	0.279	0.270	0.004	-0.166	-0.000	0.001	
35.20	0.279	0.270	-0.005	-0.167	-0.000	-0.001	
35.25	0.279	0.270	-0.013	-0.157	-0.000	-0.001	
35.30	0.278	0.270	-0.020	-0.145	-0.001	0.009	
35.35	0.277	0.269	-0.027	-0.137	0.000	0.020	
35.40	0.275	0.270	-0.034	-0.128	0.002	0.011	
35.45	0.273	0.270	-0.041	-0.110	0.002	-0.012	
35.50	0.271	0.270	-0.046	-0.082	0.000	-0.022	
35.55	0.269	0.270	-0.049	-0.051	-0.001	-0.012	
35.60	0.266	0.270	-0.051	-0.024	-0.001	-0.003	
35.65	0.263	0.270	-0.050	-0.013	-0.001	0.004	
35.70	0.261	0.270	-0.051	-0.009	-0.000	0.009	
35.75	0.258	0.270	-0.052	0.008	0.000	0.006	
35.80	0.256	0.270	-0.051	0.035	0.001	-0.002	
35.85	0.253	0.270	-0.049	0.065	-0.000	-0.007	
35.90	0.251	0.270	-0.044	0.090	-0.001	0.006	
35.95	0.249	0.270	-0.039	0.106	0.001	0.005	
36.00	0.247	0.270	-0.034	0.121	0.001	-0.018	
36.05	0.245	0.270	-0.027	0.137	-0.002	-0.016	
36.10	0.244	0.270	-0.020	0.152	-0.002	0.001	
36.15	0.243	0.270	-0.012	0.162	-0.001	0.011	
36.20	0.243	0.269	-0.004	0.162	-0.000	0.014	
36.25	0.243	0.270	0.005	0.156	0.001	0.004	
36.30	0.243	0.270	0.012	0.149	-0.000	0.002	
36.35	0.244	0.269	0.019	0.147	0.001	0.001	
36.40	0.245	0.270	0.027	0.138	0.001	-0.009	
36.45	0.247	0.270	0.034	0.119	-0.001	0.001	
36.50	0.249	0.269	0.039	0.097	0.000	0.018	
36.55	0.251	0.270	0.043	0.080	0.002	0.009	
36.60	0.253	0.270	0.047	0.060	0.002	-0.007	
36.65	0.256	0.270	0.049	0.039	0.000	-0.012	
36.70	0.258	0.270	0.050	0.025	0.000	-0.009	
36.75	0.261	0.270	0.052	0.003	-0.000	-0.007	
36.80	0.263	0.270	0.052	-0.034	-0.001	-0.001	
36.85	0.266	0.270	0.048	-0.063	-0.000	0.004	
36.90	0.268	0.270	0.045	-0.077	-0.000	0.004	
36.95	0.270	0.270	0.041	-0.090	-0.000	0.009	
37.00	0.272	0.270	0.036	-0.102	0.001	0.006	
37.05	0.274	0.270	0.030	-0.109	0.001	-0.015	
37.10	0.275	0.270	0.025	-0.122	-0.002	-0.015	
37.15	0.276	0.269	0.019	-0.153	-0.002	0.009	
37.20	0.277	0.270	0.009	-0.172	0.001	0.007	
37.25	0.277	0.270	0.000	-0.167	-0.000	-0.009	
37.30	0.277	0.270	-0.008	-0.152	-0.002	0.000	
37.35	0.276	0.269	-0.015	-0.133	-0.000	0.011	
37.40	0.276	0.270	-0.021	-0.122	0.001	0.005	
37.45	0.274	0.270	-0.027	-0.115	0.000	-0.001	
37.50	0.273	0.270	-0.032	-0.104	-0.000	0.007	
37.55	0.271	0.269	-0.038	-0.092	0.001	0.008	
37.60	0.269	0.270	-0.042	-0.073	0.002	-0.010	
37.65	0.267	0.270	-0.045	-0.054	-0.001	-0.015	
37.70	0.265	0.270	-0.047	-0.034	-0.001	0.001	
37.75	0.262	0.270	-0.049	-0.004	-0.000	0.010	
37.80	0.260	0.270	-0.048	0.023	0.001	0.007	
37.85	0.257	0.270	-0.046	0.040	0.000	0.003	
37.90	0.255	0.270	-0.043	0.050	0.001	0.004	
37.95	0.253	0.270	-0.041	0.060	0.002	-0.006	
38.00	0.251	0.270	-0.038	0.084	0.000	-0.016	
38.05	0.249	0.270	-0.032	0.106	-0.001	-0.001	
38.10	0.248	0.270	-0.026	0.113	0.000	0.005	
38.15	0.246	0.270	-0.021	0.121	0.000	-0.009	
38.20	0.245	0.270	-0.015	0.137	-0.002	-0.007	
38.25	0.245	0.270	-0.007	0.143	-0.001	0.002	
38.30	0.245	0.270	-0.000	0.141	-0.000	-0.001	
38.35	0.245	0.270	0.007	0.138	-0.001	0.001	
38.40	0.245	0.270	0.014	0.136	-0.000	0.005	
38.45	0.246	0.270	0.020	0.134	-0.001	0.008	
38.50	0.247	0.269	0.027	0.132	0.001	0.004	
38.55	0.249	0.270	0.034	0.112	0.000	-0.012	
38.60	0.251	0.270	0.039	0.071	-0.002	-0.007	
38.65	0.253	0.269	0.040	0.047	-0.001	0.012	
38.70	0.255	0.269	0.043	0.040	0.001	0.010	
38.75	0.257	0.270	0.045	0.023	0.001	-0.004	
38.80	0.260	0.270	0.046	-0.001	-0.001	-0.003	
38.85	0.262	0.269	0.045	-0.020	-0.000	0.014	
38.90	0.264	0.269	0.044	-0.039	0.002	0.014	
38.95	0.266	0.270	0.041	-0.058	0.002	-0.001	
39.00	0.268	0.270	0.038	-0.073	0.001	-0.006	
39.05	0.270	0.270	0.034	-0.089	0.002	-0.017	
39.10	0.272	0.270	0.029	-0.107	-0.001	-0.020	
39.15	0.273	0.270	0.023	-0.124	-0.002	0.003	
39.20	0.274	0.270	0.016	-0.130	-0.000	0.017	
39.25	0.275	0.270	0.009	-0.122	0.001	0.010	
39.30	0.275	0.270	0.004	-0.123	0.001	-0.005	
39.35	0.275	0.270	-0.002	-0.135	0.000	-0.014	
39.40	0.275	0.270	-0.010	-0.134	-0.001	-0.010	
39.45	0.274	0.270	-0.016	-0.119	-0.001	-0.005	
39.50	0.273	0.270	-0.022	-0.102	-0.001	0.001	
39.55	0.272	0.269	-0.026	-0.093	-0.002	0.018	
39.60	0.270	0.269	-0.031	-0.088	0.001	0.015	
39.65	0.269	0.270	-0.035	-0.075	0.001	-0.006	
39.70	0.267	0.270	-0.039	-0.053	-0.000	-0.006	
39.75	0.265	0.270	-0.041	-0.029	-0.000	0.006	
39.80	0.263	0.270	-0.041	-0.012	0.000	0.013	
39.85	0.261	0.270	-0.042	0.006	0.002	0.012	
39.90	0.258	0.270	-0.041	0.027	0.002	-0.006	
39.95	0.257	0.270	-0.039	0.047	0.001	-0.024	
40.00	0.255	0.270	-0.036	0.069	-0.001	-0.023	
40.05	0.253	0.270	-0.032	0.077	-0.002	-0.003	
40.10	0.251	0.270	-0.028	0.071	-0.001	0.011	
40.15	0.250	0.270	-0.025	0.076	-0.001	0.016	
40.20	0.249	0.269	-0.021	0.097	0.001	0.013	
40.25	0.248	0.270	-0.015	0.115	0.002	-0.006	
40.30	0.247	0.270	-0.009	0.121	-0.001	-0.004	
40.35	0.247	0.270	-0.003	0.121	0.001	0.005	
40.40	0.247	0.270	0.003	0.120	0.001	-0.008	
40.45	0.247	0.270	0.009	0.117	-0.000	-0.016	
40.50	0.248	0.270	0.015	0.111	-0.001	-0.012	
40.55	0.249	0.270	0.020	0.101	-0.002	0.004	
40.60	0.250	0.270	0.025	0.095	-0.000	0.007	
40.65	0.251	0.270	0.030	0.084	-0.001	0.003	
40.70	0.253	0.269	0.034	0.062	-0.001	0.012	
40.75	0.255	0.270	0.036	0.043	0.001	0.005	
40.80	0.257	0.270	0.038	0.028	-0.000	-0.001	
40.85	0.258	0.269	0.039	0.012	0.000	0.004	
40.90	0.261	0.270	0.039	-0.007	0.001	-0.008	
40.95	0.262	0.270	0.038	-0.022	-0.001	-0.012	
41.00	0.264	0.270	0.037	-0.039	-0.002	0.011	
41.05	0.266	0.269	0.034	-0.058	0.001	0.020	
41.10	0.268	0.270	0.031	-0.072	0.002	0.000	
41.15	0.269	0.270	0.027	-0.085	0.001	-0.021	
41.20	0.270	0.270	0.022	-0.098	-0.001	-0.019	
41.25	0.271	0.270	0.017	-0.107	-0.002	0.010	
41.30	0.272	0.269	0.012	-0.115	0.001	0.019	
41.35	0.273	0.270	0.005	-0.114	0.001	-0.001	
41.40	0.273	0.270	-0.001	-0.100	-0.000	-0.004	
41.45	0.273	0.270	-0.005	-0.089	0.001	-0.012	
41.50	0.272	0.270	-0.008	-0.098	-0.002	-0.011	
41.55	0.272	0.269	-0.014	-0.114	-0.001	0.007	
41.60	0.271	0.270	-0.021	-0.106	0.000	0.007	
41.65	0.270	0.270	-0.025	-0.083	-0.000	0.004	
41.70	0.268	0.270	-0.029	-0.063	0.001	0.001	
41.75	0.267	0.270	-0.032	-0.044	-0.000	-0.006	
41.80	0.265	0.270	-0.033	-0.032	-0.001	0.002	
41.85	0.263	0.270	-0.035	-0.027	0.000	0.008	
41.90	0.262	0.270	-0.036	-0.008	0.001	0.000	
41.95	0.260	0.270	-0.036	0.015	0.001	-0.014	
42.00	0.258	0.270	-0.034	0.029	-0.002	-0.008	
42.05	0.256	0.269	-0.033	0.038	-0.001	0.014	
42.10	0.255	0.270	-0.031	0.048	0.001	0.017	
42.15	0.253	0.270	-0.028	0.067	0.001	0.003	
42.20	0.252	0.270	-0.024	0.084	0.001	-0.013	
42.25	0.251	0.270	-0.019	0.090	-0.000	-0.020	
42.30	0.250	0.270	-0.015	0.097	-0.002	-0.006	
42.35	0.249	0.269	-0.010	0.106	-0.001	0.014	
42.40	0.249	0.270	-0.004	0.106	0.001	0.014	
42.45	0.249	0.270	0.001	0.098	0.000	0.006	
42.50	0.249	0.270	0.006	0.094	0.001	-0.001	
42.55	0.249	0.270	0.010	0.096	0.000	-0.007	
42.60	0.250	0.270	0.015	0.094	0.000	-0.007	
42.65	0.251	0.270	0.020	0.085	-0.000	-0.006	
42.70	0.252	0.270	0.024	0.072	-0.001	0.001	
42.75	0.253	0.270	0.027	0.059	-0.000	0.009	
42.80	0.255	0.270	0.030	0.045	0.000	0.011	
42.85	0.256	0.270	0.031	0.038	0.001	0.006	
42.90	0.258	0.270	0.033	0.036	0.001	-0.006	
42.95	0.260	0.270	0.036	0.013	0.000	-0.013	
43.00	0.262	0.270	0.036	-0.030	-0.000	-0.013	
43.05	0.263	0.270	0.032	-0.053	-0.001	-0.006	
43.10	0.265	0.270	0.029	-0.054	-0.001	0.006	
43.15	0.266	0.270	0.027	-0.058	-0.000	0.012	
43.20	0.268	0.270	0.024	-0.068	0.000	0.010	
43.25	0.269	0.270	0.020	-0.079	0.001	0.001	
43.30	0.270	0.270	0.016	-0.085	0.001	-0.011	
43.35	0.270	0.270	0.012	-0.091	-0.001	-0.002	
43.40	0.271	0.269	0.007	-0.097	0.000	0.011	
43.45	0.271	0.270	0.002	-0.101	0.002	-0.003	
43.50	0.271	0.270	-0.003	-0.100	-0.000	-0.017	
43.55	0.271	0.270	-0.008	-0.094	-0.002	-0.002	
43.60	0.270	0.269	-0.013	-0.082	-0.001	0.021	
43.65	0.269	0.270	-0.017	-0.070	0.002	0.019	
43.70	0.268	0.270	-0.020	-0.067	0.002	-0.000	
43.75	0.267	0.270	-0.024	-0.061	0.001	-0.014	
43.80	0.266	0.270	-0.026	-0.044	0.000	-0.026	
43.85	0.265	0.270	-0.028	-0.029	-0.002	-0.013	
43.90	0.263	0.269	-0.029	-0.019	-0.001	0.005	
43.95	0.262	0.270	-0.030	-0.005	-0.001	0.003	
44.00	0.260	0.269	-0.029	0.006	-0.002	0.013	
44.05	0.259	0.270	-0.029	0.012	0.001	0.015	
44.10	0.257	0.270	-0.029	0.026	0.001	-0.001	
44.15	0.256	0.270	-0.027	0.045	0.001	-0.016	
44.20	0.255	0.270	-0.024	0.060	-0.002	-0.009	
44.25	0.253	0.269	-0.021	0.070	-0.001	0.013	
44.30	0.252	0.270	-0.017	0.080	0.001	0.014	
44.35	0.252	0.270	-0.013	0.091	0.001	-0.000	
44.40	0.251	0.270	-0.007	0.093	0.000	-0.009	
44.45	0.251	0.270	-0.003	0.081	-0.000	-0.008	
44.50	0.251	0.270	0.000	0.073	-0.001	0.002	
44.55	0.251	0.269	0.004	0.076	0.000	0.010	
44.60	0.251	0.270	0.008	0.077	0.001	0.003	
44.65	0.252	0.270	0.012	0.071	0.000	-0.006	
44.70	0.252	0.270	0.015	0.065	0.000	-0.014	
44.75	0.253	0.270	0.018	0.057	-0.002	-0.008	
44.80	0.254	0.269	0.021	0.051	-0.001	0.011	
44.85	0.256	0.270	0.024	0.042	0.000	0.008	
44.90	0.257	0.270	0.025	0.028	0.000	-0.002	
44.95	0.258	0.270	0.027	0.011	-0.000	-0.004	
45.00	0.259	0.270	0.026	0.000	-0.001	0.002	
45.05	0.261	0.269	0.026	-0.002	0.000	0.011	
45.10	0.262	0.270	0.026	-0.014	0.001	0.006	
45.15	0.263	0.270	0.025	-0.034	0.001	0.001	
45.20	0.265	0.270	0.023	-0.047	0.001	-0.003	
45.25	0.266	0.270	0.020	-0.056	0.000	-0.008	
45.30	0.267	0.270	0.017	-0.065	0.000	-0.008	
45.35	0.267	0.270	0.014	-0.072	-0.000	-0.008	
45.40	0.268	0.270	0.010	-0.078	-0.001	-0.001	
45.45	0.268	0.270	0.006	-0.078	-0.001	0.010	
45.50	0.269	0.269	0.002	-0.074	0.001	0.009	
45.55	0.269	0.270	-0.002	-0.070	0.001	-0.004	
45.60	0.268	0.270	-0.005	-0.069	-0.001	0.005	
45.65	0.268	0.269	-0.009	-0.067	0.001	0.013	
45.70	0.268	0.270	-0.012	-0.062	0.002	-0.004	
45.75	0.267	0.270	-0.015	-0.050	0.000	-0.016	
45.80	0.266	0.270	-0.018	-0.032	-0.001	-0.007	
45.85	0.265	0.270	-0.018	-0.025	-0.001	0.009	
45.90	0.264	0.270	-0.019	-0.037	0.001	0.011	
45.95	0.263	0.270	-0.022	-0.035	0.001	-0.003	
46.00	0.262	0.270	-0.023	-0.015	0.000	-0.010	
46.05	0.261	0.270	-0.023	-0.005	-0.001	-0.003	
46.10	0.260	0.270	-0.024	0.003	-0.000	0.002	
46.15	0.258	0.270	-0.023	0.019	0.000	-0.008	
46.20	0.257	0.270	-0.022	0.036	-0.001	-0.010	
46.25	0.256	0.270	-0.019	0.044	-0.002	0.009	
46.30	0.255	0.269	-0.017	0.046	0.000	0.021	
46.35	0.255	0.270	-0.015	0.053	0.002	0.005	
46.40	0.254	0.270	-0.012	0.062	0.001	-0.017	
46.45	0.253	0.270	-0.009	0.067	-0.002	-0.011	
46.50	0.253	0.269	-0.005	0.070	-0.001	0.009	
46.55	0.253	0.270	-0.002	0.071	0.001	0.003	
46.60	0.253	0.270	0.002	0.072	-0.001	-0.004	
46.65	0.253	0.269	0.006	0.065	-0.001	0.010	
46.70	0.253	0.270	0.009	0.056	0.001	0.012	
46.75	0.254	0.270	0.011	0.056	0.001	-0.000	
46.80	0.255	0.270	0.015	0.050	0.001	-0.013	
46.85	0.255	0.270	0.017	0.034	-0.001	-0.013	
46.90	0.256	0.270	0.018	0.026	-0.001	-0.001	
46.95	0.257	0.270	0.019	0.023	0.000	-0.001	
47.00	0.258	0.270	0.020	0.015	-0.001	-0.001	
47.05	0.259	0.269	0.020	0.006	-0.001	0.018	
47.10	0.260	0.269	0.021	-0.001	0.002	0.017	
47.15	0.261	0.270	0.020	-0.008	0.002	-0.009	
47.20	0.262	0.270	0.020	-0.016	-0.000	-0.015	
47.25	0.263	0.270	0.018	-0.018	-0.001	-0.000	
47.30	0.264	0.270	0.018	-0.025	0.000	0.003	
47.35	0.265	0.270	0.017	-0.053	0.000	-0.003	
47.40	0.266	0.270	0.013	-0.073	-0.001	0.001	
47.45	0.266	0.270	0.009	-0.073	0.000	-0.001	
47.50	0.267	0.270	0.005	-0.070	-0.000	-0.006	
47.55	0.267	0.270	0.002	-0.065	-0.001	0.008	
47.60	0.267	0.269	-0.001	-0.060	0.001	0.014	
47.65	0.267	0.270	-0.004	-0.061	0.002	-0.005	
47.70	0.267	0.270	-0.007	-0.064	-0.000	-0.012	
47.75	0.266	0.270	-0.011	-0.053	-0.001	0.001	
47.80	0.265	0.270	-0.013	-0.031	0.000	0.003	
47.85	0.265	0.270	-0.014	-0.018	0.000	-0.003	
47.90	0.264	0.270	-0.014	-0.018	-0.001	0.002	
47.95	0.263	0.270	-0.015	-0.022	0.001	-0.001	
48.00	0.262	0.270	-0.017	-0.019	-0.000	-0.009	
48.05	0.262	0.270	-0.017	-0.013	-0.001	-0.003	
48.10	0.261	0.270	-0.018	-0.002	-0.001	0.011	
48.15	0.260	0.269	-0.018	0.015	0.000	0.019	
48.20	0.259	0.270	-0.016	0.020	0.002	0.005	
48.25	0.258	0.270	-0.016	0.019	0.001	-0.014	
48.30	0.257	0.270	-0.015	0.026	-0.001	-0.011	
48.35	0.257	0.270	-0.013	0.038	-0.001	0.005	
48.40	0.256	0.270	-0.011	0.044	0.001	0.006	
48.45	0.256	0.270	-0.009	0.044	0.001	-0.007	
48.50	0.255	0.270	-0.006	0.049	-0.001	-0.010	
48.55	0.255	0.270	-0.004	0.054	-0.001	0.001	
48.60	0.255	0.270	-0.001	0.060	0.000	-0.000	
48.65	0.255	0.270	0.002	0.067	-0.001	-0.002	
48.70	0.255	0.269	0.006	0.059	-0.001	0.008	
48.75	0.255	0.270	0.009	0.036	0.001	0.007	
48.80	0.256	0.270	0.009	0.022	0.000	-0.000	
48.85	0.256	0.270	0.010	0.022	0.000	0.000	
48.90	0.257	0.270	0.012	0.021	0.000	0.003	
48.95	0.257	0.270	0.012	0.021	0.000	0.006	
49.00	0.258	0.270	0.014	0.020	0.001	0.000	
49.05	0.259	0.270	0.015	0.010	0.001	-0.013	
49.10	0.260	0.270	0.015	-0.003	-0.001	-0.014	
49.15	0.260	0.270	0.014	-0.010	-0.001	-0.001	
49.20	0.261	0.270	0.014	-0.012	-0.001	0.007	
49.25	0.262	0.270	0.013	-0.017	-0.001	0.014	
49.30	0.262	0.269	0.012	-0.024	0.001	0.012	
49.35	0.263	0.270	0.011	-0.027	0.002	-0.009	
49.40	0.263	0.270	0.010	-0.034	-0.001	-0.015	
49.45	0.264	0.270	0.007	-0.041	-0.001	0.001	
49.50	0.264	0.270	0.005	-0.043	-0.000	0.010	
49.55	0.264	0.270	0.003	-0.046	0.001	0.005	
49.60	0.264	0.270	0.000	-0.044	0.000	0.000	
49.65	0.264	0.270	-0.002	-0.039	0.000	0.002	
49.70	0.264	0.270	-0.003	-0.035	0.001	-0.001	
49.75	0.264	0.270	-0.005	-0.031	0.000	-0.005	
49.80	0.264	0.270	-0.007	-0.029	0.000	-0.002	
49.85	0.263	0.270	-0.008	-0.030	0.000	0.001	
49.90	0.263	0.270	-0.010	-0.027	0.000	0.003	
49.95	0.262	0.270	-0.011	-0.012	0.001	-0.003	
50.00	0.262	0.270	-0.011	-0.000	0.000	-0.009	
50.05	0.261	0.270	-0.011	0.004	-0.001	-0.004	
50.10	0.261	0.270	-0.011	0.013	-0.000	-0.003	
50.15	0.260	0.270	-0.009	0.015	-0.000	-0.016	
50.20	0.260	0.270	-0.008	-0.001	-0.002	-0.018	
50.25	0.259	0.269	-0.010	-0.009	-0.003	0.007	
50.30	0.259	0.269	-0.010	-0.000	-0.001	0.020	
50.35	0.258	0.269	-0.010	0.014	-0.000	0.014	
50.40	0.258	0.269	-0.008	0.026	0.000	0.010	
50.45	0.258	0.269	-0.007	0.032	0.000	0.010	
50.50	0.257	0.269	-0.005	0.034	0.001	0.006	
50.55	0.257	0.270	-0.003	0.034	0.001	-0.004	
50.60	0.257	0.270	-0.002	0.034	0.001	-0.014	
50.65	0.257	0.270	0.000	0.032	-0.001	-0.010	
50.70	0.257	0.269	0.002	0.029	-0.001	0.008	
50.75	0.257	0.270	0.003	0.024	0.001	0.010	
50.80	0.257	0.270	0.004	0.024	0.001	-0.003	
50.85	0.257	0.270	0.005	0.027	0.000	-0.010	
50.90	0.258	0.270	0.007	0.025	-0.001	-0.001	
50.95	0.258	0.270	0.008	0.017	0.000	0.006	
51.00	0.259	0.270	0.008	0.007	0.001	-0.001	
51.05	0.259	0.270	0.009	0.002	-0.000	-0.008	
51.10	0.259	0.270	0.009	-0.001	-0.001	0.002	
51.15	0.260	0.270	0.008	-0.005	-0.000	0.019	
51.20	0.260	0.269	0.008	-0.010	0.002	0.017	
51.25	0.261	0.270	0.007	-0.010	0.002	-0.007	
51.30	0.261	0.270	0.007	-0.007	0.001	-0.018	
51.35	0.261	0.270	0.007	-0.009	-0.000	-0.016	
51.40	0.262	0.270	0.006	-0.017	-0.001	-0.008	
51.45	0.262	0.270	0.005	-0.023	-0.001	-0.003	
51.50	0.262	0.270	0.004	-0.021	-0.001	0.001	
51.55	0.262	0.270	0.003	-0.013	-0.001	0.010	
51.60	0.262	0.270	0.003	-0.016	0.000	0.011	
51.65	0.263	0.270	0.002	-0.037	0.001	-0.005	
51.70	0.263	0.270	-0.001	-0.048	-0.001	-0.012	
51.75	0.263	0.269	-0.004	-0.036	-0.002	0.015	
51.80	0.262	0.269	-0.005	-0.019	0.002	0.017	
51.85	0.262	0.270	-0.005	-0.010	0.001	-0.009	
51.90	0.262	0.270	-0.006	-0.003	-0.000	-0.012	
51.95	0.261	0.270	-0.006	-0.000	0.000	-0.012	
52.00	0.261	0.270	-0.006	-0.006	-0.002	-0.003	
52.05	0.261	0.269	-0.006	-0.007	-0.001	0.016	
52.10	0.261	0.270	-0.007	0.000	0.001	0.007	
52.15	0.260	0.270	-0.006	0.008	0.000	-0.009	
52.20	0.260	0.270	-0.006	0.011	-0.001	-0.004	
52.25	0.260	0.270	-0.005	0.010	-0.000	0.002	
52.30	0.259	0.270	-0.005	0.012	-0.000	0.003	
52.35	0.259	0.270	-0.004	0.012	0.000	0.001	
52.40	0.259	0.270	-0.003	0.012	0.000	0.000	
52.45	0.259	0.270	-0.003	0.017	0.000	0.000	
52.50	0.259	0.270	-0.002	0.020	0.000	0.002	
52.55	0.259	0.270	-0.000	0.017	0.000	0.005	
52.60	0.259	0.270	0.000	0.014	0.000	0.008	
52.65	0.259	0.270	0.000	0.017	0.001	0.003	
52.70	0.259	0.270	0.002	0.020	0.001	-0.009	
52.75	0.259	0.270	0.003	0.015	0.000	-0.014	
52.80	0.259	0.270	0.003	0.008	-0.001	-0.005	
52.85	0.259	0.270	0.003	0.006	-0.001	0.011	
52.90	0.259	0.270	0.004	0.010	0.001	0.012	
52.95	0.259	0.270	0.004	0.016	0.001	0.000	
53.00	0.260	0.270	0.006	0.010	0.000	-0.005	
53.05	0.260	0.270	0.006	-0.010	0.000	-0.002	
53.10	0.260	0.270	0.004	-0.016	0.000	-0.000	
53.15	0.261	0.270	0.004	-0.011	0.001	-0.008	
53.20	0.261	0.270	0.003	-0.010	-0.000	-0.018	
53.25	0.261	0.270	0.003	-0.014	-0.002	-0.008	
53.30	0.261	0.270	0.002	-0.017	-0.002	0.008	
53.35	0.261	0.270	0.001	-0.012	-0.000	0.011	
53.40	0.261	0.270	0.001	-0.012	-0.000	0.006	
53.45	0.261	0.270	-0.000	-0.017	0.000	0.002	
53.50	0.261	0.270	-0.001	-0.014	0.000	0.001	
53.55	0.261	0.270	-0.002	-0.008	0.000	0.002	
53.60	0.261	0.270	-0.002	-0.007	0.000	0.005	
53.65	0.261	0.270	-0.002	-0.010	0.000	0.008	
53.70	0.261	0.270	-0.003	-0.008	0.001	0.005	
53.75	0.261	0.270	-0.003	-0.000	0.001	-0.005	
53.80	0.260	0.270	-0.003	0.007	0.000	-0.007	
53.85	0.260	0.270	-0.002	0.006	0.000	-0.005	
53.90	0.260	0.270	-0.002	0.000	0.000	-0.008	
53.95	0.260	0.270	-0.003	0.002	0.000	-0.019	
54.00	0.260	0.270	-0.002	0.007	-0.002	-0.019	
54.05	0.260	0.269	-0.002	0.008	-0.003	0.008	
54.10	0.260	0.269	-0.001	0.011	-0.001	0.024	
54.15	0.260	0.269	-0.000	0.010	0.000	0.022	
54.20	0.260	0.269	-0.000	0.006	0.001	0.014	
54.25	0.260	0.270	0.000	0.007	0.002	0.004	
54.30	0.260	0.270	0.000	0.015	0.002	-0.004	
54.35	0.260	0.270	0.001	0.026	0.001	-0.013	
54.40	0.260	0.270	0.004	0.019	0.000	-0.015	
54.45	0.260	0.270	0.004	-0.005	-0.001	-0.007	
54.50	0.260	0.270	0.002	-0.015	-0.000	-0.002	
54.55	0.260	0.270	0.002	-0.011	-0.000	-0.007	
54.60	0.260	0.270	0.002	-0.009	-0.001	-0.006	
54.65	0.261	0.270	0.001	-0.011	-0.002	0.002	
54.70	0.261	0.269	0.000	-0.010	-0.001	0.015	
54.75	0.261	0.269	0.000	-0.005	0.000	0.022	
54.80	0.261	0.269	0.000	-0.002	0.002	0.017	
54.85	0.261	0.270	0.000	-0.002	0.002	0.000	
54.90	0.261	0.270	-0.000	-0.005	0.002	-0.017	
54.95	0.261	0.270	-0.000	-0.008	0.000	-0.021	
55.00	0.261	0.270	-0.001	-0.007	-0.001	-0.011	
55.05	0.260	0.270	-0.001	-0.000	-0.001	0.002	
55.10	0.260	0.270	-0.001	-0.002	-0.000	0.006	
55.15	0.260	0.270	-0.001	-0.005	-0.000	0.000	
55.20	0.260	0.270	-0.002	-0.003	-0.000	-0.004	
55.25	0.260	0.270	-0.002	-0.001	-0.001	0.000	
55.30	0.260	0.269	-0.002	0.001	-0.001	0.013	
55.35	0.260	0.269	-0.002	0.005	0.001	0.013	
55.40	0.260	0.270	-0.001	0.008	0.001	0.001	
55.45	0.260	0.270	-0.000	0.007	0.000	-0.003	
55.50	0.260	0.270	-0.000	0.002	0.000	0.005	
55.55	0.260	0.270	-0.001	0.005	0.001	0.014	
55.60	0.260	0.270	0.000	0.010	0.002	0.009	
55.65	0.260	0.270	0.001	0.006	0.002	-0.010	
55.70	0.260	0.270	0.000	0.005	0.001	-0.020	
55.75	0.260	0.270	0.001	0.015	0.000	-0.018	
55.80	0.260	0.270	0.002	0.021	-0.001	-0.018	
55.85	0.260	0.270	0.004	0.009	-0.002	-0.006	
55.90	0.260	0.270	0.003	-0.010	-0.002	0.016	
55.95	0.260	0.270	0.002	-0.016	0.000	0.016	
56.00	0.261	0.270	0.001	-0.016	0.001	-0.002	
56.05	0.261	0.270	0.000	-0.012	-0.001	-0.006	
56.10	0.261	0.270	0.000	-0.006	-0.001	0.005	
56.15	0.261	0.270	0.000	-0.004	0.000	0.005	
56.20	0.261	0.270	-0.000	-0.005	0.000	-0.000	
56.25	0.261	0.270	-0.000	-0.008	-0.000	0.008	
56.30	0.261	0.270	-0.001	-0.005	0.001	0.011	
56.35	0.260	0.270	-0.001	0.003	0.001	0.001	
56.40	0.260	0.270	-0.000	0.003	0.001	-0.010	
56.45	0.260	0.270	-0.000	-0.004	0.000	-0.014	
56.50	0.260	0.270	-0.001	-0.005	-0.001	-0.006	
56.55	0.260	0.270	-0.001	0.001	-0.000	-0.001	
56.60	0.260	0.270	-0.001	0.000	-0.000	-0.006	
56.65	0.260	0.270	-0.001	-0.001	-0.001	-0.014	
56.70	0.260	0.270	-0.001	0.005	-0.002	-0.008	
56.75	0.260	0.269	-0.000	0.004	-0.002	0.014	
56.80	0.260	0.269	-0.000	-0.003	-0.000	0.024	
56.85	0.260	0.269	-0.001	-0.003	0.001	0.014	
56.90	0.260	0.270	-0.001	0.007	0.001	-0.001	
56.95	0.260	0.270	-0.000	0.013	0.000	-0.006	
57.00	0.260	0.270	0.000	0.013	0.000	-0.000	
57.05	0.260	0.270	0.001	0.008	0.000	0.005	
57.10	0.260	0.270	0.001	0.001	0.001	0.002	
57.15	0.260	0.270	0.001	0.006	0.001	-0.009	
57.20	0.260	0.270	0.001	0.019	-0.000	-0.007	
57.25	0.260	0.270	0.004	0.011	0.000	0.000	
57.30	0.261	0.270	0.004	-0.018	0.000	-0.008	
57.35	0.261	0.270	0.001	-0.027	-0.001	-0.011	
57.40	0.261	0.270	-0.001	-0.011	-0.001	-0.002	
57.45	0.260	0.270	0.000	0.002	-0.001	0.008	
57.50	0.261	0.269	0.001	-0.003	-0.000	0.011	
57.55	0.261	0.270	-0.000	-0.011	0.001	0.002	
57.60	0.261	0.270	-0.001	-0.008	-0.001	0.000	
57.65	0.260	0.269	-0.001	0.003	0.000	0.007	
57.70	0.260	0.270	-0.000	0.006	0.001	0.001	
57.75	0.260	0.270	-0.000	-0.000	0.000	-0.005	
57.80	0.260	0.270	-0.000	-0.007	0.000	-0.008	
57.85	0.260	0.270	-0.001	-0.006	-0.000	-0.009	
57.90	0.260	0.270	-0.001	0.000	-0.001	-0.003	
57.95	0.260	0.269	-0.001	-0.000	-0.001	0.011	
58.00	0.260	0.269	-0.001	-0.002	0.000	0.021	
58.05	0.260	0.269	-0.001	0.002	0.002	0.017	
58.10	0.260	0.270	-0.001	0.000	0.003	-0.004	
58.15	0.260	0.270	-0.001	-0.000	0.002	-0.030	
58.20	0.260	0.270	-0.001	0.007	-0.002	-0.027	
58.25	0.260	0.269	-0.000	0.008	-0.003	0.008	
58.30	0.260	0.269	-0.000	0.005	0.000	0.022	
58.35	0.260	0.270	0.000	0.004	0.001	0.009	
58.40	0.260	0.270	0.000	0.005	0.000	0.002	
58.45	0.260	0.270	0.000	0.009	0.000	0.004	
58.50	0.260	0.270	0.001	0.010	0.001	0.003	
58.55	0.260	0.270	0.002	0.009	0.001	-0.005	
58.60	0.260	0.270	0.002	0.016	0.000	-0.008	
58.65	0.260	0.270	0.004	0.010	0.000	-0.007	
58.70	0.261	0.270	0.004	-0.017	-0.000	-0.007	
58.75	0.261	0.270	0.001	-0.026	-0.000	-0.009	
58.80	0.261	0.270	0.000	-0.019	-0.001	-0.004	
58.85	0.261	0.270	-0.000	-0.013	-0.001	0.009	
58.90	0.261	0.270	-0.001	-0.006	-0.001	0.022	
58.95	0.260	0.269	-0.001	0.003	0.002	0.015	
59.00	0.260	0.270	-0.000	0.003	0.002	-0.011	
59.05	0.260	0.270	-0.000	-0.004	-0.000	-0.014	
59.10	0.260	0.270	-0.001	-0.005	-0.001	0.002	
59.15	0.260	0.270	-0.001	0.000	0.001	0.000	
59.20	0.260	0.270	-0.001	-0.002	0.001	-0.024	
59.25	0.260	0.270	-0.001	-0.005	-0.003	-0.023	
59.30	0.260	0.269	-0.002	-0.001	-0.003	0.013	
59.35	0.260	0.269	-0.002	0.004	-0.001	0.033	
59.40	0.260	0.269	-0.001	0.010	0.001	0.026	
59.45	0.260	0.270	-0.000	0.010	0.002	0.005	
59.50	0.260	0.270	-0.000	0.005	0.002	-0.015	
59.55	0.260	0.270	0.000	0.002	0.000	-0.020	
59.60	0.260	0.270	0.000	0.001	-0.001	-0.018	
59.65	0.260	0.270	0.000	0.002	-0.002	-0.004	
59.70	0.260	0.269	0.000	0.005	-0.001	0.014	
59.75	0.260	0.270	0.000	0.008	0.000	0.011	
59.80	0.260	0.270	0.001	0.005	0.000	-0.001	
59.85	0.260	0.270	0.001	-0.005	0.000	-0.007	
59.90	0.260	0.270	0.000	-0.008	-0.000	-0.013	
59.95	0.260	0.270	0.000	-0.006	-0.001	-0.018	
60.00	0.260	0.269	0.000	-0.004	-0.002	-0.021	
