Vernier Format 2
run35.txt 10/10/2025 15:25:37
Run 1
Time	Position	Position	Velocity	Acceleration	Velocity	Acceleration	
T	P	P	V	A	V	A	
s	m	m	m/s	m/s^2	m/s	m/s^2	

0.00	0.319	0.228	-0.332	-0.175	0.300	0.036	
0.05	0.303	0.243	-0.341	-0.171	0.303	0.018	
0.10	0.285	0.258	-0.351	-0.138	0.304	-0.024	
0.15	0.267	0.274	-0.357	-0.048	0.302	-0.107	
0.20	0.249	0.289	-0.358	0.106	0.294	-0.222	
0.25	0.231	0.303	-0.351	0.383	0.280	-0.344	
0.30	0.214	0.317	-0.328	0.849	0.260	-0.462	
0.35	0.197	0.329	-0.276	1.457	0.233	-0.564	
0.40	0.183	0.341	-0.169	1.754	0.203	-0.646	
0.45	0.180	0.350	-0.065	1.346	0.168	-0.716	
0.50	0.180	0.358	-0.025	0.711	0.131	-0.771	
0.55	0.179	0.363	-0.009	0.324	0.090	-0.799	
0.60	0.179	0.366	-0.003	0.151	0.050	-0.814	
0.65	0.178	0.368	0.005	0.054	0.009	-0.823	
0.70	0.180	0.367	0.002	-0.010	-0.033	-0.813	
0.75	0.178	0.365	0.001	-0.009	-0.073	-0.796	
0.80	0.180	0.360	0.001	0.036	-0.113	-0.768	
0.85	0.179	0.353	-0.005	0.306	-0.151	-0.701	
0.90	0.179	0.345	0.016	0.878	-0.184	-0.611	
0.95	0.179	0.335	0.077	1.517	-0.211	-0.537	
1.00	0.184	0.324	0.188	1.743	-0.237	-0.469	
1.05	0.198	0.311	0.283	1.333	-0.260	-0.360	
1.10	0.215	0.297	0.327	0.740	-0.275	-0.223	
1.15	0.232	0.283	0.346	0.326	-0.282	-0.086	
1.20	0.250	0.269	0.353	0.070	-0.283	0.039	
1.25	0.268	0.255	0.351	-0.107	-0.278	0.162	
1.30	0.285	0.241	0.341	-0.252	-0.267	0.284	
1.35	0.302	0.228	0.325	-0.393	-0.249	0.390	
1.40	0.318	0.216	0.301	-0.525	-0.228	0.488	
1.45	0.332	0.205	0.272	-0.629	-0.200	0.584	
1.50	0.345	0.195	0.238	-0.725	-0.169	0.666	
1.55	0.356	0.188	0.200	-0.824	-0.133	0.734	
1.60	0.365	0.182	0.155	-0.908	-0.095	0.798	
1.65	0.372	0.178	0.107	-0.963	-0.053	0.842	
1.70	0.376	0.177	0.058	-0.992	-0.009	0.836	
1.75	0.378	0.177	0.007	-0.999	0.032	0.804	
1.80	0.377	0.180	-0.043	-0.987	0.072	0.768	
1.85	0.374	0.185	-0.092	-0.959	0.109	0.723	
1.90	0.368	0.191	-0.140	-0.907	0.145	0.657	
1.95	0.359	0.199	-0.184	-0.823	0.175	0.579	
2.00	0.349	0.209	-0.223	-0.722	0.202	0.502	
2.05	0.337	0.220	-0.256	-0.627	0.227	0.399	
2.10	0.323	0.232	-0.285	-0.536	0.243	0.279	
2.15	0.308	0.244	-0.310	-0.432	0.254	0.182	
2.20	0.292	0.257	-0.329	-0.302	0.261	0.078	
2.25	0.275	0.270	-0.341	-0.153	0.263	-0.049	
2.30	0.258	0.284	-0.344	-0.013	0.257	-0.183	
2.35	0.240	0.297	-0.342	0.143	0.243	-0.289	
2.40	0.223	0.308	-0.334	0.420	0.226	-0.363	
2.45	0.207	0.319	-0.314	0.964	0.208	-0.453	
2.50	0.190	0.329	-0.247	1.627	0.182	-0.560	
2.55	0.179	0.338	-0.126	1.777	0.150	-0.637	
2.60	0.179	0.344	-0.034	1.215	0.116	-0.669	
2.65	0.179	0.349	-0.003	0.546	0.083	-0.692	
2.70	0.179	0.353	0.008	0.121	0.048	-0.727	
2.75	0.181	0.354	-0.001	-0.052	0.010	-0.749	
2.80	0.179	0.354	-0.008	0.012	-0.029	-0.728	
2.85	0.179	0.351	-0.000	0.102	-0.065	-0.678	
2.90	0.179	0.347	0.008	0.111	-0.096	-0.647	
2.95	0.180	0.342	0.011	0.156	-0.128	-0.634	
3.00	0.180	0.334	0.010	0.487	-0.161	-0.579	
3.05	0.180	0.325	0.039	1.182	-0.188	-0.483	
3.10	0.181	0.315	0.133	1.741	-0.209	-0.388	
3.15	0.192	0.304	0.250	1.579	-0.227	-0.288	
3.20	0.209	0.292	0.314	0.919	-0.239	-0.174	
3.25	0.225	0.280	0.332	0.381	-0.243	-0.076	
3.30	0.242	0.268	0.339	0.105	-0.246	0.011	
3.35	0.259	0.255	0.339	-0.058	-0.244	0.124	
3.40	0.276	0.243	0.332	-0.191	-0.234	0.250	
3.45	0.293	0.232	0.320	-0.316	-0.218	0.360	
3.50	0.309	0.221	0.301	-0.443	-0.197	0.445	
3.55	0.323	0.212	0.276	-0.566	-0.173	0.518	
3.60	0.336	0.204	0.244	-0.681	-0.145	0.591	
3.65	0.348	0.197	0.206	-0.775	-0.114	0.657	
3.70	0.357	0.192	0.165	-0.844	-0.079	0.723	
3.75	0.364	0.189	0.122	-0.901	-0.040	0.749	
3.80	0.370	0.188	0.075	-0.942	-0.002	0.733	
3.85	0.372	0.189	0.026	-0.957	0.033	0.713	
3.90	0.372	0.192	-0.021	-0.956	0.070	0.673	
3.95	0.370	0.196	-0.070	-0.939	0.102	0.613	
4.00	0.365	0.202	-0.117	-0.890	0.131	0.553	
4.05	0.358	0.209	-0.160	-0.819	0.157	0.495	
4.10	0.349	0.218	-0.199	-0.738	0.181	0.431	
4.15	0.338	0.228	-0.234	-0.652	0.201	0.349	
4.20	0.326	0.238	-0.264	-0.559	0.217	0.245	
4.25	0.311	0.250	-0.290	-0.447	0.226	0.133	
4.30	0.296	0.261	-0.310	-0.321	0.229	0.037	
4.35	0.280	0.273	-0.322	-0.193	0.229	-0.049	
4.40	0.264	0.284	-0.329	-0.054	0.225	-0.152	
4.45	0.247	0.295	-0.328	0.103	0.214	-0.268	
4.50	0.231	0.306	-0.320	0.305	0.196	-0.354	
4.55	0.215	0.315	-0.303	0.631	0.178	-0.420	
4.60	0.200	0.324	-0.266	1.112	0.155	-0.496	
4.65	0.186	0.331	-0.192	1.544	0.127	-0.554	
4.70	0.179	0.336	-0.087	1.481	0.099	-0.600	
4.75	0.180	0.341	-0.020	0.938	0.068	-0.640	
4.80	0.179	0.343	0.004	0.393	0.034	-0.649	
4.85	0.180	0.344	0.009	0.035	0.002	-0.641	
4.90	0.181	0.343	-0.002	-0.102	-0.030	-0.636	
4.95	0.180	0.341	-0.010	-0.029	-0.062	-0.626	
5.00	0.179	0.337	-0.006	0.101	-0.094	-0.588	
5.05	0.179	0.332	0.001	0.248	-0.121	-0.534	
5.10	0.179	0.325	0.014	0.532	-0.147	-0.478	
5.15	0.180	0.317	0.041	1.058	-0.170	-0.399	
5.20	0.181	0.308	0.116	1.575	-0.187	-0.311	
5.25	0.190	0.298	0.228	1.501	-0.201	-0.231	
5.30	0.206	0.287	0.292	0.924	-0.210	-0.156	
5.35	0.221	0.277	0.313	0.428	-0.217	-0.075	
5.40	0.238	0.266	0.322	0.153	-0.219	0.034	
5.45	0.254	0.255	0.325	-0.012	-0.214	0.152	
5.50	0.270	0.244	0.321	-0.149	-0.202	0.240	
5.55	0.286	0.234	0.309	-0.272	-0.189	0.313	
5.60	0.301	0.225	0.294	-0.391	-0.172	0.399	
5.65	0.316	0.217	0.270	-0.512	-0.149	0.481	
5.70	0.329	0.210	0.242	-0.615	-0.123	0.549	
5.75	0.340	0.204	0.208	-0.699	-0.094	0.607	
5.80	0.350	0.201	0.171	-0.763	-0.062	0.642	
5.85	0.357	0.198	0.132	-0.824	-0.029	0.664	
5.90	0.363	0.198	0.088	-0.878	0.006	0.651	
5.95	0.366	0.199	0.043	-0.907	0.038	0.604	
6.00	0.367	0.202	-0.003	-0.912	0.066	0.570	
6.05	0.366	0.205	-0.049	-0.895	0.094	0.545	
6.10	0.362	0.211	-0.094	-0.861	0.121	0.499	
6.15	0.356	0.218	-0.136	-0.808	0.145	0.436	
6.20	0.348	0.226	-0.175	-0.738	0.165	0.366	
6.25	0.339	0.234	-0.210	-0.651	0.182	0.279	
6.30	0.327	0.244	-0.240	-0.555	0.193	0.189	
6.35	0.315	0.254	-0.266	-0.452	0.201	0.104	
6.40	0.300	0.264	-0.286	-0.345	0.204	0.004	
6.45	0.286	0.275	-0.300	-0.250	0.201	-0.093	
6.50	0.270	0.285	-0.312	-0.135	0.194	-0.175	
6.55	0.254	0.294	-0.315	0.010	0.184	-0.249	
6.60	0.238	0.303	-0.311	0.167	0.169	-0.316	
6.65	0.223	0.311	-0.299	0.384	0.152	-0.378	
6.70	0.209	0.318	-0.282	0.793	0.132	-0.443	
6.75	0.193	0.324	-0.228	1.313	0.107	-0.498	
6.80	0.184	0.329	-0.134	1.472	0.080	-0.521	
6.85	0.181	0.332	-0.056	1.125	0.054	-0.534	
6.90	0.180	0.335	-0.014	0.600	0.028	-0.558	
6.95	0.180	0.335	-0.003	0.184	-0.002	-0.575	
7.00	0.180	0.334	-0.009	0.044	-0.031	-0.565	
7.05	0.179	0.332	-0.006	0.088	-0.059	-0.544	
7.10	0.179	0.329	0.001	0.135	-0.086	-0.520	
7.15	0.179	0.323	0.010	0.181	-0.112	-0.473	
7.20	0.181	0.317	0.015	0.355	-0.134	-0.403	
7.25	0.181	0.310	0.025	0.883	-0.152	-0.324	
7.30	0.180	0.302	0.096	1.479	-0.166	-0.253	
7.35	0.188	0.293	0.205	1.464	-0.177	-0.190	
7.40	0.203	0.284	0.269	0.924	-0.185	-0.119	
7.45	0.217	0.275	0.290	0.453	-0.189	-0.044	
7.50	0.232	0.265	0.302	0.203	-0.190	0.039	
7.55	0.247	0.255	0.308	0.048	-0.186	0.125	
7.60	0.263	0.246	0.307	-0.087	-0.177	0.209	
7.65	0.279	0.238	0.298	-0.210	-0.165	0.299	
7.70	0.293	0.229	0.285	-0.314	-0.147	0.380	
7.75	0.307	0.223	0.267	-0.418	-0.126	0.439	
7.80	0.320	0.217	0.244	-0.534	-0.103	0.491	
7.85	0.332	0.212	0.214	-0.646	-0.076	0.524	
7.90	0.342	0.209	0.178	-0.728	-0.050	0.540	
7.95	0.350	0.207	0.140	-0.782	-0.023	0.562	
8.00	0.356	0.207	0.099	-0.821	0.007	0.573	
8.05	0.360	0.208	0.057	-0.850	0.036	0.551	
8.10	0.362	0.211	0.014	-0.866	0.063	0.507	
8.15	0.361	0.214	-0.030	-0.858	0.087	0.451	
8.20	0.358	0.220	-0.073	-0.829	0.108	0.392	
8.25	0.354	0.225	-0.114	-0.783	0.126	0.349	
8.30	0.347	0.232	-0.152	-0.727	0.143	0.309	
8.35	0.338	0.240	-0.187	-0.659	0.158	0.246	
8.40	0.328	0.248	-0.218	-0.579	0.168	0.168	
8.45	0.316	0.257	-0.245	-0.486	0.175	0.081	
8.50	0.303	0.266	-0.268	-0.374	0.176	-0.009	
8.55	0.289	0.275	-0.283	-0.253	0.174	-0.093	
8.60	0.275	0.283	-0.293	-0.136	0.167	-0.166	
8.65	0.260	0.291	-0.297	-0.014	0.157	-0.230	
8.70	0.245	0.299	-0.294	0.099	0.143	-0.286	
8.75	0.230	0.306	-0.287	0.226	0.128	-0.338	
8.80	0.216	0.312	-0.274	0.441	0.110	-0.395	
8.85	0.203	0.317	-0.253	0.849	0.088	-0.449	
8.90	0.189	0.321	-0.195	1.313	0.064	-0.485	
8.95	0.181	0.323	-0.102	1.376	0.038	-0.493	
9.00	0.180	0.324	-0.032	0.942	0.014	-0.476	
9.05	0.181	0.325	-0.007	0.449	-0.008	-0.471	
9.10	0.180	0.324	0.001	0.162	-0.033	-0.477	
9.15	0.181	0.321	0.004	0.008	-0.057	-0.460	
9.20	0.181	0.318	-0.003	-0.003	-0.080	-0.422	
9.25	0.180	0.313	-0.002	0.134	-0.100	-0.371	
9.30	0.181	0.308	0.005	0.420	-0.117	-0.315	
9.35	0.180	0.301	0.028	0.920	-0.131	-0.261	
9.40	0.181	0.295	0.097	1.363	-0.143	-0.206	
9.45	0.188	0.287	0.190	1.309	-0.153	-0.138	
9.50	0.202	0.279	0.248	0.851	-0.158	-0.060	
9.55	0.215	0.271	0.269	0.449	-0.158	0.015	
9.60	0.229	0.263	0.283	0.228	-0.155	0.079	
9.65	0.243	0.256	0.290	0.087	-0.151	0.147	
9.70	0.258	0.248	0.292	-0.036	-0.141	0.222	
9.75	0.273	0.241	0.286	-0.159	-0.128	0.295	
9.80	0.287	0.235	0.275	-0.267	-0.111	0.362	
9.85	0.300	0.230	0.260	-0.376	-0.091	0.399	
9.90	0.313	0.226	0.238	-0.487	-0.071	0.429	
9.95	0.324	0.223	0.210	-0.581	-0.048	0.459	
10.00	0.334	0.221	0.179	-0.655	-0.024	0.468	
10.05	0.342	0.220	0.144	-0.719	-0.001	0.468	
10.10	0.349	0.221	0.106	-0.764	0.023	0.450	
10.15	0.353	0.223	0.067	-0.790	0.045	0.413	
10.20	0.356	0.226	0.027	-0.808	0.064	0.374	
10.25	0.356	0.229	-0.014	-0.818	0.082	0.348	
10.30	0.354	0.234	-0.056	-0.804	0.100	0.311	
10.35	0.350	0.239	-0.096	-0.758	0.114	0.249	
10.40	0.344	0.245	-0.132	-0.694	0.124	0.193	
10.45	0.337	0.252	-0.165	-0.627	0.133	0.145	
10.50	0.328	0.259	-0.195	-0.558	0.139	0.079	
10.55	0.317	0.266	-0.221	-0.487	0.141	0.018	
10.60	0.306	0.273	-0.245	-0.404	0.140	-0.030	
10.65	0.292	0.280	-0.263	-0.293	0.138	-0.094	
10.70	0.279	0.287	-0.274	-0.183	0.132	-0.172	
10.75	0.265	0.293	-0.281	-0.069	0.121	-0.237	
10.80	0.251	0.299	-0.281	0.045	0.107	-0.277	
10.85	0.237	0.304	-0.275	0.143	0.093	-0.307	
10.90	0.223	0.308	-0.267	0.273	0.077	-0.361	
10.95	0.210	0.312	-0.255	0.547	0.056	-0.412	
11.00	0.197	0.314	-0.221	0.970	0.034	-0.429	
11.05	0.186	0.315	-0.153	1.262	0.013	-0.424	
11.10	0.181	0.315	-0.074	1.132	-0.008	-0.411	
11.15	0.181	0.315	-0.026	0.706	-0.028	-0.403	
11.20	0.179	0.312	-0.008	0.342	-0.049	-0.390	
11.25	0.180	0.310	-0.001	0.153	-0.067	-0.363	
11.30	0.179	0.306	0.003	0.090	-0.086	-0.313	
11.35	0.181	0.301	0.006	0.125	-0.100	-0.248	
11.40	0.180	0.296	0.003	0.421	-0.109	-0.213	
11.45	0.179	0.290	0.038	0.899	-0.121	-0.185	
11.50	0.183	0.283	0.102	1.194	-0.129	-0.137	
11.55	0.189	0.277	0.175	1.126	-0.135	-0.078	
11.60	0.201	0.270	0.228	0.769	-0.137	-0.011	
11.65	0.213	0.263	0.249	0.440	-0.136	0.059	
11.70	0.226	0.256	0.264	0.256	-0.131	0.123	
11.75	0.240	0.250	0.272	0.125	-0.123	0.177	
11.80	0.254	0.244	0.276	0.009	-0.113	0.229	
11.85	0.268	0.238	0.274	-0.107	-0.100	0.281	
11.90	0.281	0.234	0.264	-0.201	-0.084	0.319	
11.95	0.294	0.230	0.254	-0.305	-0.069	0.363	
12.00	0.307	0.227	0.236	-0.439	-0.049	0.412	
12.05	0.318	0.225	0.209	-0.547	-0.027	0.442	
12.10	0.328	0.224	0.179	-0.616	-0.003	0.440	
12.15	0.336	0.225	0.147	-0.670	0.019	0.409	
12.20	0.343	0.226	0.112	-0.716	0.037	0.389	
12.25	0.347	0.228	0.075	-0.754	0.057	0.376	
12.30	0.350	0.232	0.036	-0.773	0.075	0.349	
12.35	0.351	0.236	-0.003	-0.773	0.093	0.304	
12.40	0.350	0.241	-0.042	-0.754	0.107	0.234	
12.45	0.347	0.247	-0.079	-0.719	0.116	0.167	
12.50	0.342	0.253	-0.114	-0.676	0.123	0.119	
12.55	0.335	0.259	-0.147	-0.631	0.128	0.073	
12.60	0.327	0.266	-0.178	-0.570	0.131	0.017	
12.65	0.317	0.272	-0.205	-0.493	0.130	-0.051	
12.70	0.306	0.279	-0.228	-0.404	0.125	-0.113	
12.75	0.294	0.285	-0.246	-0.297	0.117	-0.152	
12.80	0.282	0.291	-0.258	-0.188	0.110	-0.185	
12.85	0.268	0.296	-0.265	-0.078	0.100	-0.234	
12.90	0.255	0.301	-0.265	0.033	0.087	-0.281	
12.95	0.242	0.305	-0.261	0.127	0.071	-0.324	
13.00	0.229	0.308	-0.252	0.215	0.054	-0.358	
13.05	0.216	0.310	-0.239	0.323	0.035	-0.382	
13.10	0.205	0.312	-0.226	0.552	0.015	-0.384	
13.15	0.193	0.312	-0.192	0.909	-0.004	-0.375	
13.20	0.184	0.311	-0.128	1.118	-0.022	-0.369	
13.25	0.180	0.310	-0.064	0.997	-0.041	-0.355	
13.30	0.179	0.307	-0.020	0.675	-0.058	-0.333	
13.35	0.179	0.304	0.006	0.304	-0.075	-0.295	
13.40	0.181	0.299	0.003	0.107	-0.088	-0.256	
13.45	0.179	0.295	0.004	0.190	-0.100	-0.227	
13.50	0.181	0.289	0.012	0.489	-0.112	-0.174	
13.55	0.179	0.283	0.048	0.880	-0.118	-0.110	
13.60	0.184	0.278	0.110	1.061	-0.122	-0.061	
13.65	0.190	0.271	0.168	0.944	-0.124	-0.003	
13.70	0.202	0.265	0.212	0.650	-0.122	0.055	
13.75	0.213	0.259	0.230	0.391	-0.118	0.093	
13.80	0.225	0.253	0.245	0.252	-0.113	0.134	
13.85	0.237	0.247	0.254	0.148	-0.106	0.197	
13.90	0.250	0.243	0.260	0.049	-0.093	0.249	
13.95	0.264	0.238	0.260	-0.072	-0.080	0.285	
14.00	0.277	0.234	0.253	-0.184	-0.065	0.317	
14.05	0.289	0.232	0.241	-0.277	-0.048	0.342	
14.10	0.301	0.230	0.225	-0.373	-0.030	0.362	
14.15	0.312	0.229	0.204	-0.470	-0.011	0.369	
14.20	0.321	0.229	0.177	-0.550	0.007	0.370	
14.25	0.330	0.229	0.148	-0.613	0.026	0.370	
14.30	0.336	0.231	0.116	-0.665	0.044	0.359	
14.35	0.341	0.234	0.081	-0.706	0.063	0.328	
14.40	0.345	0.238	0.044	-0.730	0.079	0.272	
14.45	0.346	0.242	0.007	-0.732	0.090	0.213	
14.50	0.345	0.247	-0.029	-0.716	0.099	0.171	
14.55	0.343	0.252	-0.065	-0.680	0.106	0.141	
14.60	0.339	0.257	-0.098	-0.633	0.113	0.106	
14.65	0.333	0.263	-0.128	-0.600	0.119	0.041	
14.70	0.326	0.269	-0.158	-0.571	0.118	-0.037	
14.75	0.317	0.275	-0.186	-0.507	0.113	-0.082	
14.80	0.307	0.281	-0.210	-0.409	0.109	-0.114	
14.85	0.296	0.286	-0.228	-0.303	0.103	-0.174	
14.90	0.284	0.291	-0.239	-0.208	0.092	-0.234	
14.95	0.272	0.295	-0.248	-0.113	0.078	-0.260	
15.00	0.259	0.299	-0.252	0.002	0.065	-0.267	
15.05	0.246	0.302	-0.248	0.110	0.052	-0.278	
15.10	0.234	0.304	-0.240	0.199	0.038	-0.304	
15.15	0.222	0.306	-0.228	0.298	0.022	-0.335	
15.20	0.211	0.306	-0.210	0.415	0.004	-0.346	
15.25	0.201	0.306	-0.192	0.620	-0.014	-0.330	
15.30	0.191	0.305	-0.149	0.819	-0.030	-0.301	
15.35	0.186	0.303	-0.101	0.838	-0.044	-0.277	
15.40	0.181	0.300	-0.059	0.722	-0.057	-0.265	
15.45	0.181	0.297	-0.026	0.531	-0.071	-0.254	
15.50	0.179	0.293	-0.010	0.415	-0.084	-0.218	
15.55	0.179	0.289	0.011	0.417	-0.093	-0.165	
15.60	0.181	0.284	0.028	0.530	-0.100	-0.119	
15.65	0.182	0.279	0.055	0.799	-0.105	-0.071	
15.70	0.184	0.273	0.114	0.928	-0.108	-0.008	
15.75	0.194	0.268	0.165	0.739	-0.106	0.049	
15.80	0.202	0.263	0.188	0.516	-0.101	0.084	
15.85	0.212	0.258	0.210	0.393	-0.097	0.115	
15.90	0.223	0.253	0.227	0.295	-0.091	0.159	
15.95	0.235	0.249	0.240	0.204	-0.081	0.203	
16.00	0.247	0.245	0.249	0.090	-0.071	0.245	
16.05	0.261	0.241	0.250	-0.048	-0.057	0.292	
16.10	0.273	0.239	0.243	-0.164	-0.040	0.315	
16.15	0.285	0.237	0.232	-0.251	-0.024	0.316	
16.20	0.296	0.236	0.218	-0.336	-0.008	0.312	
16.25	0.307	0.236	0.199	-0.423	0.007	0.303	
16.30	0.316	0.237	0.175	-0.507	0.023	0.283	
16.35	0.324	0.239	0.148	-0.578	0.036	0.258	
16.40	0.331	0.241	0.116	-0.628	0.047	0.248	
16.45	0.336	0.244	0.084	-0.658	0.061	0.235	
16.50	0.340	0.247	0.050	-0.682	0.072	0.206	
16.55	0.341	0.251	0.015	-0.695	0.082	0.168	
16.60	0.341	0.255	-0.020	-0.688	0.089	0.113	
16.65	0.339	0.260	-0.054	-0.665	0.093	0.057	
16.70	0.336	0.265	-0.087	-0.632	0.094	0.016	
16.75	0.330	0.269	-0.118	-0.591	0.094	-0.011	
16.80	0.324	0.274	-0.146	-0.541	0.093	-0.037	
16.85	0.316	0.279	-0.172	-0.476	0.091	-0.081	
16.90	0.306	0.283	-0.195	-0.393	0.086	-0.151	
16.95	0.296	0.287	-0.212	-0.298	0.075	-0.209	
17.00	0.285	0.291	-0.224	-0.212	0.064	-0.232	
17.05	0.274	0.294	-0.233	-0.128	0.052	-0.241	
17.10	0.262	0.296	-0.238	-0.028	0.040	-0.251	
17.15	0.250	0.298	-0.236	0.080	0.027	-0.275	
17.20	0.238	0.299	-0.230	0.186	0.012	-0.292	
17.25	0.226	0.299	-0.217	0.284	-0.004	-0.279	
17.30	0.216	0.298	-0.201	0.377	-0.016	-0.254	
17.35	0.206	0.297	-0.179	0.467	-0.028	-0.244	
17.40	0.198	0.296	-0.158	0.614	-0.040	-0.244	
17.45	0.189	0.293	-0.117	0.738	-0.053	-0.225	
17.50	0.186	0.290	-0.074	0.670	-0.064	-0.183	
17.55	0.183	0.287	-0.050	0.584	-0.072	-0.143	
17.60	0.181	0.283	-0.021	0.589	-0.078	-0.111	
17.65	0.181	0.279	0.010	0.602	-0.082	-0.091	
17.70	0.182	0.275	0.040	0.616	-0.088	-0.058	
17.75	0.185	0.270	0.066	0.704	-0.090	0.008	
17.80	0.188	0.266	0.111	0.757	-0.086	0.062	
17.85	0.196	0.261	0.153	0.618	-0.082	0.089	
17.90	0.204	0.257	0.173	0.460	-0.077	0.110	
17.95	0.213	0.254	0.194	0.370	-0.071	0.135	
18.00	0.224	0.250	0.211	0.286	-0.064	0.170	
18.05	0.235	0.247	0.223	0.201	-0.054	0.204	
18.10	0.246	0.245	0.231	0.103	-0.043	0.229	
18.15	0.258	0.243	0.234	-0.006	-0.032	0.254	
18.20	0.270	0.241	0.231	-0.117	-0.018	0.281	
18.25	0.281	0.241	0.222	-0.213	-0.002	0.289	
18.30	0.292	0.241	0.209	-0.292	0.012	0.278	
18.35	0.302	0.242	0.193	-0.377	0.025	0.260	
18.40	0.312	0.244	0.171	-0.467	0.038	0.233	
18.45	0.320	0.246	0.145	-0.537	0.048	0.208	
18.50	0.326	0.249	0.117	-0.591	0.059	0.181	
18.55	0.331	0.252	0.085	-0.625	0.067	0.139	
18.60	0.335	0.256	0.053	-0.637	0.073	0.098	
18.65	0.337	0.259	0.021	-0.638	0.077	0.064	
18.70	0.337	0.263	-0.010	-0.645	0.079	0.040	
18.75	0.336	0.267	-0.043	-0.649	0.081	0.009	
18.80	0.333	0.271	-0.077	-0.620	0.080	-0.026	
18.85	0.328	0.275	-0.106	-0.575	0.078	-0.062	
18.90	0.322	0.279	-0.134	-0.533	0.074	-0.100	
18.95	0.315	0.283	-0.160	-0.475	0.068	-0.135	
19.00	0.306	0.286	-0.182	-0.389	0.060	-0.159	
19.05	0.296	0.289	-0.199	-0.295	0.052	-0.185	
19.10	0.286	0.292	-0.211	-0.210	0.042	-0.215	
19.15	0.275	0.293	-0.220	-0.128	0.030	-0.239	
19.20	0.264	0.295	-0.224	-0.041	0.018	-0.248	
19.25	0.252	0.295	-0.224	0.055	0.005	-0.244	
19.30	0.241	0.295	-0.219	0.153	-0.007	-0.234	
19.35	0.230	0.294	-0.209	0.238	-0.019	-0.212	
19.40	0.220	0.293	-0.194	0.297	-0.028	-0.193	
19.45	0.211	0.292	-0.178	0.344	-0.038	-0.185	
19.50	0.202	0.289	-0.164	0.479	-0.046	-0.176	
19.55	0.193	0.287	-0.135	0.692	-0.056	-0.158	
19.60	0.188	0.284	-0.090	0.808	-0.063	-0.127	
19.65	0.184	0.281	-0.044	0.735	-0.068	-0.093	
19.70	0.184	0.277	-0.012	0.561	-0.073	-0.047	
19.75	0.184	0.273	0.007	0.476	-0.073	-0.013	
19.80	0.185	0.270	0.026	0.578	-0.073	-0.002	
19.85	0.186	0.266	0.060	0.764	-0.074	0.023	
19.90	0.190	0.262	0.113	0.755	-0.071	0.063	
19.95	0.198	0.259	0.146	0.557	-0.067	0.098	
20.00	0.205	0.255	0.164	0.420	-0.062	0.138	
20.05	0.214	0.252	0.184	0.348	-0.053	0.174	
20.10	0.224	0.250	0.200	0.273	-0.044	0.197	
20.15	0.234	0.248	0.212	0.190	-0.033	0.205	
20.20	0.245	0.247	0.219	0.098	-0.022	0.196	
20.25	0.257	0.246	0.222	-0.004	-0.014	0.201	
20.30	0.268	0.245	0.218	-0.097	-0.003	0.226	
20.35	0.279	0.245	0.211	-0.175	0.010	0.228	
20.40	0.289	0.246	0.201	-0.253	0.020	0.210	
20.45	0.299	0.247	0.187	-0.340	0.030	0.202	
20.50	0.308	0.249	0.167	-0.433	0.041	0.184	
20.55	0.316	0.252	0.143	-0.513	0.049	0.161	
20.60	0.322	0.254	0.115	-0.563	0.057	0.135	
20.65	0.327	0.257	0.086	-0.591	0.063	0.093	
20.70	0.331	0.261	0.056	-0.614	0.066	0.062	
20.75	0.333	0.264	0.024	-0.629	0.069	0.041	
20.80	0.333	0.268	-0.008	-0.627	0.071	-0.002	
20.85	0.332	0.271	-0.039	-0.612	0.069	-0.055	
20.90	0.329	0.275	-0.070	-0.585	0.064	-0.084	
20.95	0.325	0.278	-0.098	-0.547	0.061	-0.106	
21.00	0.319	0.281	-0.125	-0.503	0.054	-0.130	
21.05	0.312	0.283	-0.149	-0.452	0.047	-0.139	
21.10	0.304	0.285	-0.171	-0.378	0.040	-0.143	
21.15	0.295	0.287	-0.188	-0.285	0.033	-0.159	
21.20	0.285	0.289	-0.198	-0.203	0.025	-0.188	
21.25	0.275	0.290	-0.207	-0.133	0.014	-0.207	
21.30	0.265	0.290	-0.213	-0.041	0.003	-0.210	
21.35	0.254	0.290	-0.212	0.071	-0.008	-0.196	
21.40	0.243	0.289	-0.204	0.157	-0.017	-0.172	
21.45	0.233	0.288	-0.195	0.213	-0.025	-0.151	
21.50	0.223	0.287	-0.184	0.274	-0.031	-0.141	
21.55	0.215	0.285	-0.167	0.330	-0.038	-0.138	
21.60	0.207	0.283	-0.149	0.367	-0.046	-0.119	
21.65	0.200	0.280	-0.134	0.464	-0.051	-0.090	
21.70	0.193	0.278	-0.107	0.627	-0.054	-0.074	
21.75	0.189	0.275	-0.067	0.710	-0.059	-0.051	
21.80	0.186	0.272	-0.032	0.714	-0.060	-0.009	
21.85	0.186	0.269	0.004	0.716	-0.059	0.029	
21.90	0.187	0.266	0.039	0.725	-0.057	0.050	
21.95	0.189	0.263	0.080	0.663	-0.054	0.058	
22.00	0.195	0.261	0.110	0.511	-0.051	0.075	
22.05	0.201	0.258	0.128	0.416	-0.048	0.114	
22.10	0.208	0.256	0.148	0.392	-0.040	0.154	
22.15	0.215	0.254	0.167	0.364	-0.030	0.157	
22.20	0.224	0.253	0.186	0.303	-0.024	0.151	
22.25	0.234	0.252	0.199	0.212	-0.017	0.175	
22.30	0.245	0.251	0.207	0.116	-0.006	0.201	
22.35	0.255	0.251	0.211	0.017	0.005	0.195	
22.40	0.266	0.252	0.209	-0.079	0.014	0.173	
22.45	0.276	0.252	0.202	-0.167	0.022	0.152	
22.50	0.286	0.254	0.192	-0.239	0.029	0.125	
22.55	0.295	0.255	0.178	-0.307	0.034	0.106	
22.60	0.304	0.257	0.161	-0.381	0.039	0.105	
22.65	0.312	0.259	0.140	-0.449	0.045	0.095	
22.70	0.318	0.262	0.116	-0.514	0.050	0.064	
22.75	0.324	0.264	0.088	-0.571	0.051	0.041	
22.80	0.327	0.267	0.058	-0.604	0.054	0.019	
22.85	0.329	0.270	0.027	-0.616	0.054	-0.014	
22.90	0.330	0.272	-0.004	-0.608	0.052	-0.040	
22.95	0.329	0.275	-0.034	-0.588	0.049	-0.064	
23.00	0.327	0.277	-0.063	-0.563	0.046	-0.098	
23.05	0.323	0.280	-0.091	-0.525	0.039	-0.126	
23.10	0.317	0.281	-0.116	-0.479	0.032	-0.132	
23.15	0.311	0.283	-0.139	-0.432	0.026	-0.141	
23.20	0.303	0.284	-0.160	-0.363	0.019	-0.167	
23.25	0.295	0.285	-0.176	-0.276	0.009	-0.181	
23.30	0.286	0.285	-0.187	-0.204	-0.000	-0.174	
23.35	0.276	0.285	-0.196	-0.139	-0.007	-0.173	
23.40	0.266	0.284	-0.202	-0.057	-0.018	-0.165	
23.45	0.256	0.283	-0.202	0.036	-0.026	-0.122	
23.50	0.245	0.281	-0.198	0.124	-0.029	-0.093	
23.55	0.236	0.280	-0.190	0.210	-0.034	-0.087	
23.60	0.226	0.278	-0.177	0.291	-0.038	-0.070	
23.65	0.218	0.276	-0.159	0.344	-0.041	-0.052	
23.70	0.210	0.274	-0.142	0.389	-0.044	-0.029	
23.75	0.204	0.272	-0.121	0.445	-0.044	-0.006	
23.80	0.198	0.269	-0.101	0.558	-0.044	0.013	
23.85	0.193	0.267	-0.064	0.652	-0.043	0.028	
23.90	0.192	0.265	-0.032	0.670	-0.041	0.036	
23.95	0.189	0.263	0.002	0.687	-0.039	0.044	
24.00	0.192	0.261	0.041	0.620	-0.037	0.053	
24.05	0.194	0.259	0.065	0.533	-0.035	0.077	
24.10	0.198	0.258	0.092	0.492	-0.030	0.116	
24.15	0.204	0.256	0.115	0.455	-0.022	0.143	
24.20	0.210	0.255	0.137	0.421	-0.015	0.157	
24.25	0.217	0.255	0.158	0.363	-0.006	0.154	
24.30	0.226	0.255	0.174	0.283	0.001	0.141	
24.35	0.235	0.255	0.186	0.202	0.007	0.139	
24.40	0.245	0.256	0.194	0.124	0.014	0.143	
24.45	0.255	0.256	0.199	0.039	0.023	0.132	
24.50	0.265	0.258	0.199	-0.054	0.028	0.106	
24.55	0.275	0.259	0.193	-0.146	0.033	0.088	
24.60	0.284	0.261	0.183	-0.222	0.037	0.075	
24.65	0.293	0.263	0.171	-0.286	0.040	0.066	
24.70	0.301	0.265	0.155	-0.361	0.044	0.049	
24.75	0.309	0.268	0.134	-0.434	0.046	0.014	
24.80	0.315	0.270	0.111	-0.490	0.045	-0.016	
24.85	0.320	0.272	0.085	-0.532	0.044	-0.029	
24.90	0.323	0.274	0.057	-0.564	0.043	-0.052	
24.95	0.326	0.276	0.028	-0.577	0.039	-0.079	
25.00	0.326	0.278	-0.001	-0.571	0.033	-0.082	
25.05	0.326	0.280	-0.029	-0.559	0.031	-0.090	
25.10	0.323	0.281	-0.057	-0.538	0.026	-0.120	
25.15	0.320	0.282	-0.084	-0.506	0.017	-0.129	
25.20	0.315	0.283	-0.109	-0.460	0.012	-0.124	
25.25	0.309	0.283	-0.131	-0.396	0.006	-0.140	
25.30	0.302	0.284	-0.149	-0.322	-0.002	-0.146	
25.35	0.294	0.283	-0.162	-0.257	-0.010	-0.129	
25.40	0.285	0.283	-0.173	-0.210	-0.015	-0.111	
25.45	0.276	0.282	-0.184	-0.155	-0.020	-0.096	
25.50	0.267	0.281	-0.190	-0.076	-0.024	-0.090	
25.55	0.257	0.279	-0.192	0.016	-0.030	-0.081	
25.60	0.247	0.278	-0.188	0.109	-0.032	-0.074	
25.65	0.238	0.276	-0.180	0.192	-0.037	-0.064	
25.70	0.229	0.274	-0.169	0.263	-0.040	-0.028	
25.75	0.221	0.272	-0.154	0.322	-0.039	-0.008	
25.80	0.214	0.270	-0.136	0.370	-0.039	-0.012	
25.85	0.208	0.268	-0.116	0.405	-0.042	0.009	
25.90	0.202	0.266	-0.099	0.512	-0.040	0.049	
25.95	0.197	0.264	-0.065	0.619	-0.035	0.061	
26.00	0.196	0.262	-0.033	0.636	-0.033	0.068	
26.05	0.193	0.261	-0.001	0.641	-0.030	0.099	
26.10	0.196	0.259	0.035	0.566	-0.022	0.110	
26.15	0.198	0.258	0.056	0.487	-0.017	0.094	
26.20	0.201	0.258	0.080	0.479	-0.015	0.102	
26.25	0.206	0.257	0.104	0.466	-0.008	0.126	
26.30	0.211	0.257	0.128	0.430	-0.000	0.122	
26.35	0.218	0.257	0.149	0.360	0.005	0.109	
26.40	0.227	0.257	0.164	0.273	0.009	0.121	
26.45	0.235	0.258	0.175	0.193	0.017	0.132	
26.50	0.244	0.259	0.183	0.126	0.024	0.110	
26.55	0.253	0.260	0.188	0.053	0.028	0.076	
26.60	0.263	0.262	0.189	-0.030	0.031	0.054	
26.65	0.273	0.263	0.185	-0.115	0.033	0.050	
26.70	0.282	0.265	0.178	-0.203	0.036	0.049	
26.75	0.291	0.267	0.164	-0.277	0.038	0.041	
26.80	0.298	0.269	0.149	-0.340	0.041	0.012	
26.85	0.306	0.271	0.131	-0.406	0.040	-0.028	
26.90	0.312	0.273	0.109	-0.464	0.037	-0.047	
26.95	0.317	0.275	0.083	-0.507	0.035	-0.050	
27.00	0.320	0.276	0.057	-0.528	0.033	-0.066	
27.05	0.322	0.278	0.030	-0.540	0.028	-0.084	
27.10	0.323	0.279	0.003	-0.548	0.024	-0.097	
27.15	0.323	0.281	-0.025	-0.542	0.019	-0.121	
27.20	0.321	0.281	-0.052	-0.516	0.012	-0.140	
27.25	0.317	0.282	-0.077	-0.482	0.004	-0.130	
27.30	0.313	0.281	-0.100	-0.441	-0.002	-0.114	
27.35	0.307	0.282	-0.122	-0.385	-0.007	-0.113	
27.40	0.300	0.281	-0.139	-0.322	-0.014	-0.100	
27.45	0.293	0.280	-0.154	-0.265	-0.018	-0.073	
27.50	0.285	0.279	-0.166	-0.211	-0.020	-0.066	
27.55	0.276	0.278	-0.175	-0.147	-0.023	-0.076	
27.60	0.267	0.277	-0.181	-0.066	-0.028	-0.074	
27.65	0.258	0.275	-0.182	0.020	-0.032	-0.053	
27.70	0.249	0.274	-0.179	0.099	-0.033	-0.033	
27.75	0.240	0.272	-0.172	0.173	-0.035	-0.013	
27.80	0.232	0.270	-0.161	0.246	-0.035	0.012	
27.85	0.224	0.268	-0.147	0.321	-0.033	0.018	
27.90	0.217	0.267	-0.129	0.389	-0.033	0.025	
27.95	0.211	0.265	-0.108	0.437	-0.031	0.053	
28.00	0.206	0.264	-0.084	0.457	-0.028	0.077	
28.05	0.203	0.262	-0.061	0.459	-0.023	0.090	
28.10	0.200	0.261	-0.043	0.549	-0.018	0.089	
28.15	0.197	0.261	-0.007	0.641	-0.014	0.076	
28.20	0.199	0.260	0.030	0.565	-0.012	0.084	
28.25	0.201	0.259	0.050	0.477	-0.006	0.108	
28.30	0.204	0.259	0.074	0.455	0.001	0.103	
28.35	0.209	0.259	0.096	0.427	0.004	0.095	
28.40	0.214	0.260	0.117	0.397	0.009	0.101	
28.45	0.220	0.260	0.136	0.353	0.016	0.090	
28.50	0.228	0.261	0.153	0.282	0.019	0.071	
28.55	0.236	0.262	0.165	0.200	0.022	0.059	
28.60	0.244	0.264	0.173	0.128	0.025	0.048	
28.65	0.253	0.265	0.178	0.053	0.026	0.051	
28.70	0.262	0.266	0.178	-0.031	0.031	0.042	
28.75	0.271	0.268	0.175	-0.114	0.032	0.014	
28.80	0.280	0.269	0.167	-0.188	0.031	0.007	
28.85	0.288	0.271	0.155	-0.248	0.032	0.002	
28.90	0.295	0.273	0.142	-0.302	0.032	-0.021	
28.95	0.302	0.274	0.125	-0.360	0.031	-0.055	
29.00	0.308	0.276	0.106	-0.424	0.025	-0.073	
29.05	0.313	0.277	0.082	-0.472	0.022	-0.073	
29.10	0.316	0.278	0.058	-0.499	0.019	-0.084	
29.15	0.319	0.279	0.032	-0.512	0.013	-0.088	
29.20	0.320	0.279	0.006	-0.506	0.010	-0.087	
29.25	0.319	0.280	-0.019	-0.485	0.006	-0.101	
29.30	0.318	0.280	-0.042	-0.475	-0.001	-0.106	
29.35	0.315	0.280	-0.066	-0.474	-0.005	-0.101	
29.40	0.311	0.279	-0.091	-0.447	-0.011	-0.096	
29.45	0.306	0.279	-0.112	-0.391	-0.016	-0.074	
29.50	0.300	0.278	-0.130	-0.324	-0.018	-0.046	
29.55	0.293	0.277	-0.144	-0.255	-0.020	-0.030	
29.60	0.285	0.276	-0.155	-0.197	-0.020	-0.037	
29.65	0.277	0.275	-0.164	-0.143	-0.023	-0.054	
29.70	0.269	0.273	-0.170	-0.080	-0.027	-0.050	
29.75	0.260	0.272	-0.173	-0.001	-0.029	-0.021	
29.80	0.251	0.270	-0.170	0.077	-0.029	0.008	
29.85	0.243	0.269	-0.164	0.144	-0.027	0.017	
29.90	0.235	0.268	-0.156	0.212	-0.027	0.028	
29.95	0.227	0.266	-0.144	0.291	-0.025	0.046	
30.00	0.220	0.265	-0.126	0.358	-0.021	0.040	
30.05	0.214	0.264	-0.107	0.409	-0.021	0.040	
30.10	0.209	0.263	-0.085	0.451	-0.019	0.072	
30.15	0.206	0.262	-0.061	0.480	-0.013	0.086	
30.20	0.203	0.262	-0.037	0.504	-0.010	0.079	
30.25	0.202	0.261	-0.011	0.514	-0.006	0.086	
30.30	0.202	0.261	0.015	0.508	-0.000	0.080	
30.35	0.204	0.261	0.041	0.491	0.002	0.083	
30.40	0.206	0.261	0.065	0.468	0.007	0.095	
30.45	0.210	0.262	0.087	0.444	0.013	0.086	
30.50	0.215	0.263	0.109	0.411	0.016	0.068	
30.55	0.221	0.264	0.129	0.359	0.018	0.063	
30.60	0.228	0.264	0.146	0.278	0.022	0.059	
30.65	0.236	0.266	0.158	0.188	0.026	0.027	
30.70	0.244	0.267	0.164	0.114	0.025	0.005	
30.75	0.252	0.268	0.169	0.050	0.024	0.020	
30.80	0.261	0.269	0.170	-0.021	0.027	0.029	
30.85	0.270	0.271	0.167	-0.096	0.029	0.001	
30.90	0.278	0.273	0.160	-0.167	0.028	-0.042	
30.95	0.286	0.274	0.150	-0.230	0.024	-0.069	
31.00	0.293	0.275	0.136	-0.285	0.020	-0.070	
31.05	0.299	0.276	0.121	-0.334	0.017	-0.065	
31.10	0.305	0.277	0.103	-0.388	0.014	-0.067	
31.15	0.310	0.277	0.082	-0.443	0.010	-0.071	
31.20	0.314	0.278	0.058	-0.481	0.007	-0.076	
31.25	0.316	0.278	0.033	-0.491	0.002	-0.077	
31.30	0.317	0.278	0.009	-0.490	-0.001	-0.084	
31.35	0.317	0.278	-0.016	-0.487	-0.006	-0.094	
31.40	0.315	0.277	-0.041	-0.473	-0.011	-0.087	
31.45	0.312	0.277	-0.064	-0.441	-0.015	-0.063	
31.50	0.309	0.276	-0.085	-0.400	-0.018	-0.035	
31.55	0.304	0.275	-0.104	-0.357	-0.018	-0.014	
31.60	0.298	0.274	-0.121	-0.310	-0.018	-0.023	
31.65	0.292	0.273	-0.135	-0.253	-0.020	-0.036	
31.70	0.285	0.272	-0.146	-0.193	-0.023	-0.024	
31.75	0.277	0.271	-0.154	-0.138	-0.023	-0.007	
31.80	0.269	0.270	-0.161	-0.068	-0.023	0.009	
31.85	0.261	0.268	-0.163	0.024	-0.022	0.022	
31.90	0.252	0.267	-0.157	0.089	-0.020	0.021	
31.95	0.245	0.267	-0.152	0.120	-0.020	0.026	
32.00	0.237	0.265	-0.146	0.173	-0.019	0.051	
32.05	0.230	0.264	-0.136	0.250	-0.014	0.067	
32.10	0.224	0.264	-0.121	0.322	-0.011	0.062	
32.15	0.218	0.263	-0.103	0.383	-0.008	0.055	
32.20	0.213	0.263	-0.082	0.426	-0.006	0.052	
32.25	0.210	0.263	-0.059	0.443	-0.003	0.054	
32.30	0.207	0.263	-0.037	0.454	-0.001	0.066	
32.35	0.206	0.263	-0.014	0.474	0.003	0.075	
32.40	0.206	0.263	0.010	0.486	0.008	0.069	
32.45	0.207	0.264	0.035	0.477	0.010	0.060	
32.50	0.209	0.264	0.059	0.449	0.013	0.059	
32.55	0.213	0.265	0.080	0.414	0.017	0.048	
32.60	0.217	0.266	0.100	0.374	0.018	0.035	
32.65	0.223	0.267	0.118	0.320	0.020	0.035	
32.70	0.229	0.268	0.133	0.259	0.022	0.018	
32.75	0.236	0.269	0.144	0.196	0.022	-0.004	
32.80	0.244	0.270	0.152	0.136	0.021	-0.010	
32.85	0.252	0.271	0.158	0.071	0.020	-0.001	
32.90	0.260	0.272	0.160	-0.012	0.021	-0.003	
32.95	0.268	0.273	0.157	-0.091	0.021	-0.028	
33.00	0.276	0.274	0.150	-0.152	0.018	-0.050	
33.05	0.283	0.275	0.141	-0.201	0.015	-0.054	
33.10	0.290	0.276	0.130	-0.245	0.013	-0.058	
33.15	0.296	0.276	0.117	-0.288	0.010	-0.080	
33.20	0.302	0.277	0.102	-0.348	0.004	-0.088	
33.25	0.307	0.277	0.082	-0.418	0.000	-0.076	
33.30	0.310	0.277	0.059	-0.459	-0.003	-0.064	
33.35	0.312	0.276	0.035	-0.476	-0.006	-0.060	
33.40	0.314	0.276	0.011	-0.478	-0.009	-0.063	
33.45	0.314	0.276	-0.013	-0.464	-0.012	-0.061	
33.50	0.312	0.275	-0.036	-0.444	-0.015	-0.050	
33.55	0.310	0.274	-0.058	-0.419	-0.018	-0.029	
33.60	0.306	0.273	-0.078	-0.383	-0.018	-0.015	
33.65	0.302	0.272	-0.097	-0.337	-0.019	-0.009	
33.70	0.297	0.271	-0.112	-0.287	-0.019	-0.002	
33.75	0.291	0.270	-0.125	-0.242	-0.019	0.004	
33.80	0.284	0.269	-0.136	-0.198	-0.018	0.011	
33.85	0.277	0.269	-0.145	-0.146	-0.018	0.015	
33.90	0.270	0.268	-0.151	-0.083	-0.017	0.021	
33.95	0.262	0.267	-0.154	-0.007	-0.016	0.034	
34.00	0.254	0.266	-0.152	0.065	-0.013	0.039	
34.05	0.246	0.266	-0.147	0.124	-0.012	0.039	
34.10	0.239	0.265	-0.139	0.183	-0.010	0.047	
34.15	0.232	0.265	-0.129	0.244	-0.007	0.053	
34.20	0.226	0.264	-0.115	0.298	-0.004	0.055	
34.25	0.221	0.264	-0.099	0.345	-0.002	0.066	
34.30	0.216	0.264	-0.080	0.395	0.002	0.075	
34.35	0.213	0.264	-0.059	0.432	0.007	0.053	
34.40	0.210	0.265	-0.036	0.450	0.008	0.027	
34.45	0.209	0.265	-0.014	0.467	0.009	0.027	
34.50	0.209	0.266	0.011	0.466	0.010	0.031	
34.55	0.210	0.266	0.034	0.434	0.012	0.038	
34.60	0.212	0.267	0.055	0.399	0.015	0.026	
34.65	0.216	0.268	0.074	0.374	0.015	0.003	
34.70	0.220	0.268	0.092	0.348	0.014	0.008	
34.75	0.225	0.269	0.109	0.311	0.015	0.020	
34.80	0.231	0.270	0.124	0.259	0.017	0.012	
34.85	0.238	0.271	0.135	0.193	0.017	-0.012	
34.90	0.245	0.272	0.143	0.127	0.015	-0.031	
34.95	0.252	0.272	0.148	0.064	0.013	-0.029	
35.00	0.259	0.273	0.150	-0.002	0.012	-0.024	
35.05	0.267	0.274	0.148	-0.068	0.012	-0.039	
35.10	0.274	0.274	0.143	-0.134	0.008	-0.054	
35.15	0.281	0.274	0.134	-0.194	0.005	-0.041	
35.20	0.288	0.275	0.123	-0.243	0.004	-0.022	
35.25	0.294	0.275	0.109	-0.281	0.004	-0.028	
35.30	0.299	0.275	0.095	-0.323	0.002	-0.054	
35.35	0.303	0.275	0.078	-0.371	-0.002	-0.071	
35.40	0.307	0.275	0.058	-0.414	-0.006	-0.062	
35.45	0.309	0.274	0.036	-0.441	-0.009	-0.035	
35.50	0.310	0.274	0.012	-0.447	-0.009	-0.020	
35.55	0.310	0.274	-0.010	-0.435	-0.010	-0.026	
35.60	0.309	0.273	-0.031	-0.420	-0.012	-0.029	
35.65	0.307	0.272	-0.052	-0.393	-0.014	-0.012	
35.70	0.304	0.271	-0.071	-0.350	-0.013	0.001	
35.75	0.300	0.271	-0.088	-0.301	-0.013	-0.005	
35.80	0.295	0.270	-0.101	-0.262	-0.013	-0.006	
35.85	0.290	0.270	-0.113	-0.244	-0.014	0.004	
35.90	0.284	0.269	-0.126	-0.218	-0.014	0.024	
35.95	0.277	0.268	-0.136	-0.165	-0.011	0.035	
36.00	0.270	0.268	-0.143	-0.096	-0.009	0.019	
36.05	0.263	0.268	-0.146	-0.020	-0.009	0.012	
36.10	0.256	0.267	-0.144	0.054	-0.009	0.030	
36.15	0.248	0.267	-0.140	0.115	-0.006	0.042	
36.20	0.241	0.266	-0.133	0.171	-0.004	0.045	
36.25	0.235	0.266	-0.123	0.222	-0.001	0.041	
36.30	0.229	0.266	-0.110	0.272	0.000	0.034	
36.35	0.224	0.266	-0.095	0.320	0.001	0.042	
36.40	0.220	0.266	-0.078	0.362	0.004	0.046	
36.45	0.216	0.267	-0.059	0.399	0.007	0.036	
36.50	0.214	0.267	-0.038	0.421	0.008	0.024	
36.55	0.212	0.267	-0.016	0.425	0.009	0.016	
36.60	0.212	0.268	0.005	0.421	0.009	0.016	
36.65	0.213	0.268	0.026	0.416	0.011	0.010	
36.70	0.215	0.269	0.047	0.401	0.010	0.003	
36.75	0.217	0.269	0.067	0.375	0.010	0.009	
36.80	0.221	0.270	0.085	0.341	0.012	0.002	
36.85	0.226	0.271	0.101	0.294	0.011	-0.017	
36.90	0.232	0.271	0.114	0.244	0.009	-0.015	
36.95	0.238	0.271	0.126	0.196	0.010	-0.010	
37.00	0.244	0.272	0.134	0.144	0.009	-0.025	
37.05	0.251	0.272	0.140	0.097	0.006	-0.031	
37.10	0.258	0.273	0.145	0.029	0.006	-0.033	
37.15	0.266	0.273	0.144	-0.067	0.003	-0.036	
37.20	0.273	0.273	0.137	-0.145	0.001	-0.025	
37.25	0.280	0.273	0.128	-0.191	0.001	-0.022	
37.30	0.286	0.273	0.118	-0.227	0.000	-0.037	
37.35	0.291	0.273	0.106	-0.265	-0.003	-0.043	
37.40	0.296	0.273	0.091	-0.307	-0.005	-0.025	
37.45	0.301	0.273	0.075	-0.347	-0.005	-0.006	
37.50	0.304	0.272	0.056	-0.379	-0.005	-0.002	
37.55	0.306	0.272	0.037	-0.404	-0.005	-0.008	
37.60	0.308	0.272	0.015	-0.418	-0.006	-0.019	
37.65	0.308	0.271	-0.006	-0.411	-0.007	-0.028	
37.70	0.307	0.271	-0.026	-0.396	-0.009	-0.019	
37.75	0.305	0.270	-0.046	-0.376	-0.010	0.000	
37.80	0.302	0.270	-0.064	-0.345	-0.009	0.013	
37.85	0.299	0.270	-0.080	-0.311	-0.008	0.020	
37.90	0.294	0.269	-0.095	-0.274	-0.007	0.021	
37.95	0.289	0.269	-0.108	-0.230	-0.006	0.012	
38.00	0.283	0.269	-0.118	-0.188	-0.005	-0.003	
38.05	0.277	0.269	-0.127	-0.151	-0.007	0.004	
38.10	0.271	0.268	-0.134	-0.099	-0.006	0.039	
38.15	0.264	0.268	-0.137	-0.031	-0.002	0.048	
38.20	0.257	0.268	-0.137	0.044	0.000	0.025	
38.25	0.250	0.268	-0.133	0.114	0.000	0.011	
38.30	0.243	0.268	-0.125	0.173	0.000	0.022	
38.35	0.237	0.268	-0.115	0.215	0.003	0.028	
38.40	0.232	0.268	-0.103	0.241	0.004	0.015	
38.45	0.227	0.268	-0.091	0.275	0.004	0.006	
38.50	0.223	0.269	-0.076	0.322	0.004	0.010	
38.55	0.219	0.269	-0.059	0.366	0.005	0.013	
38.60	0.217	0.269	-0.039	0.396	0.005	0.014	
38.65	0.215	0.269	-0.018	0.401	0.006	0.009	
38.70	0.215	0.270	0.002	0.393	0.007	-0.002	
38.75	0.215	0.270	0.021	0.389	0.006	-0.010	
38.80	0.217	0.270	0.041	0.380	0.005	-0.009	
38.85	0.220	0.270	0.059	0.360	0.004	0.012	
38.90	0.223	0.271	0.077	0.332	0.007	0.018	
38.95	0.227	0.271	0.093	0.294	0.008	-0.011	
39.00	0.232	0.272	0.107	0.243	0.005	-0.024	
39.05	0.238	0.271	0.117	0.190	0.004	-0.016	
39.10	0.244	0.272	0.126	0.137	0.005	-0.027	
39.15	0.251	0.272	0.131	0.081	0.002	-0.042	
39.20	0.257	0.272	0.134	0.020	-0.001	-0.035	
39.25	0.264	0.272	0.134	-0.049	-0.002	-0.022	
39.30	0.271	0.272	0.129	-0.114	-0.003	-0.012	
39.35	0.277	0.272	0.121	-0.163	-0.002	-0.011	
39.40	0.283	0.272	0.112	-0.205	-0.004	-0.016	
39.45	0.289	0.271	0.101	-0.249	-0.005	-0.012	
39.50	0.293	0.271	0.087	-0.284	-0.005	-0.004	
39.55	0.297	0.271	0.072	-0.304	-0.005	0.001	
39.60	0.301	0.271	0.057	-0.325	-0.004	-0.000	
39.65	0.303	0.270	0.041	-0.363	-0.005	0.005	
39.70	0.305	0.270	0.021	-0.405	-0.004	0.011	
39.75	0.305	0.270	-0.002	-0.410	-0.004	0.004	
39.80	0.305	0.270	-0.022	-0.385	-0.004	-0.003	
39.85	0.303	0.270	-0.040	-0.361	-0.004	-0.008	
39.90	0.301	0.269	-0.058	-0.335	-0.005	0.003	
39.95	0.297	0.269	-0.074	-0.296	-0.004	0.018	
40.00	0.293	0.269	-0.087	-0.259	-0.003	0.023	
40.05	0.288	0.269	-0.099	-0.229	-0.001	0.020	
40.10	0.283	0.269	-0.110	-0.194	-0.001	0.016	
40.15	0.277	0.269	-0.119	-0.148	0.000	0.016	
40.20	0.271	0.269	-0.126	-0.092	0.002	0.002	
40.25	0.265	0.269	-0.129	-0.029	-0.000	0.001	
40.30	0.258	0.269	-0.128	0.027	0.000	0.018	
40.35	0.252	0.269	-0.126	0.079	0.002	0.026	
40.40	0.245	0.269	-0.121	0.133	0.004	0.016	
40.45	0.240	0.269	-0.112	0.185	0.004	-0.007	
40.50	0.234	0.270	-0.102	0.232	0.002	-0.014	
40.55	0.229	0.270	-0.089	0.273	0.002	-0.005	
40.60	0.225	0.270	-0.074	0.309	0.002	0.004	
40.65	0.222	0.270	-0.058	0.340	0.003	0.004	
40.70	0.219	0.270	-0.040	0.358	0.003	-0.005	
40.75	0.218	0.270	-0.022	0.372	0.002	-0.008	
40.80	0.217	0.270	-0.003	0.389	0.002	-0.006	
40.85	0.217	0.270	0.017	0.399	0.002	-0.003	
40.90	0.219	0.270	0.038	0.391	0.002	-0.001	
40.95	0.221	0.270	0.058	0.351	0.001	0.006	
41.00	0.225	0.270	0.074	0.293	0.003	0.005	
41.05	0.229	0.271	0.086	0.251	0.002	-0.011	
41.10	0.233	0.271	0.099	0.219	0.001	-0.017	
41.15	0.239	0.271	0.109	0.179	0.000	-0.015	
41.20	0.244	0.271	0.116	0.138	0.000	-0.021	
41.25	0.250	0.271	0.123	0.092	-0.002	-0.014	
41.30	0.257	0.270	0.126	0.028	-0.003	0.016	
41.35	0.263	0.270	0.126	-0.039	0.000	0.024	
41.40	0.269	0.271	0.122	-0.093	0.002	-0.005	
41.45	0.275	0.271	0.116	-0.145	-0.000	-0.028	
41.50	0.281	0.271	0.107	-0.195	-0.003	-0.015	
41.55	0.286	0.270	0.096	-0.229	-0.003	0.010	
41.60	0.291	0.270	0.084	-0.263	-0.000	0.007	
41.65	0.295	0.270	0.070	-0.298	-0.001	-0.006	
41.70	0.298	0.270	0.054	-0.325	-0.002	-0.000	
41.75	0.300	0.270	0.037	-0.347	-0.001	0.002	
41.80	0.302	0.270	0.019	-0.357	-0.002	-0.001	
41.85	0.302	0.270	0.001	-0.362	-0.002	0.006	
41.90	0.302	0.270	-0.017	-0.360	-0.000	0.001	
41.95	0.300	0.270	-0.035	-0.343	-0.002	-0.004	
42.00	0.298	0.270	-0.052	-0.312	-0.003	0.020	
42.05	0.295	0.270	-0.067	-0.276	0.001	0.035	
42.10	0.292	0.270	-0.080	-0.240	0.003	0.020	
42.15	0.287	0.270	-0.091	-0.200	0.003	-0.004	
42.20	0.282	0.270	-0.099	-0.176	0.002	-0.027	
42.25	0.277	0.270	-0.108	-0.159	-0.001	-0.025	
42.30	0.271	0.270	-0.116	-0.112	-0.002	0.004	
42.35	0.265	0.270	-0.120	-0.045	0.000	0.024	
42.40	0.259	0.270	-0.121	0.021	0.002	0.015	
42.45	0.253	0.270	-0.118	0.075	0.002	-0.007	
42.50	0.247	0.270	-0.113	0.119	0.000	-0.009	
42.55	0.242	0.270	-0.106	0.160	0.001	-0.003	
42.60	0.237	0.270	-0.097	0.203	0.001	-0.010	
42.65	0.232	0.270	-0.085	0.246	-0.001	-0.006	
42.70	0.228	0.270	-0.072	0.290	-0.000	0.003	
42.75	0.225	0.270	-0.056	0.325	0.000	0.003	
42.80	0.223	0.270	-0.038	0.338	0.001	-0.005	
42.85	0.221	0.270	-0.022	0.342	-0.000	-0.015	
42.90	0.220	0.270	-0.005	0.349	-0.002	-0.005	
42.95	0.221	0.270	0.013	0.351	-0.001	0.004	
43.00	0.222	0.270	0.031	0.344	-0.001	-0.001	
43.05	0.224	0.270	0.048	0.332	-0.001	0.000	
43.10	0.227	0.270	0.065	0.307	-0.001	0.006	
43.15	0.230	0.270	0.079	0.264	0.000	0.000	
43.20	0.235	0.270	0.091	0.213	-0.001	-0.010	
43.25	0.239	0.270	0.100	0.166	-0.002	0.005	
43.30	0.245	0.270	0.107	0.128	0.000	0.014	
43.35	0.250	0.270	0.113	0.096	0.001	-0.001	
43.40	0.256	0.270	0.117	0.058	-0.001	-0.003	
43.45	0.262	0.270	0.119	0.005	-0.001	0.011	
43.50	0.268	0.270	0.119	-0.070	0.001	0.015	
43.55	0.274	0.270	0.113	-0.150	0.002	0.001	
43.60	0.280	0.270	0.102	-0.195	0.000	0.002	
43.65	0.284	0.270	0.092	-0.217	0.002	0.011	
43.70	0.289	0.270	0.081	-0.247	0.002	0.001	
43.75	0.293	0.270	0.068	-0.281	0.002	-0.012	
43.80	0.296	0.270	0.053	-0.309	0.001	-0.020	
43.85	0.298	0.270	0.036	-0.324	-0.001	-0.015	
43.90	0.299	0.270	0.020	-0.333	-0.001	0.003	
43.95	0.300	0.270	0.003	-0.340	-0.000	0.012	
44.00	0.300	0.270	-0.015	-0.333	0.001	0.005	
44.05	0.298	0.270	-0.031	-0.316	0.000	-0.006	
44.10	0.297	0.270	-0.046	-0.298	0.000	-0.017	
44.15	0.294	0.271	-0.061	-0.272	-0.002	-0.019	
44.20	0.290	0.270	-0.073	-0.243	-0.003	0.006	
44.25	0.286	0.270	-0.085	-0.212	-0.001	0.022	
44.30	0.282	0.270	-0.095	-0.175	0.001	0.009	
44.35	0.277	0.270	-0.103	-0.136	0.001	-0.012	
44.40	0.271	0.270	-0.109	-0.095	-0.001	-0.018	
44.45	0.266	0.270	-0.112	-0.046	-0.002	0.000	
44.50	0.260	0.270	-0.114	0.008	-0.001	0.019	
44.55	0.254	0.270	-0.112	0.065	0.001	0.017	
44.60	0.249	0.270	-0.106	0.113	0.001	0.002	
44.65	0.244	0.270	-0.100	0.156	0.000	-0.006	
44.70	0.239	0.270	-0.092	0.210	0.000	-0.004	
44.75	0.234	0.270	-0.078	0.244	0.000	-0.002	
44.80	0.231	0.270	-0.066	0.253	0.000	-0.000	
44.85	0.228	0.270	-0.054	0.279	0.000	0.000	
44.90	0.225	0.270	-0.038	0.307	0.000	0.002	
44.95	0.224	0.270	-0.022	0.318	0.000	0.004	
45.00	0.223	0.270	-0.006	0.329	0.000	0.007	
45.05	0.223	0.270	0.010	0.336	0.001	0.003	
45.10	0.224	0.270	0.028	0.334	0.001	-0.007	
45.15	0.226	0.270	0.045	0.310	-0.000	-0.005	
45.20	0.229	0.270	0.059	0.274	0.001	-0.003	
45.25	0.232	0.270	0.072	0.242	-0.000	-0.004	
45.30	0.236	0.270	0.083	0.209	-0.001	0.011	
45.35	0.240	0.270	0.093	0.171	0.002	0.010	
45.40	0.245	0.270	0.101	0.131	0.002	-0.016	
45.45	0.251	0.270	0.106	0.093	-0.001	-0.018	
45.50	0.256	0.270	0.110	0.047	-0.001	-0.001	
45.55	0.262	0.270	0.111	-0.012	-0.001	0.004	
45.60	0.267	0.270	0.109	-0.071	-0.000	0.000	
45.65	0.273	0.270	0.104	-0.120	-0.001	0.001	
45.70	0.278	0.270	0.097	-0.163	-0.000	0.004	
45.75	0.282	0.270	0.087	-0.198	-0.000	0.003	
45.80	0.287	0.270	0.077	-0.227	-0.001	0.009	
45.85	0.290	0.270	0.065	-0.256	0.001	0.009	
45.90	0.293	0.270	0.051	-0.279	0.001	-0.004	
45.95	0.295	0.270	0.036	-0.292	0.000	-0.008	
46.00	0.297	0.270	0.021	-0.296	-0.001	0.002	
46.05	0.297	0.270	0.007	-0.311	0.000	0.012	
46.10	0.298	0.270	-0.009	-0.331	0.002	0.001	
46.15	0.297	0.270	-0.027	-0.321	0.000	-0.010	
46.20	0.295	0.270	-0.042	-0.291	-0.000	-0.002	
46.25	0.292	0.270	-0.056	-0.262	0.001	0.000	
46.30	0.289	0.270	-0.069	-0.229	0.000	-0.003	
46.35	0.285	0.270	-0.079	-0.199	-0.000	0.004	
46.40	0.281	0.270	-0.089	-0.172	0.001	0.004	
46.45	0.276	0.270	-0.097	-0.136	0.001	-0.009	
46.50	0.271	0.270	-0.102	-0.093	-0.001	-0.003	
46.55	0.266	0.270	-0.106	-0.041	0.000	0.002	
46.60	0.261	0.270	-0.107	0.015	-0.000	-0.008	
46.65	0.255	0.270	-0.104	0.059	-0.001	-0.005	
46.70	0.250	0.270	-0.101	0.097	-0.001	-0.001	
46.75	0.245	0.270	-0.095	0.137	-0.002	0.011	
46.80	0.240	0.270	-0.087	0.177	0.001	0.016	
46.85	0.236	0.270	-0.077	0.210	0.001	0.000	
46.90	0.233	0.270	-0.066	0.244	0.000	-0.008	
46.95	0.230	0.270	-0.052	0.277	-0.000	-0.007	
47.00	0.227	0.270	-0.038	0.299	-0.001	0.001	
47.05	0.226	0.270	-0.022	0.310	0.000	0.008	
47.10	0.225	0.270	-0.006	0.317	0.001	0.000	
47.15	0.225	0.270	0.010	0.317	0.000	-0.007	
47.20	0.226	0.270	0.025	0.310	-0.001	0.000	
47.25	0.228	0.270	0.040	0.304	0.000	0.008	
47.30	0.230	0.270	0.057	0.280	0.001	0.003	
47.35	0.234	0.270	0.070	0.228	0.000	-0.003	
47.40	0.237	0.270	0.079	0.184	0.000	-0.003	
47.45	0.241	0.270	0.087	0.155	0.000	-0.000	
47.50	0.246	0.270	0.095	0.122	0.000	0.003	
47.55	0.251	0.270	0.100	0.079	0.000	0.004	
47.60	0.256	0.270	0.103	0.039	0.001	-0.002	
47.65	0.261	0.270	0.104	-0.002	0.000	-0.007	
47.70	0.267	0.270	0.103	-0.054	-0.001	0.000	
47.75	0.272	0.270	0.099	-0.108	0.001	0.001	
47.80	0.277	0.270	0.092	-0.154	-0.000	-0.004	
47.85	0.281	0.270	0.083	-0.194	-0.001	0.004	
47.90	0.285	0.270	0.072	-0.221	0.000	0.009	
47.95	0.288	0.270	0.060	-0.237	0.002	-0.006	
48.00	0.291	0.270	0.049	-0.258	-0.000	-0.020	
48.05	0.293	0.270	0.035	-0.287	-0.002	0.000	
48.10	0.295	0.270	0.019	-0.302	-0.000	0.021	
48.15	0.295	0.270	0.004	-0.298	0.002	0.007	
48.20	0.295	0.270	-0.011	-0.291	0.000	-0.009	
48.25	0.294	0.270	-0.025	-0.279	-0.000	-0.011	
48.30	0.292	0.270	-0.039	-0.260	-0.001	-0.006	
48.35	0.290	0.270	-0.051	-0.241	-0.000	-0.001	
48.40	0.287	0.270	-0.063	-0.220	-0.001	-0.001	
48.45	0.284	0.270	-0.073	-0.193	-0.002	0.014	
48.50	0.280	0.270	-0.083	-0.156	0.000	0.030	
48.55	0.275	0.270	-0.089	-0.111	0.003	0.011	
48.60	0.271	0.270	-0.093	-0.079	0.002	-0.024	
48.65	0.266	0.270	-0.097	-0.049	-0.000	-0.039	
48.70	0.261	0.270	-0.099	-0.003	-0.003	-0.020	
48.75	0.256	0.270	-0.097	0.045	-0.003	0.013	
48.80	0.251	0.270	-0.094	0.083	-0.001	0.024	
48.85	0.247	0.270	-0.089	0.124	0.000	0.021	
48.90	0.242	0.270	-0.082	0.165	0.002	0.011	
48.95	0.238	0.270	-0.072	0.193	0.002	-0.010	
49.00	0.235	0.270	-0.062	0.222	0.000	-0.022	
49.05	0.232	0.270	-0.050	0.256	-0.002	-0.006	
49.10	0.230	0.270	-0.036	0.280	-0.000	0.011	
49.15	0.228	0.270	-0.022	0.292	0.000	0.012	
49.20	0.228	0.270	-0.007	0.297	0.001	0.002	
49.25	0.228	0.270	0.008	0.292	0.001	-0.012	
49.30	0.228	0.270	0.022	0.284	-0.001	-0.008	
49.35	0.230	0.270	0.037	0.268	-0.001	0.015	
49.40	0.232	0.270	0.050	0.248	0.002	0.019	
49.45	0.235	0.270	0.062	0.227	0.002	-0.006	
49.50	0.238	0.270	0.073	0.196	0.000	-0.012	
49.55	0.242	0.270	0.082	0.157	0.000	-0.010	
49.60	0.247	0.270	0.088	0.117	-0.001	-0.007	
49.65	0.251	0.270	0.093	0.077	-0.001	0.007	
49.70	0.256	0.270	0.096	0.043	0.001	0.004	
49.75	0.261	0.270	0.097	0.012	0.000	-0.008	
49.80	0.266	0.270	0.097	-0.027	-0.001	-0.011	
49.85	0.271	0.270	0.096	-0.086	-0.002	0.000	
49.90	0.276	0.270	0.089	-0.152	-0.001	0.019	
49.95	0.280	0.270	0.079	-0.195	0.001	0.011	
50.00	0.283	0.270	0.069	-0.214	0.000	-0.003	
50.05	0.287	0.270	0.058	-0.231	0.000	-0.003	
50.10	0.289	0.270	0.046	-0.252	0.000	-0.000	
50.15	0.291	0.270	0.032	-0.270	0.000	0.001	
50.20	0.293	0.270	0.018	-0.281	0.001	-0.008	
50.25	0.293	0.270	0.004	-0.281	-0.000	-0.016	
50.30	0.293	0.270	-0.010	-0.272	-0.002	-0.003	
50.35	0.292	0.270	-0.024	-0.258	-0.001	0.018	
50.40	0.291	0.270	-0.036	-0.243	0.001	0.019	
50.45	0.288	0.270	-0.048	-0.227	0.001	0.006	
50.50	0.286	0.270	-0.059	-0.204	0.001	-0.008	
50.55	0.282	0.270	-0.068	-0.178	0.000	-0.015	
50.60	0.279	0.270	-0.077	-0.153	-0.000	-0.016	
50.65	0.275	0.270	-0.084	-0.124	-0.002	-0.009	
50.70	0.270	0.270	-0.090	-0.085	-0.002	0.009	
50.75	0.266	0.270	-0.093	-0.036	-0.000	0.020	
50.80	0.261	0.270	-0.093	0.005	0.001	0.006	
50.85	0.256	0.270	-0.092	0.041	-0.000	0.001	
50.90	0.252	0.270	-0.089	0.086	0.001	0.010	
50.95	0.247	0.270	-0.083	0.133	0.002	0.000	
51.00	0.243	0.270	-0.075	0.169	0.001	-0.019	
51.05	0.240	0.270	-0.067	0.202	-0.001	-0.020	
51.10	0.236	0.270	-0.054	0.219	-0.002	-0.007	
51.15	0.234	0.270	-0.044	0.217	-0.002	0.006	
51.20	0.232	0.270	-0.034	0.235	-0.001	0.017	
51.25	0.231	0.270	-0.021	0.261	0.001	0.016	
51.30	0.230	0.270	-0.007	0.271	0.001	0.005	
51.35	0.230	0.270	0.007	0.272	0.001	0.000	
51.40	0.231	0.270	0.020	0.267	0.001	-0.003	
51.45	0.232	0.270	0.034	0.254	0.001	-0.011	
51.50	0.234	0.270	0.046	0.235	-0.001	-0.008	
51.55	0.237	0.270	0.058	0.210	-0.000	0.000	
51.60	0.240	0.270	0.068	0.176	-0.000	0.001	
51.65	0.244	0.270	0.075	0.144	0.000	0.001	
51.70	0.248	0.270	0.082	0.113	0.000	-0.001	
51.75	0.252	0.270	0.087	0.078	-0.000	-0.001	
51.80	0.256	0.270	0.090	0.039	-0.000	-0.000	
51.85	0.261	0.270	0.091	-0.002	-0.001	0.008	
51.90	0.265	0.270	0.090	-0.045	0.001	0.011	
51.95	0.270	0.270	0.086	-0.092	0.001	0.001	
52.00	0.274	0.270	0.080	-0.133	0.001	-0.004	
52.05	0.278	0.270	0.073	-0.167	0.001	-0.009	
52.10	0.282	0.270	0.063	-0.193	-0.000	-0.016	
52.15	0.285	0.270	0.053	-0.210	-0.001	-0.013	
52.20	0.287	0.270	0.042	-0.224	-0.002	-0.005	
52.25	0.289	0.270	0.031	-0.235	-0.002	0.003	
52.30	0.290	0.270	0.018	-0.239	-0.001	0.011	
52.35	0.291	0.270	0.007	-0.250	-0.000	0.011	
52.40	0.291	0.270	-0.006	-0.269	0.000	0.006	
52.45	0.290	0.270	-0.021	-0.264	0.001	-0.003	
52.50	0.289	0.270	-0.034	-0.238	-0.001	-0.004	
52.55	0.287	0.270	-0.044	-0.214	-0.001	0.009	
52.60	0.284	0.270	-0.055	-0.194	0.001	0.004	
52.65	0.281	0.270	-0.064	-0.169	-0.000	-0.002	
52.70	0.278	0.270	-0.072	-0.141	0.000	0.002	
52.75	0.274	0.270	-0.078	-0.112	0.001	-0.010	
52.80	0.270	0.270	-0.083	-0.075	-0.002	-0.007	
52.85	0.265	0.270	-0.086	-0.031	-0.001	0.014	
52.90	0.261	0.270	-0.086	0.015	0.001	0.017	
52.95	0.257	0.270	-0.084	0.049	0.002	-0.001	
53.00	0.253	0.270	-0.081	0.079	0.000	-0.012	
53.05	0.249	0.270	-0.077	0.111	-0.000	-0.003	
53.10	0.245	0.270	-0.070	0.140	0.001	0.001	
53.15	0.241	0.270	-0.063	0.169	0.000	-0.003	
53.20	0.239	0.270	-0.053	0.195	-0.000	-0.001	
53.25	0.236	0.270	-0.043	0.215	-0.000	0.010	
53.30	0.234	0.270	-0.032	0.237	0.001	0.012	
53.35	0.233	0.270	-0.019	0.254	0.002	-0.008	
53.40	0.232	0.270	-0.006	0.257	0.000	-0.023	
53.45	0.232	0.270	0.007	0.255	-0.001	-0.017	
53.50	0.233	0.270	0.020	0.250	-0.002	0.000	
53.55	0.234	0.270	0.032	0.240	-0.001	0.009	
53.60	0.236	0.270	0.044	0.229	-0.000	0.005	
53.65	0.239	0.270	0.056	0.198	-0.001	0.009	
53.70	0.242	0.270	0.065	0.145	0.000	0.015	
53.75	0.245	0.270	0.070	0.113	0.001	0.007	
53.80	0.249	0.270	0.075	0.098	0.002	-0.014	
53.85	0.253	0.270	0.080	0.076	-0.001	-0.022	
53.90	0.257	0.270	0.083	0.042	-0.002	-0.001	
53.95	0.261	0.270	0.085	-0.002	-0.001	0.014	
54.00	0.266	0.270	0.083	-0.049	0.000	0.015	
54.05	0.270	0.270	0.080	-0.091	0.001	0.009	
54.10	0.274	0.270	0.074	-0.124	0.001	-0.002	
54.15	0.277	0.270	0.067	-0.147	0.001	-0.006	
54.20	0.280	0.270	0.059	-0.173	0.001	-0.008	
54.25	0.283	0.270	0.049	-0.200	-0.001	-0.005	
54.30	0.285	0.270	0.039	-0.223	0.000	0.005	
54.35	0.287	0.270	0.027	-0.240	0.001	0.001	
54.40	0.288	0.270	0.014	-0.242	-0.000	0.004	
54.45	0.288	0.270	0.002	-0.234	0.001	0.004	
54.50	0.288	0.270	-0.009	-0.229	0.001	-0.009	
54.55	0.288	0.270	-0.021	-0.226	-0.000	-0.015	
54.60	0.286	0.270	-0.032	-0.214	-0.002	-0.001	
54.65	0.284	0.270	-0.042	-0.195	-0.000	0.013	
54.70	0.282	0.270	-0.051	-0.175	0.001	0.006	
54.75	0.279	0.270	-0.060	-0.153	0.000	-0.003	
54.80	0.276	0.270	-0.067	-0.118	0.000	-0.006	
54.85	0.272	0.270	-0.072	-0.075	-0.000	-0.009	
54.90	0.269	0.270	-0.074	-0.045	-0.001	-0.011	
54.95	0.265	0.270	-0.076	-0.032	-0.002	-0.000	
55.00	0.261	0.270	-0.078	-0.009	-0.001	0.016	
55.05	0.257	0.270	-0.078	0.030	0.001	0.014	
55.10	0.253	0.270	-0.075	0.070	0.001	-0.000	
55.15	0.250	0.270	-0.070	0.102	-0.000	-0.000	
55.20	0.246	0.270	-0.065	0.131	0.001	0.003	
55.25	0.243	0.270	-0.057	0.163	0.000	0.001	
55.30	0.240	0.270	-0.048	0.188	0.001	0.004	
55.35	0.238	0.270	-0.038	0.203	0.002	-0.006	
55.40	0.236	0.270	-0.028	0.220	-0.000	-0.011	
55.45	0.235	0.270	-0.016	0.232	-0.000	-0.003	
55.50	0.235	0.270	-0.004	0.229	-0.000	-0.000	
55.55	0.235	0.270	0.007	0.224	-0.001	0.007	
55.60	0.236	0.270	0.018	0.218	0.001	0.005	
55.65	0.237	0.270	0.029	0.209	0.001	-0.011	
55.70	0.239	0.270	0.039	0.198	-0.001	-0.014	
55.75	0.241	0.270	0.049	0.179	-0.001	-0.001	
55.80	0.244	0.270	0.058	0.152	-0.001	0.012	
55.85	0.247	0.270	0.065	0.122	0.000	0.017	
55.90	0.250	0.270	0.070	0.093	0.002	0.000	
55.95	0.254	0.270	0.074	0.067	0.000	-0.016	
56.00	0.257	0.270	0.077	0.040	-0.001	-0.011	
56.05	0.261	0.270	0.078	0.007	-0.001	0.001	
56.10	0.265	0.270	0.077	-0.029	-0.000	0.008	
56.15	0.269	0.270	0.076	-0.073	-0.000	0.009	
56.20	0.273	0.270	0.070	-0.127	-0.000	0.016	
56.25	0.276	0.270	0.062	-0.161	0.002	0.009	
56.30	0.279	0.270	0.053	-0.175	0.002	-0.016	
56.35	0.282	0.270	0.044	-0.187	-0.001	-0.019	
56.40	0.284	0.270	0.035	-0.204	-0.002	0.004	
56.45	0.285	0.270	0.024	-0.218	0.001	0.014	
56.50	0.286	0.270	0.012	-0.219	0.001	0.003	
56.55	0.286	0.270	0.002	-0.214	0.000	-0.002	
56.60	0.286	0.270	-0.009	-0.212	0.000	0.002	
56.65	0.286	0.270	-0.019	-0.212	0.001	0.005	
56.70	0.284	0.270	-0.030	-0.201	0.002	-0.007	
56.75	0.282	0.271	-0.040	-0.176	0.000	-0.019	
56.80	0.280	0.270	-0.048	-0.153	-0.002	-0.006	
56.85	0.278	0.270	-0.055	-0.137	-0.001	0.007	
56.90	0.275	0.270	-0.062	-0.121	-0.000	0.005	
56.95	0.271	0.270	-0.068	-0.093	0.000	0.001	
57.00	0.268	0.270	-0.071	-0.056	-0.000	-0.004	
57.05	0.264	0.270	-0.073	-0.019	-0.000	-0.008	
57.10	0.261	0.270	-0.073	0.016	-0.001	-0.007	
57.15	0.257	0.270	-0.071	0.049	-0.001	0.000	
57.20	0.253	0.270	-0.068	0.078	-0.001	-0.000	
57.25	0.250	0.270	-0.063	0.103	-0.001	-0.000	
57.30	0.247	0.270	-0.058	0.131	-0.001	0.007	
57.35	0.244	0.270	-0.051	0.168	-0.000	0.010	
57.40	0.242	0.270	-0.040	0.188	0.000	0.009	
57.45	0.240	0.270	-0.030	0.179	0.000	0.010	
57.50	0.239	0.270	-0.023	0.179	0.001	0.004	
57.55	0.238	0.270	-0.013	0.192	0.001	-0.006	
57.60	0.237	0.270	-0.003	0.202	0.000	-0.010	
57.65	0.238	0.270	0.007	0.207	-0.001	0.000	
57.70	0.238	0.270	0.017	0.206	0.001	0.003	
57.75	0.239	0.270	0.028	0.193	0.000	-0.004	
57.80	0.241	0.270	0.037	0.171	0.000	-0.006	
57.85	0.243	0.270	0.045	0.154	-0.000	-0.008	
57.90	0.245	0.270	0.053	0.135	-0.001	-0.002	
57.95	0.248	0.270	0.059	0.108	-0.001	0.007	
58.00	0.251	0.270	0.063	0.082	0.000	0.005	
58.05	0.255	0.270	0.067	0.061	-0.000	-0.001	
58.10	0.258	0.270	0.070	0.034	-0.001	0.011	
58.15	0.262	0.270	0.071	-0.005	0.002	0.010	
58.20	0.265	0.270	0.069	-0.048	0.002	-0.016	
58.25	0.269	0.270	0.065	-0.078	-0.001	-0.016	
58.30	0.272	0.270	0.061	-0.102	-0.001	0.005	
58.35	0.275	0.270	0.056	-0.132	-0.000	0.014	
58.40	0.277	0.270	0.048	-0.157	0.001	0.007	
58.45	0.280	0.270	0.039	-0.173	0.001	-0.006	
58.50	0.281	0.270	0.030	-0.182	-0.000	-0.006	
58.55	0.283	0.270	0.021	-0.184	0.000	0.002	
58.60	0.283	0.270	0.011	-0.178	0.001	-0.002	
58.65	0.284	0.270	0.004	-0.185	-0.001	-0.002	
58.70	0.284	0.270	-0.006	-0.206	0.000	0.005	
58.75	0.283	0.270	-0.018	-0.207	0.001	0.001	
58.80	0.282	0.270	-0.028	-0.185	-0.000	0.001	
58.85	0.280	0.270	-0.036	-0.163	0.001	-0.001	
58.90	0.279	0.270	-0.044	-0.145	0.000	-0.015	
58.95	0.276	0.270	-0.051	-0.123	-0.002	-0.008	
59.00	0.273	0.270	-0.056	-0.102	-0.001	0.015	
59.05	0.270	0.270	-0.061	-0.078	0.000	0.024	
59.10	0.267	0.270	-0.065	-0.049	0.002	0.008	
59.15	0.264	0.270	-0.066	-0.017	0.002	-0.025	
59.20	0.261	0.270	-0.066	0.015	-0.002	-0.024	
59.25	0.257	0.270	-0.065	0.046	-0.002	0.010	
59.30	0.254	0.270	-0.061	0.071	0.001	0.011	
59.35	0.251	0.270	-0.057	0.096	0.000	-0.003	
59.40	0.248	0.270	-0.052	0.116	-0.001	0.001	
59.45	0.246	0.270	-0.046	0.135	0.000	0.008	
59.50	0.244	0.270	-0.038	0.159	0.001	0.004	
59.55	0.242	0.270	-0.029	0.174	0.000	0.000	
59.60	0.241	0.270	-0.021	0.181	0.000	0.003	
59.65	0.240	0.270	-0.012	0.188	0.001	0.001	
59.70	0.239	0.270	-0.002	0.193	0.001	-0.002	
59.75	0.240	0.270	0.008	0.191	0.001	-0.007	
59.80	0.240	0.270	0.017	0.188	0.000	-0.013	
59.85	0.241	0.270	0.027	0.182	-0.001	-0.009	
59.90	0.243	0.270	0.037	0.150	-0.001	-0.009	
59.95	0.245	0.270	0.043	0.100	-0.002	-0.014	
60.00	0.247	0.270	0.045	0.062	-0.002	-0.017	
