Vernier Format 2
run33.txt 10/10/2025 15:24:30
Run 1
Time	Position	Position	Velocity	Acceleration	Velocity	Acceleration	
T	P	P	V	A	V	A	
s	m	m	m/s	m/s^2	m/s	m/s^2	

0.00	0.260	0.309	-0.002	0.021	0.118	-0.290	
0.05	0.260	0.315	-0.001	0.018	0.105	-0.334	
0.10	0.260	0.320	-0.000	0.012	0.087	-0.389	
0.15	0.260	0.324	-0.000	0.006	0.066	-0.445	
0.20	0.260	0.327	0.000	0.002	0.042	-0.501	
0.25	0.260	0.328	0.000	0.000	0.015	-0.526	
0.30	0.260	0.328	0.000	0.000	-0.012	-0.517	
0.35	0.260	0.327	0.000	0.000	-0.037	-0.495	
0.40	0.260	0.324	0.000	0.001	-0.062	-0.459	
0.45	0.260	0.321	0.000	0.003	-0.083	-0.426	
0.50	0.260	0.316	0.000	0.005	-0.105	-0.385	
0.55	0.260	0.310	0.001	0.001	-0.122	-0.328	
0.60	0.260	0.304	0.000	-0.003	-0.137	-0.267	
0.65	0.260	0.296	0.000	-0.001	-0.149	-0.203	
0.70	0.260	0.288	0.001	-0.005	-0.157	-0.151	
0.75	0.260	0.280	-0.001	-0.004	-0.165	-0.085	
0.80	0.260	0.272	0.000	0.001	-0.167	0.008	
0.85	0.260	0.263	0.000	-0.008	-0.163	0.083	
0.90	0.260	0.255	-0.001	-0.011	-0.158	0.144	
0.95	0.260	0.247	-0.001	-0.002	-0.149	0.209	
1.00	0.260	0.240	-0.001	0.008	-0.137	0.267	
1.05	0.260	0.234	-0.000	0.009	-0.122	0.322	
1.10	0.260	0.228	0.000	-0.003	-0.105	0.378	
1.15	0.260	0.223	-0.001	-0.010	-0.084	0.424	
1.20	0.260	0.220	-0.001	-0.003	-0.062	0.462	
1.25	0.260	0.217	-0.001	-0.001	-0.038	0.493	
1.30	0.260	0.216	-0.001	-0.000	-0.012	0.507	
1.35	0.260	0.216	-0.001	0.007	0.013	0.509	
1.40	0.260	0.217	-0.000	0.008	0.040	0.476	
1.45	0.260	0.220	-0.000	0.005	0.063	0.407	
1.50	0.260	0.223	0.000	0.002	0.080	0.350	
1.55	0.260	0.228	0.000	0.002	0.096	0.321	
1.60	0.260	0.233	0.000	0.003	0.112	0.298	
1.65	0.260	0.239	0.000	0.004	0.127	0.261	
1.70	0.260	0.246	0.001	-0.001	0.139	0.199	
1.75	0.260	0.253	0.000	-0.005	0.149	0.100	
1.80	0.260	0.261	-0.000	0.005	0.149	0.003	
1.85	0.260	0.268	0.001	0.008	0.146	-0.049	
1.90	0.260	0.276	0.001	-0.003	0.144	-0.085	
1.95	0.260	0.283	0.000	-0.009	0.139	-0.138	
2.00	0.260	0.290	-0.000	-0.004	0.131	-0.213	
2.05	0.260	0.296	-0.001	0.010	0.117	-0.280	
2.10	0.260	0.301	0.001	0.024	0.101	-0.313	
2.15	0.260	0.306	0.003	0.010	0.086	-0.346	
2.20	0.260	0.310	0.002	-0.018	0.067	-0.383	
2.25	0.260	0.313	-0.000	-0.019	0.047	-0.396	
2.30	0.260	0.315	-0.000	-0.006	0.027	-0.409	
2.35	0.260	0.316	-0.000	-0.002	0.005	-0.407	
2.40	0.260	0.315	-0.000	-0.002	-0.014	-0.394	
2.45	0.260	0.314	-0.000	-0.005	-0.033	-0.391	
2.50	0.260	0.312	-0.001	-0.000	-0.054	-0.374	
2.55	0.260	0.309	-0.000	0.004	-0.072	-0.343	
2.60	0.260	0.305	-0.000	0.001	-0.088	-0.304	
2.65	0.260	0.300	-0.000	-0.000	-0.102	-0.258	
2.70	0.260	0.295	-0.001	0.004	-0.114	-0.210	
2.75	0.260	0.288	0.001	0.003	-0.124	-0.151	
2.80	0.260	0.282	0.000	-0.003	-0.129	-0.088	
2.85	0.260	0.275	-0.001	0.003	-0.132	-0.029	
2.90	0.260	0.269	0.001	0.004	-0.132	0.023	
2.95	0.260	0.262	0.000	-0.002	-0.130	0.075	
3.00	0.260	0.256	0.000	-0.000	-0.126	0.149	
3.05	0.260	0.249	0.000	0.003	-0.115	0.228	
3.10	0.260	0.244	0.000	0.006	-0.101	0.279	
3.15	0.260	0.239	0.001	0.002	-0.087	0.315	
3.20	0.260	0.235	0.001	-0.010	-0.070	0.348	
3.25	0.260	0.232	-0.001	-0.009	-0.052	0.378	
3.30	0.260	0.230	-0.000	-0.002	-0.031	0.395	
3.35	0.260	0.229	-0.000	-0.001	-0.011	0.393	
3.40	0.260	0.229	-0.001	0.004	0.007	0.398	
3.45	0.260	0.230	0.001	0.000	0.029	0.394	
3.50	0.260	0.232	-0.000	-0.011	0.049	0.348	
3.55	0.260	0.235	-0.001	-0.008	0.064	0.286	
3.60	0.260	0.238	-0.001	0.003	0.077	0.239	
3.65	0.260	0.243	-0.001	0.014	0.087	0.211	
3.70	0.260	0.247	0.001	0.008	0.097	0.192	
3.75	0.260	0.252	0.001	-0.011	0.108	0.152	
3.80	0.260	0.258	-0.001	-0.016	0.114	0.084	
3.85	0.260	0.264	-0.002	-0.001	0.115	0.034	
3.90	0.260	0.269	-0.001	0.008	0.117	-0.005	
3.95	0.260	0.276	-0.000	0.003	0.115	-0.063	
4.00	0.260	0.281	-0.001	0.005	0.110	-0.120	
4.05	0.260	0.287	-0.000	0.010	0.103	-0.172	
4.10	0.260	0.292	0.000	0.012	0.092	-0.207	
4.15	0.260	0.296	0.001	0.012	0.082	-0.243	
4.20	0.260	0.300	0.002	0.009	0.069	-0.300	
4.25	0.260	0.303	0.002	0.016	0.051	-0.334	
4.30	0.260	0.305	0.004	0.010	0.034	-0.340	
4.35	0.261	0.306	0.004	-0.016	0.018	-0.348	
4.40	0.261	0.307	0.001	-0.024	-0.001	-0.345	
4.45	0.261	0.306	0.000	-0.014	-0.018	-0.325	
4.50	0.261	0.305	0.000	-0.005	-0.033	-0.308	
4.55	0.261	0.303	0.000	-0.001	-0.048	-0.296	
4.60	0.261	0.300	0.000	-0.001	-0.063	-0.270	
4.65	0.261	0.297	0.000	-0.002	-0.075	-0.238	
4.70	0.261	0.293	-0.000	-0.005	-0.087	-0.205	
4.75	0.261	0.288	-0.000	-0.010	-0.097	-0.159	
4.80	0.261	0.283	-0.001	-0.009	-0.104	-0.098	
4.85	0.260	0.277	-0.002	-0.003	-0.106	-0.049	
4.90	0.260	0.272	-0.002	0.003	-0.107	-0.032	
4.95	0.260	0.267	-0.001	0.009	-0.110	0.002	
5.00	0.260	0.261	-0.000	0.008	-0.108	0.067	
5.05	0.260	0.256	-0.000	0.000	-0.103	0.122	
5.10	0.260	0.251	-0.000	-0.006	-0.096	0.174	
5.15	0.260	0.246	-0.001	-0.004	-0.085	0.222	
5.20	0.260	0.242	-0.001	0.005	-0.073	0.257	
5.25	0.260	0.239	-0.000	0.009	-0.059	0.288	
5.30	0.260	0.236	0.000	0.008	-0.044	0.314	
5.35	0.260	0.234	0.000	0.006	-0.028	0.337	
5.40	0.260	0.233	0.001	-0.001	-0.010	0.344	
5.45	0.260	0.233	0.000	-0.005	0.007	0.341	
5.50	0.260	0.234	-0.000	0.005	0.024	0.348	
5.55	0.260	0.235	0.001	0.008	0.042	0.336	
5.60	0.260	0.238	0.001	-0.002	0.059	0.286	
5.65	0.260	0.242	0.000	-0.007	0.072	0.218	
5.70	0.260	0.245	0.000	-0.004	0.080	0.174	
5.75	0.260	0.250	0.000	-0.002	0.088	0.146	
5.80	0.260	0.254	0.000	-0.001	0.095	0.110	
5.85	0.260	0.259	0.000	-0.002	0.099	0.073	
5.90	0.260	0.264	-0.000	-0.005	0.103	0.026	
5.95	0.260	0.270	-0.000	-0.008	0.102	-0.024	
6.00	0.260	0.275	-0.001	-0.005	0.100	-0.062	
6.05	0.260	0.280	-0.001	0.004	0.096	-0.104	
6.10	0.260	0.284	-0.000	0.006	0.090	-0.152	
6.15	0.260	0.289	-0.000	0.000	0.080	-0.190	
6.20	0.260	0.292	-0.000	-0.004	0.070	-0.216	
6.25	0.260	0.296	-0.001	0.002	0.059	-0.239	
6.30	0.260	0.298	-0.001	0.019	0.046	-0.254	
6.35	0.260	0.300	0.001	0.024	0.034	-0.268	
6.40	0.260	0.302	0.003	0.009	0.020	-0.297	
6.45	0.260	0.302	0.003	-0.011	0.002	-0.299	
6.50	0.260	0.302	0.001	-0.017	-0.011	-0.276	
6.55	0.260	0.301	0.000	-0.010	-0.024	-0.272	
6.60	0.260	0.300	0.000	-0.003	-0.038	-0.267	
6.65	0.260	0.297	0.000	0.001	-0.051	-0.246	
6.70	0.260	0.294	0.000	0.004	-0.064	-0.213	
6.75	0.260	0.291	0.000	0.008	-0.073	-0.175	
6.80	0.260	0.287	0.001	0.004	-0.080	-0.152	
6.85	0.260	0.283	0.001	-0.006	-0.089	-0.118	
6.90	0.261	0.278	0.000	-0.008	-0.093	-0.066	
6.95	0.260	0.273	-0.000	0.003	-0.095	-0.026	
7.00	0.260	0.269	0.001	0.007	-0.095	0.011	
7.05	0.261	0.264	0.001	-0.004	-0.094	0.059	
7.10	0.261	0.259	0.000	-0.013	-0.089	0.102	
7.15	0.261	0.255	-0.000	-0.016	-0.083	0.135	
7.20	0.261	0.251	-0.002	-0.012	-0.076	0.171	
7.25	0.260	0.247	-0.002	0.003	-0.066	0.200	
7.30	0.260	0.244	-0.001	0.009	-0.056	0.233	
7.35	0.260	0.241	-0.000	0.001	-0.043	0.265	
7.40	0.260	0.240	-0.001	-0.001	-0.028	0.275	
7.45	0.260	0.239	-0.001	-0.002	-0.015	0.284	
7.50	0.260	0.238	-0.001	-0.002	0.000	0.288	
7.55	0.260	0.239	-0.001	0.006	0.014	0.282	
7.60	0.260	0.239	-0.000	0.008	0.028	0.288	
7.65	0.260	0.241	-0.000	0.005	0.044	0.268	
7.70	0.260	0.244	0.000	0.002	0.056	0.221	
7.75	0.260	0.247	0.000	0.001	0.066	0.176	
7.80	0.260	0.251	0.000	0.002	0.073	0.140	
7.85	0.260	0.254	0.000	0.005	0.079	0.125	
7.90	0.260	0.258	0.000	0.008	0.086	0.099	
7.95	0.260	0.263	0.001	0.005	0.090	0.039	
8.00	0.260	0.268	0.001	-0.005	0.090	-0.023	
8.05	0.260	0.272	0.000	-0.008	0.087	-0.067	
8.10	0.260	0.276	0.000	-0.005	0.082	-0.095	
8.15	0.260	0.280	0.000	-0.002	0.078	-0.121	
8.20	0.260	0.284	0.000	-0.000	0.070	-0.149	
8.25	0.260	0.287	0.000	0.001	0.063	-0.176	
8.30	0.260	0.291	0.000	0.004	0.053	-0.208	
8.35	0.260	0.293	0.000	0.009	0.041	-0.223	
8.40	0.260	0.295	0.001	0.016	0.030	-0.231	
8.45	0.260	0.296	0.002	0.008	0.019	-0.256	
8.50	0.261	0.297	0.002	-0.014	0.005	-0.272	
8.55	0.261	0.297	0.000	-0.024	-0.010	-0.253	
8.60	0.261	0.295	-0.001	-0.016	-0.022	-0.211	
8.65	0.260	0.294	-0.001	-0.003	-0.030	-0.198	
8.70	0.260	0.293	-0.001	-0.001	-0.040	-0.209	
8.75	0.260	0.290	-0.001	-0.000	-0.052	-0.188	
8.80	0.260	0.287	-0.001	0.007	-0.060	-0.152	
8.85	0.260	0.284	-0.000	0.008	-0.067	-0.125	
8.90	0.260	0.281	-0.000	0.005	-0.073	-0.095	
8.95	0.260	0.277	0.000	0.002	-0.077	-0.061	
9.00	0.260	0.273	0.000	0.000	-0.079	-0.028	
9.05	0.260	0.269	0.000	0.000	-0.079	0.008	
9.10	0.260	0.265	0.000	0.002	-0.078	0.046	
9.15	0.260	0.261	0.000	0.005	-0.074	0.075	
9.20	0.260	0.257	0.000	0.008	-0.071	0.108	
9.25	0.260	0.254	0.001	0.005	-0.064	0.149	
9.30	0.260	0.251	0.001	-0.005	-0.055	0.179	
9.35	0.260	0.248	0.000	-0.008	-0.046	0.202	
9.40	0.260	0.246	0.000	-0.005	-0.035	0.225	
9.45	0.260	0.245	0.000	-0.002	-0.023	0.237	
9.50	0.260	0.244	0.000	-0.002	-0.011	0.237	
9.55	0.260	0.244	-0.000	-0.005	0.001	0.239	
9.60	0.260	0.244	-0.000	-0.008	0.013	0.236	
9.65	0.260	0.245	-0.001	-0.005	0.025	0.223	
9.70	0.260	0.247	-0.001	0.003	0.036	0.208	
9.75	0.260	0.249	-0.000	0.003	0.045	0.197	
9.80	0.260	0.251	-0.000	-0.003	0.056	0.173	
9.85	0.260	0.254	-0.001	-0.003	0.064	0.120	
9.90	0.260	0.258	-0.001	0.005	0.068	0.069	
9.95	0.260	0.261	-0.000	0.008	0.069	0.049	
10.00	0.260	0.265	-0.000	0.005	0.072	0.041	
10.05	0.260	0.268	0.000	0.002	0.075	0.015	
10.10	0.260	0.272	0.000	0.000	0.075	-0.036	
10.15	0.260	0.276	0.000	0.000	0.071	-0.088	
10.20	0.260	0.279	0.000	0.000	0.065	-0.112	
10.25	0.260	0.282	0.000	0.001	0.059	-0.127	
10.30	0.260	0.285	0.000	0.003	0.053	-0.158	
10.35	0.260	0.288	0.000	0.006	0.043	-0.185	
10.40	0.260	0.290	0.001	0.008	0.034	-0.201	
10.45	0.260	0.291	0.000	0.018	0.023	-0.218	
10.50	0.260	0.292	0.003	0.022	0.012	-0.229	
10.55	0.261	0.293	0.004	-0.005	0.000	-0.231	
10.60	0.261	0.292	0.002	-0.021	-0.012	-0.224	
10.65	0.261	0.291	0.001	-0.018	-0.022	-0.208	
10.70	0.261	0.290	0.000	-0.015	-0.033	-0.180	
10.75	0.261	0.288	-0.001	-0.006	-0.041	-0.143	
10.80	0.261	0.286	0.000	-0.008	-0.046	-0.128	
10.85	0.261	0.283	-0.001	-0.012	-0.053	-0.128	
10.90	0.260	0.280	-0.002	0.001	-0.060	-0.108	
10.95	0.260	0.277	-0.001	0.007	-0.064	-0.080	
11.00	0.260	0.274	-0.001	-0.002	-0.069	-0.043	
11.05	0.260	0.270	-0.001	-0.004	-0.069	0.006	
11.10	0.260	0.267	-0.002	0.002	-0.067	0.038	
11.15	0.260	0.264	-0.001	0.011	-0.065	0.061	
11.20	0.260	0.260	-0.000	0.013	-0.061	0.083	
11.25	0.260	0.257	0.001	0.002	-0.056	0.105	
11.30	0.260	0.255	0.000	-0.006	-0.051	0.130	
11.35	0.260	0.252	-0.001	0.000	-0.044	0.159	
11.40	0.260	0.250	0.000	0.008	-0.034	0.181	
11.45	0.260	0.249	0.001	0.003	-0.025	0.197	
11.50	0.260	0.248	0.000	-0.003	-0.015	0.212	
11.55	0.260	0.247	0.000	-0.001	-0.004	0.216	
11.60	0.260	0.247	0.000	0.003	0.008	0.205	
11.65	0.260	0.248	0.000	0.008	0.017	0.192	
11.70	0.260	0.249	0.001	0.005	0.026	0.194	
11.75	0.260	0.251	0.001	-0.005	0.037	0.181	
11.80	0.260	0.253	0.000	-0.009	0.045	0.153	
11.85	0.260	0.255	0.000	-0.008	0.052	0.132	
11.90	0.260	0.258	-0.000	-0.007	0.059	0.094	
11.95	0.260	0.261	-0.001	-0.002	0.061	0.062	
12.00	0.260	0.264	-0.000	-0.000	0.064	0.048	
12.05	0.260	0.268	-0.000	-0.006	0.067	0.017	
12.10	0.260	0.271	-0.001	-0.007	0.066	-0.027	
12.15	0.260	0.274	-0.002	0.000	0.064	-0.068	
12.20	0.260	0.277	-0.001	0.008	0.059	-0.096	
12.25	0.260	0.280	-0.000	0.010	0.054	-0.117	
12.30	0.260	0.283	-0.000	0.007	0.047	-0.141	
12.35	0.260	0.285	0.000	0.007	0.040	-0.156	
12.40	0.260	0.287	0.000	0.010	0.032	-0.167	
12.45	0.260	0.288	0.001	0.010	0.022	-0.169	
12.50	0.260	0.289	0.002	0.003	0.015	-0.181	
12.55	0.260	0.290	0.002	-0.003	0.005	-0.211	
12.60	0.260	0.290	0.001	-0.009	-0.007	-0.211	
12.65	0.260	0.289	0.000	-0.010	-0.017	-0.179	
12.70	0.260	0.288	0.000	-0.005	-0.025	-0.148	
12.75	0.260	0.286	0.000	-0.002	-0.031	-0.142	
12.80	0.260	0.285	0.000	-0.000	-0.039	-0.141	
12.85	0.260	0.282	0.000	0.000	-0.046	-0.116	
12.90	0.260	0.280	0.000	0.001	-0.050	-0.090	
12.95	0.260	0.277	0.000	0.003	-0.055	-0.064	
13.00	0.260	0.274	0.000	0.003	-0.057	-0.033	
13.05	0.260	0.272	0.001	-0.003	-0.058	-0.018	
13.10	0.261	0.269	0.000	-0.010	-0.059	-0.003	
13.15	0.260	0.266	-0.001	-0.004	-0.059	0.026	
13.20	0.260	0.263	-0.000	0.002	-0.056	0.056	
13.25	0.260	0.260	-0.000	-0.002	-0.053	0.081	
13.30	0.260	0.257	-0.000	-0.007	-0.049	0.111	
13.35	0.260	0.255	-0.001	-0.005	-0.042	0.145	
13.40	0.260	0.253	-0.001	0.003	-0.034	0.170	
13.45	0.260	0.252	-0.000	0.003	-0.024	0.179	
13.50	0.260	0.251	-0.000	-0.003	-0.015	0.178	
13.55	0.260	0.250	-0.001	-0.003	-0.007	0.175	
13.60	0.260	0.250	-0.001	0.005	0.002	0.168	
13.65	0.260	0.250	-0.000	0.008	0.010	0.167	
13.70	0.260	0.251	-0.000	0.005	0.019	0.169	
13.75	0.260	0.252	0.000	0.002	0.028	0.155	
13.80	0.260	0.254	0.000	0.000	0.034	0.145	
13.85	0.260	0.256	0.000	0.000	0.042	0.134	
13.90	0.260	0.258	0.000	0.000	0.048	0.106	
13.95	0.260	0.261	0.000	0.001	0.052	0.081	
14.00	0.260	0.263	0.000	0.003	0.057	0.053	
14.05	0.260	0.266	0.000	0.003	0.058	0.016	
14.10	0.260	0.269	0.001	-0.003	0.058	-0.015	
14.15	0.260	0.272	0.000	-0.010	0.057	-0.050	
14.20	0.260	0.275	-0.001	-0.003	0.052	-0.073	
14.25	0.260	0.277	-0.000	0.004	0.049	-0.089	
14.30	0.260	0.280	-0.000	0.006	0.044	-0.111	
14.35	0.260	0.282	0.000	0.009	0.038	-0.129	
14.40	0.260	0.284	0.001	0.013	0.031	-0.143	
14.45	0.260	0.285	0.002	0.006	0.023	-0.157	
14.50	0.260	0.286	0.002	-0.006	0.015	-0.169	
14.55	0.260	0.286	0.001	-0.006	0.006	-0.169	
14.60	0.260	0.287	0.001	-0.007	-0.002	-0.165	
14.65	0.260	0.286	0.000	-0.009	-0.010	-0.162	
14.70	0.260	0.286	0.000	-0.008	-0.019	-0.150	
14.75	0.260	0.284	-0.000	-0.009	-0.026	-0.127	
14.80	0.260	0.283	-0.001	-0.004	-0.031	-0.107	
14.85	0.260	0.281	-0.001	0.008	-0.036	-0.099	
14.90	0.260	0.279	-0.000	0.013	-0.041	-0.089	
14.95	0.260	0.277	0.001	0.004	-0.046	-0.069	
15.00	0.260	0.275	0.000	-0.004	-0.048	-0.041	
15.05	0.260	0.272	0.000	-0.004	-0.049	-0.024	
15.10	0.260	0.270	-0.000	-0.003	-0.051	-0.008	
15.15	0.260	0.267	-0.001	0.004	-0.051	0.021	
15.20	0.260	0.265	0.001	0.005	-0.049	0.053	
15.25	0.260	0.262	0.000	-0.001	-0.045	0.078	
15.30	0.260	0.260	0.000	-0.000	-0.041	0.095	
15.35	0.260	0.258	0.000	0.002	-0.035	0.110	
15.40	0.260	0.257	0.000	0.003	-0.029	0.114	
15.45	0.260	0.255	0.001	-0.005	-0.024	0.125	
15.50	0.260	0.254	-0.000	-0.013	-0.017	0.154	
15.55	0.260	0.253	-0.001	-0.008	-0.008	0.165	
15.60	0.260	0.253	-0.001	0.002	-0.000	0.159	
15.65	0.260	0.253	-0.000	0.003	0.008	0.154	
15.70	0.260	0.254	-0.000	-0.003	0.016	0.139	
15.75	0.260	0.255	-0.001	-0.003	0.022	0.120	
15.80	0.260	0.256	-0.001	0.005	0.027	0.116	
15.85	0.260	0.258	-0.000	0.008	0.034	0.109	
15.90	0.260	0.260	-0.000	0.004	0.039	0.086	
15.95	0.260	0.262	0.000	0.000	0.042	0.063	
16.00	0.260	0.264	-0.000	-0.002	0.044	0.049	
16.05	0.260	0.266	-0.000	-0.003	0.046	0.044	
16.10	0.260	0.268	-0.001	0.003	0.050	0.013	
16.15	0.260	0.271	0.000	0.010	0.049	-0.047	
16.20	0.260	0.274	0.001	0.007	0.044	-0.079	
16.25	0.260	0.276	0.000	0.007	0.040	-0.083	
16.30	0.260	0.277	0.001	0.016	0.036	-0.092	
16.35	0.260	0.279	0.003	0.012	0.031	-0.104	
16.40	0.260	0.281	0.003	-0.011	0.025	-0.103	
16.45	0.261	0.282	0.001	-0.021	0.021	-0.112	
16.50	0.260	0.283	-0.000	-0.005	0.015	-0.136	
16.55	0.260	0.283	0.001	0.004	0.007	-0.154	
16.60	0.261	0.283	0.001	-0.004	-0.001	-0.166	
16.65	0.261	0.283	0.000	-0.011	-0.010	-0.162	
16.70	0.261	0.282	-0.000	-0.012	-0.019	-0.130	
16.75	0.261	0.281	-0.001	-0.007	-0.023	-0.092	
16.80	0.260	0.280	-0.001	0.004	-0.026	-0.076	
16.85	0.260	0.279	-0.000	0.008	-0.030	-0.070	
16.90	0.260	0.277	-0.000	0.003	-0.034	-0.059	
16.95	0.260	0.275	-0.000	-0.001	-0.036	-0.051	
17.00	0.260	0.273	-0.000	-0.005	-0.039	-0.039	
17.05	0.260	0.271	-0.001	-0.001	-0.041	-0.022	
17.10	0.260	0.269	-0.000	0.002	-0.041	-0.005	
17.15	0.260	0.267	-0.000	-0.002	-0.041	0.012	
17.20	0.260	0.265	-0.001	0.000	-0.040	0.039	
17.25	0.260	0.263	-0.000	0.002	-0.038	0.074	
17.30	0.260	0.261	-0.000	-0.000	-0.032	0.092	
17.35	0.260	0.260	-0.001	0.005	-0.028	0.092	
17.40	0.260	0.258	0.000	0.010	-0.023	0.098	
17.45	0.260	0.258	0.001	0.003	-0.018	0.105	
17.50	0.260	0.257	0.000	-0.003	-0.013	0.117	
17.55	0.260	0.256	0.000	-0.003	-0.006	0.135	
17.60	0.260	0.256	0.000	-0.001	0.001	0.147	
17.65	0.260	0.256	0.000	-0.000	0.009	0.139	
17.70	0.260	0.257	0.000	-0.000	0.016	0.113	
17.75	0.260	0.258	0.000	0.000	0.020	0.100	
17.80	0.260	0.259	0.000	0.000	0.025	0.102	
17.85	0.260	0.260	0.000	0.000	0.031	0.089	
17.90	0.260	0.262	0.000	-0.000	0.034	0.067	
17.95	0.260	0.264	0.000	-0.000	0.037	0.057	
18.00	0.260	0.266	0.000	-0.002	0.040	0.039	
18.05	0.260	0.268	-0.000	-0.005	0.042	0.006	
18.10	0.260	0.270	-0.000	-0.007	0.041	-0.023	
18.15	0.260	0.272	-0.001	-0.001	0.038	-0.033	
18.20	0.260	0.274	-0.001	0.014	0.037	-0.033	
18.25	0.260	0.276	0.000	0.024	0.036	-0.050	
18.30	0.260	0.278	0.002	0.013	0.032	-0.078	
18.35	0.260	0.279	0.002	-0.012	0.028	-0.099	
18.40	0.260	0.280	0.000	-0.022	0.023	-0.124	
18.45	0.260	0.281	-0.001	-0.009	0.015	-0.144	
18.50	0.260	0.282	-0.001	0.009	0.007	-0.143	
18.55	0.260	0.282	0.001	0.012	-0.000	-0.126	
18.60	0.260	0.282	0.001	0.002	-0.005	-0.120	
18.65	0.260	0.282	0.000	-0.002	-0.011	-0.128	
18.70	0.260	0.281	0.000	0.003	-0.019	-0.114	
18.75	0.260	0.280	0.001	0.001	-0.023	-0.087	
18.80	0.261	0.278	0.001	-0.010	-0.026	-0.075	
18.85	0.261	0.277	0.000	-0.016	-0.030	-0.069	
18.90	0.261	0.275	-0.001	-0.010	-0.034	-0.055	
18.95	0.260	0.274	-0.001	0.003	-0.036	-0.037	
19.00	0.260	0.272	-0.000	0.006	-0.038	-0.009	
19.05	0.260	0.270	-0.000	-0.000	-0.037	0.019	
19.10	0.260	0.268	-0.000	-0.006	-0.035	0.027	
19.15	0.260	0.266	-0.001	-0.004	-0.034	0.028	
19.20	0.260	0.264	-0.001	0.005	-0.033	0.037	
19.25	0.260	0.263	-0.000	0.007	-0.031	0.058	
19.30	0.260	0.261	-0.000	0.002	-0.027	0.082	
19.35	0.260	0.260	-0.000	-0.002	-0.022	0.088	
19.40	0.260	0.259	-0.001	0.002	-0.019	0.097	
19.45	0.260	0.258	-0.000	0.005	-0.012	0.109	
19.50	0.260	0.258	0.000	-0.005	-0.007	0.104	
19.55	0.260	0.258	-0.001	-0.008	-0.003	0.115	
19.60	0.260	0.257	-0.001	0.004	0.004	0.137	
19.65	0.260	0.258	-0.000	0.011	0.012	0.129	
19.70	0.260	0.259	0.000	0.011	0.018	0.100	
19.75	0.260	0.260	0.001	0.002	0.022	0.075	
19.80	0.260	0.261	0.001	-0.011	0.025	0.067	
19.85	0.260	0.262	-0.001	-0.008	0.028	0.065	
19.90	0.260	0.264	-0.001	0.008	0.031	0.060	
19.95	0.260	0.265	0.001	0.010	0.034	0.053	
20.00	0.260	0.267	0.001	-0.003	0.038	0.026	
20.05	0.260	0.269	0.000	-0.006	0.037	-0.005	
20.10	0.260	0.271	-0.001	0.006	0.036	-0.021	
20.15	0.260	0.273	0.001	0.019	0.035	-0.030	
20.20	0.260	0.275	0.003	0.004	0.034	-0.053	
20.25	0.261	0.276	0.002	-0.018	0.030	-0.084	
20.30	0.260	0.278	-0.000	-0.014	0.024	-0.091	
20.35	0.260	0.279	-0.000	-0.005	0.021	-0.098	
20.40	0.260	0.280	-0.000	-0.005	0.016	-0.121	
20.45	0.260	0.280	-0.000	-0.010	0.007	-0.121	
20.50	0.260	0.280	-0.002	-0.008	0.003	-0.109	
20.55	0.260	0.281	-0.002	0.008	-0.002	-0.113	
20.60	0.260	0.280	-0.000	0.018	-0.009	-0.108	
20.65	0.260	0.280	0.001	0.008	-0.013	-0.102	
20.70	0.260	0.279	0.000	-0.000	-0.019	-0.091	
20.75	0.260	0.278	0.000	0.001	-0.023	-0.067	
20.80	0.260	0.277	0.000	0.004	-0.025	-0.057	
20.85	0.260	0.275	0.001	0.001	-0.029	-0.045	
20.90	0.260	0.274	0.000	-0.002	-0.030	-0.034	
20.95	0.260	0.272	0.000	0.001	-0.032	-0.034	
21.00	0.260	0.270	0.001	-0.003	-0.034	-0.016	
21.05	0.260	0.269	0.000	-0.010	-0.034	0.014	
21.10	0.260	0.267	-0.000	-0.011	-0.032	0.034	
21.15	0.260	0.265	-0.001	-0.005	-0.030	0.043	
21.20	0.260	0.264	-0.001	0.007	-0.028	0.053	
21.25	0.260	0.263	-0.000	0.011	-0.025	0.069	
21.30	0.260	0.262	0.001	0.001	-0.020	0.071	
21.35	0.260	0.261	0.000	-0.008	-0.018	0.077	
21.40	0.260	0.260	-0.001	-0.003	-0.014	0.101	
21.45	0.260	0.259	-0.000	0.003	-0.007	0.114	
21.50	0.260	0.259	-0.000	0.001	-0.001	0.101	
21.55	0.260	0.259	-0.000	-0.003	0.003	0.085	
21.60	0.260	0.259	-0.000	-0.008	0.006	0.091	
21.65	0.260	0.260	-0.001	-0.005	0.011	0.108	
21.70	0.260	0.260	-0.001	0.005	0.018	0.107	
21.75	0.260	0.262	-0.000	0.008	0.024	0.077	
21.80	0.260	0.263	-0.000	0.005	0.025	0.057	
21.85	0.260	0.264	0.000	0.003	0.028	0.052	
21.90	0.260	0.266	0.000	0.006	0.032	0.029	
21.95	0.260	0.267	0.000	0.014	0.031	0.005	
22.00	0.260	0.269	0.001	0.024	0.031	0.007	
22.05	0.260	0.270	0.004	0.014	0.032	0.003	
22.10	0.261	0.272	0.004	-0.014	0.032	-0.023	
22.15	0.261	0.274	0.001	-0.024	0.029	-0.048	
22.20	0.261	0.275	0.000	-0.014	0.026	-0.056	
22.25	0.261	0.276	0.000	-0.005	0.024	-0.073	
22.30	0.261	0.277	0.000	-0.001	0.020	-0.100	
22.35	0.261	0.278	0.000	-0.000	0.014	-0.113	
22.40	0.261	0.279	0.000	-0.000	0.008	-0.106	
22.45	0.261	0.279	0.000	-0.002	0.003	-0.092	
22.50	0.261	0.279	-0.000	-0.005	-0.001	-0.093	
22.55	0.261	0.279	-0.000	-0.008	-0.005	-0.111	
22.60	0.261	0.279	-0.001	-0.005	-0.013	-0.104	
22.65	0.260	0.277	-0.001	0.005	-0.018	-0.068	
22.70	0.260	0.277	-0.000	0.008	-0.019	-0.046	
22.75	0.260	0.276	-0.000	0.005	-0.021	-0.042	
22.80	0.260	0.275	0.000	0.001	-0.024	-0.043	
22.85	0.260	0.273	0.000	-0.001	-0.026	-0.039	
22.90	0.260	0.272	-0.000	-0.004	-0.027	-0.038	
22.95	0.260	0.271	-0.000	-0.007	-0.030	-0.015	
23.00	0.260	0.269	-0.001	-0.002	-0.030	0.025	
23.05	0.260	0.268	-0.001	0.008	-0.027	0.041	
23.10	0.260	0.266	0.000	0.006	-0.024	0.036	
23.15	0.260	0.265	0.000	-0.002	-0.023	0.036	
23.20	0.260	0.264	-0.001	0.002	-0.021	0.042	
23.25	0.260	0.263	0.001	0.001	-0.020	0.057	
23.30	0.260	0.262	-0.000	-0.005	-0.016	0.080	
23.35	0.260	0.261	-0.001	0.003	-0.010	0.086	
23.40	0.260	0.261	0.000	0.010	-0.007	0.089	
23.45	0.260	0.261	0.001	0.003	-0.002	0.101	
23.50	0.260	0.261	0.001	-0.011	0.004	0.086	
23.55	0.260	0.261	-0.001	-0.012	0.007	0.061	
23.60	0.260	0.261	-0.001	0.000	0.009	0.060	
23.65	0.260	0.262	-0.000	0.006	0.012	0.072	
23.70	0.260	0.263	-0.000	0.003	0.016	0.083	
23.75	0.260	0.264	-0.000	-0.000	0.022	0.074	
23.80	0.260	0.265	-0.000	0.001	0.025	0.038	
23.85	0.260	0.266	-0.001	0.012	0.025	0.012	
23.90	0.260	0.267	0.001	0.025	0.025	0.012	
23.95	0.260	0.269	0.003	0.011	0.026	0.007	
24.00	0.261	0.270	0.003	-0.017	0.026	-0.003	
24.05	0.261	0.271	0.000	-0.025	0.026	-0.010	
24.10	0.261	0.273	-0.001	-0.013	0.025	-0.023	
24.15	0.260	0.274	-0.001	0.004	0.024	-0.043	
24.20	0.260	0.275	0.000	0.004	0.021	-0.068	
24.25	0.261	0.276	-0.000	-0.005	0.017	-0.088	
24.30	0.260	0.277	-0.001	-0.001	0.011	-0.088	
24.35	0.260	0.277	-0.000	0.004	0.008	-0.086	
24.40	0.260	0.277	-0.000	0.003	0.003	-0.089	
24.45	0.260	0.277	0.000	0.003	-0.001	-0.089	
24.50	0.260	0.277	0.000	0.003	-0.006	-0.086	
24.55	0.260	0.277	0.000	0.005	-0.010	-0.078	
24.60	0.260	0.276	0.001	-0.000	-0.014	-0.059	
24.65	0.261	0.275	0.000	-0.006	-0.016	-0.043	
24.70	0.260	0.275	0.000	-0.006	-0.018	-0.040	
24.75	0.261	0.274	-0.000	-0.005	-0.020	-0.033	
24.80	0.260	0.273	-0.001	0.002	-0.021	-0.017	
24.85	0.260	0.271	0.000	0.007	-0.021	-0.009	
24.90	0.260	0.271	0.001	-0.003	-0.022	-0.007	
24.95	0.261	0.269	-0.000	-0.013	-0.022	0.000	
25.00	0.260	0.268	-0.002	-0.004	-0.022	0.011	
25.05	0.260	0.267	-0.001	0.005	-0.021	0.027	
25.10	0.260	0.266	-0.000	0.001	-0.019	0.039	
25.15	0.260	0.265	-0.001	0.003	-0.017	0.045	
25.20	0.260	0.264	-0.000	0.005	-0.015	0.053	
25.25	0.260	0.264	-0.000	0.003	-0.012	0.058	
25.30	0.260	0.263	0.000	0.001	-0.008	0.053	
25.35	0.260	0.263	0.000	0.000	-0.007	0.059	
25.40	0.260	0.262	0.000	0.000	-0.004	0.082	
25.45	0.260	0.262	0.000	0.000	0.003	0.078	
25.50	0.260	0.263	0.000	0.000	0.005	0.059	
25.55	0.260	0.263	0.000	0.002	0.007	0.064	
25.60	0.260	0.263	0.000	0.004	0.012	0.061	
25.65	0.260	0.264	0.000	0.008	0.014	0.047	
25.70	0.260	0.265	0.001	0.009	0.016	0.045	
25.75	0.260	0.266	0.001	0.010	0.018	0.038	
25.80	0.260	0.267	0.002	0.003	0.020	0.024	
25.85	0.261	0.268	0.002	-0.016	0.021	0.004	
25.90	0.261	0.269	-0.000	-0.015	0.020	-0.004	
25.95	0.261	0.270	-0.000	-0.002	0.020	-0.005	
26.00	0.261	0.271	0.000	0.003	0.020	-0.015	
26.05	0.261	0.272	0.001	-0.004	0.019	-0.025	
26.10	0.261	0.273	-0.000	-0.014	0.017	-0.031	
26.15	0.261	0.274	-0.001	-0.011	0.016	-0.036	
26.20	0.261	0.274	-0.002	-0.002	0.014	-0.051	
26.25	0.260	0.275	-0.001	0.007	0.010	-0.065	
26.30	0.260	0.275	-0.000	0.008	0.007	-0.067	
26.35	0.260	0.276	-0.000	0.001	0.004	-0.068	
26.40	0.260	0.276	-0.000	-0.004	0.001	-0.076	
26.45	0.260	0.276	-0.001	-0.000	-0.004	-0.083	
26.50	0.260	0.275	-0.001	0.011	-0.009	-0.066	
26.55	0.260	0.275	0.001	0.008	-0.011	-0.038	
26.60	0.260	0.274	0.001	-0.008	-0.011	-0.029	
26.65	0.260	0.274	-0.001	-0.011	-0.013	-0.030	
26.70	0.260	0.273	-0.001	0.001	-0.015	-0.022	
26.75	0.260	0.272	-0.000	0.008	-0.016	-0.015	
26.80	0.260	0.271	0.000	0.009	-0.016	-0.007	
26.85	0.260	0.271	0.000	0.008	-0.016	-0.005	
26.90	0.260	0.270	0.001	0.002	-0.017	-0.003	
26.95	0.260	0.269	0.001	-0.008	-0.017	0.007	
27.00	0.260	0.268	-0.000	-0.007	-0.016	0.019	
27.05	0.260	0.267	0.000	0.000	-0.014	0.025	
27.10	0.260	0.267	0.000	-0.007	-0.014	0.027	
27.15	0.260	0.266	-0.001	-0.009	-0.012	0.041	
27.20	0.260	0.265	-0.001	0.000	-0.009	0.050	
27.25	0.260	0.265	-0.000	0.002	-0.007	0.049	
27.30	0.260	0.265	-0.000	-0.004	-0.005	0.054	
27.35	0.260	0.264	-0.001	-0.003	-0.002	0.056	
27.40	0.260	0.264	-0.001	0.005	0.001	0.050	
27.45	0.260	0.265	-0.000	0.009	0.004	0.036	
27.50	0.260	0.265	-0.000	0.009	0.004	0.035	
27.55	0.260	0.265	0.000	0.013	0.006	0.049	
27.60	0.260	0.265	0.001	0.021	0.010	0.046	
27.65	0.260	0.266	0.003	0.018	0.012	0.029	
27.70	0.260	0.267	0.004	-0.005	0.012	0.024	
27.75	0.261	0.267	0.002	-0.021	0.014	0.024	
27.80	0.261	0.268	0.001	-0.017	0.015	0.018	
27.85	0.261	0.269	0.000	-0.008	0.016	-0.001	
27.90	0.261	0.270	0.000	-0.003	0.015	-0.020	
27.95	0.261	0.270	0.000	-0.001	0.014	-0.029	
28.00	0.261	0.271	0.000	-0.002	0.012	-0.027	
28.05	0.261	0.272	-0.000	-0.005	0.010	-0.013	
28.10	0.261	0.272	-0.000	-0.008	0.011	-0.011	
28.15	0.261	0.273	-0.001	-0.005	0.010	-0.034	
28.20	0.260	0.273	-0.001	0.005	0.007	-0.049	
28.25	0.260	0.274	-0.000	0.008	0.004	-0.045	
28.30	0.260	0.274	-0.000	0.004	0.003	-0.041	
28.35	0.260	0.274	0.000	-0.000	0.001	-0.048	
28.40	0.260	0.274	-0.000	-0.004	-0.002	-0.046	
28.45	0.260	0.274	-0.000	-0.008	-0.004	-0.037	
28.50	0.260	0.273	-0.001	-0.005	-0.006	-0.029	
28.55	0.260	0.273	-0.001	0.005	-0.007	-0.022	
28.60	0.260	0.273	-0.000	0.008	-0.008	-0.027	
28.65	0.260	0.272	-0.000	0.005	-0.010	-0.030	
28.70	0.260	0.272	0.000	0.002	-0.011	-0.026	
28.75	0.260	0.271	0.000	0.000	-0.013	-0.013	
28.80	0.260	0.270	0.000	0.000	-0.013	0.011	
28.85	0.260	0.270	0.000	0.000	-0.011	0.022	
28.90	0.260	0.269	0.000	0.000	-0.010	0.022	
28.95	0.260	0.269	0.000	0.000	-0.009	0.017	
29.00	0.260	0.268	0.000	0.001	-0.008	0.004	
29.05	0.260	0.268	0.000	0.003	-0.009	-0.001	
29.10	0.260	0.268	0.000	0.003	-0.009	0.016	
29.15	0.260	0.267	0.001	-0.003	-0.008	0.042	
29.20	0.260	0.267	0.000	-0.010	-0.004	0.050	
29.25	0.260	0.267	-0.001	-0.004	-0.001	0.035	
29.30	0.260	0.267	-0.000	0.004	-0.001	0.026	
29.35	0.260	0.267	-0.000	0.009	0.000	0.028	
29.40	0.260	0.267	-0.000	0.020	0.002	0.022	
29.45	0.260	0.267	0.002	0.018	0.003	0.012	
29.50	0.261	0.267	0.003	-0.009	0.003	0.019	
29.55	0.261	0.267	0.001	-0.023	0.004	0.035	
29.60	0.261	0.267	-0.001	-0.009	0.007	0.033	
29.65	0.260	0.268	0.000	0.004	0.008	0.017	
29.70	0.261	0.268	0.001	0.000	0.009	0.007	
29.75	0.261	0.269	0.000	-0.008	0.009	0.004	
29.80	0.261	0.269	-0.000	-0.011	0.009	0.006	
29.85	0.261	0.270	-0.001	-0.006	0.009	0.008	
29.90	0.260	0.270	-0.001	0.004	0.010	-0.005	
29.95	0.260	0.271	-0.000	0.008	0.009	-0.022	
30.00	0.260	0.271	-0.000	0.003	0.007	-0.026	
30.05	0.260	0.271	-0.000	-0.003	0.007	-0.036	
30.10	0.260	0.272	-0.000	-0.008	0.003	-0.032	
30.15	0.260	0.272	-0.001	-0.005	0.002	-0.012	
30.20	0.260	0.272	-0.001	0.003	0.003	-0.006	
30.25	0.260	0.272	-0.000	0.005	0.003	-0.018	
30.30	0.260	0.272	-0.000	0.001	0.001	-0.035	
30.35	0.260	0.272	-0.001	0.005	-0.001	-0.038	
30.40	0.260	0.272	0.000	0.011	-0.003	-0.031	
30.45	0.260	0.272	0.001	0.006	-0.004	-0.021	
30.50	0.260	0.271	0.001	0.000	-0.005	-0.021	
30.55	0.260	0.271	0.001	-0.006	-0.006	-0.023	
30.60	0.260	0.271	0.000	-0.011	-0.008	-0.011	
30.65	0.260	0.271	-0.001	-0.003	-0.007	-0.002	
30.70	0.260	0.270	-0.000	0.003	-0.008	0.008	
30.75	0.260	0.270	-0.000	0.003	-0.007	0.016	
30.80	0.260	0.269	0.000	0.001	-0.006	0.015	
30.85	0.260	0.269	0.000	-0.000	-0.005	0.012	
30.90	0.260	0.269	0.000	-0.002	-0.005	0.012	
30.95	0.260	0.269	-0.000	-0.004	-0.004	0.012	
31.00	0.260	0.269	-0.000	-0.006	-0.003	0.011	
31.05	0.260	0.268	-0.001	-0.000	-0.003	0.013	
31.10	0.260	0.268	-0.001	0.012	-0.002	0.011	
31.15	0.260	0.268	0.001	0.014	-0.001	-0.001	
31.20	0.260	0.268	0.001	0.006	-0.003	-0.000	
31.25	0.260	0.268	0.000	0.013	-0.002	0.021	
31.30	0.260	0.268	0.003	0.015	-0.000	0.036	
31.35	0.261	0.268	0.003	-0.009	0.002	0.039	
31.40	0.261	0.268	0.001	-0.021	0.004	0.028	
31.45	0.261	0.268	0.000	-0.017	0.005	0.013	
31.50	0.261	0.269	-0.000	-0.013	0.005	0.003	
31.55	0.261	0.269	-0.001	-0.006	0.005	-0.003	
31.60	0.260	0.269	-0.001	0.005	0.005	-0.010	
31.65	0.260	0.269	-0.000	0.008	0.004	-0.018	
31.70	0.260	0.270	-0.000	0.005	0.003	-0.015	
31.75	0.260	0.270	0.000	0.002	0.002	0.000	
31.80	0.260	0.270	0.000	0.000	0.003	0.008	
31.85	0.260	0.270	0.000	-0.000	0.003	0.007	
31.90	0.260	0.270	0.000	-0.001	0.004	0.003	
31.95	0.260	0.270	-0.000	-0.003	0.004	-0.008	
32.00	0.260	0.271	-0.000	-0.004	0.003	-0.020	
32.05	0.260	0.271	-0.001	0.001	0.001	-0.015	
32.10	0.260	0.271	-0.000	0.005	0.001	-0.009	
32.15	0.260	0.271	0.000	-0.005	0.001	-0.014	
32.20	0.260	0.271	-0.001	-0.008	0.000	-0.019	
32.25	0.260	0.271	-0.001	0.002	-0.001	-0.016	
32.30	0.260	0.271	-0.000	0.007	-0.002	-0.010	
32.35	0.260	0.271	-0.000	0.004	-0.002	-0.007	
32.40	0.260	0.270	0.000	0.002	-0.003	-0.002	
32.45	0.260	0.270	0.000	0.000	-0.002	-0.000	
32.50	0.260	0.270	0.000	0.000	-0.002	-0.006	
32.55	0.260	0.270	0.000	-0.000	-0.003	-0.007	
32.60	0.260	0.270	0.000	-0.001	-0.003	-0.001	
32.65	0.260	0.270	-0.000	-0.003	-0.003	0.006	
32.70	0.260	0.270	-0.000	-0.003	-0.002	0.007	
32.75	0.260	0.270	-0.001	0.003	-0.002	0.006	
32.80	0.260	0.269	0.000	0.010	-0.001	-0.001	
32.85	0.260	0.270	0.001	0.003	-0.002	-0.009	
32.90	0.260	0.269	0.000	-0.004	-0.004	0.011	
32.95	0.260	0.269	0.000	-0.002	-0.001	0.028	
33.00	0.260	0.269	-0.000	0.005	0.001	0.015	
33.05	0.260	0.269	-0.000	0.019	0.000	0.007	
33.10	0.260	0.269	0.002	0.019	0.000	0.012	
33.15	0.261	0.269	0.003	-0.006	0.001	0.025	
33.20	0.261	0.269	0.001	-0.019	0.004	0.019	
33.25	0.261	0.270	0.000	-0.012	0.004	-0.007	
33.30	0.261	0.270	0.000	-0.005	0.002	-0.019	
33.35	0.261	0.270	0.000	-0.003	0.002	-0.019	
33.40	0.261	0.270	-0.000	-0.003	0.000	-0.013	
33.45	0.261	0.270	-0.000	-0.005	0.000	-0.003	
33.50	0.261	0.270	-0.001	-0.000	0.000	0.006	
33.55	0.260	0.270	-0.000	0.004	0.001	0.011	
33.60	0.261	0.270	-0.000	0.002	0.002	0.000	
33.65	0.260	0.270	-0.000	-0.002	0.001	-0.016	
33.70	0.261	0.270	-0.000	-0.005	-0.001	-0.014	
33.75	0.260	0.270	-0.001	-0.002	-0.001	-0.001	
33.80	0.260	0.270	-0.000	0.000	0.000	-0.006	
33.85	0.260	0.270	-0.000	-0.004	-0.001	-0.020	
33.90	0.260	0.270	-0.001	-0.002	-0.003	-0.011	
33.95	0.260	0.270	-0.001	0.008	-0.002	0.007	
34.00	0.260	0.270	-0.000	0.013	-0.002	0.012	
34.05	0.260	0.269	0.001	0.004	-0.001	0.016	
34.10	0.260	0.269	0.000	-0.004	0.000	0.007	
34.15	0.260	0.270	0.000	-0.006	-0.000	-0.005	
34.20	0.260	0.269	-0.000	-0.006	-0.001	-0.002	
34.25	0.260	0.269	-0.001	-0.000	-0.000	0.002	
34.30	0.260	0.269	-0.000	0.005	-0.000	0.000	
34.35	0.260	0.269	-0.000	0.003	-0.000	-0.000	
34.40	0.260	0.269	0.000	0.001	-0.001	0.008	
34.45	0.260	0.269	0.000	0.000	0.000	0.018	
34.50	0.260	0.269	0.000	0.000	0.002	0.011	
34.55	0.260	0.270	0.000	-0.000	0.002	-0.004	
34.60	0.260	0.270	0.000	-0.000	0.001	-0.007	
34.65	0.260	0.270	0.000	-0.002	0.002	-0.014	
34.70	0.260	0.270	-0.000	-0.004	-0.001	-0.013	
34.75	0.260	0.269	-0.000	-0.003	-0.001	0.011	
34.80	0.260	0.270	-0.001	0.009	0.002	0.016	
34.85	0.260	0.270	-0.000	0.027	0.001	0.002	
34.90	0.260	0.270	0.003	0.018	0.001	-0.000	
34.95	0.261	0.270	0.003	-0.018	0.001	-0.002	
35.00	0.261	0.270	-0.000	-0.027	0.001	-0.010	
35.05	0.260	0.270	-0.001	-0.009	0.000	-0.014	
35.10	0.260	0.270	-0.000	0.003	-0.001	-0.008	
35.15	0.260	0.270	-0.000	0.004	-0.000	-0.005	
35.20	0.260	0.270	0.000	0.002	-0.001	-0.010	
35.25	0.260	0.270	0.000	0.000	-0.002	-0.005	
35.30	0.260	0.270	0.000	0.000	-0.002	0.007	
35.35	0.260	0.270	0.000	0.000	-0.001	0.007	
35.40	0.260	0.270	0.000	-0.000	-0.001	0.006	
35.45	0.260	0.269	0.000	-0.000	-0.000	0.002	
35.50	0.260	0.270	0.000	-0.001	0.000	-0.012	
35.55	0.260	0.270	-0.000	-0.003	-0.002	-0.011	
35.60	0.260	0.269	-0.000	-0.003	-0.002	0.011	
35.65	0.260	0.269	-0.001	0.003	-0.000	0.023	
35.70	0.260	0.269	0.000	0.008	0.001	0.014	
35.75	0.260	0.269	0.001	-0.001	0.001	-0.001	
35.80	0.260	0.269	-0.000	-0.011	0.000	-0.005	
35.85	0.260	0.269	-0.001	-0.008	0.000	0.002	
35.90	0.260	0.269	-0.001	0.003	0.000	0.009	
35.95	0.260	0.269	-0.000	0.006	0.002	0.010	
36.00	0.260	0.270	-0.000	0.002	0.002	-0.003	
36.05	0.260	0.270	-0.000	-0.002	0.001	-0.008	
36.10	0.260	0.270	-0.001	0.002	0.001	0.002	
36.15	0.260	0.270	-0.000	0.006	0.001	0.005	
36.20	0.260	0.270	0.001	-0.002	0.002	-0.001	
36.25	0.260	0.270	-0.001	-0.004	0.001	-0.008	
36.30	0.260	0.270	-0.000	0.000	0.000	-0.010	
36.35	0.260	0.270	-0.000	-0.000	0.000	-0.009	
36.40	0.260	0.270	-0.001	0.004	-0.000	-0.011	
36.45	0.260	0.270	0.001	0.002	-0.001	-0.018	
36.50	0.260	0.270	-0.000	-0.005	-0.003	-0.013	
36.55	0.260	0.270	-0.001	0.004	-0.003	0.005	
36.60	0.260	0.270	0.000	0.017	-0.002	0.017	
36.65	0.260	0.269	0.001	0.025	-0.000	0.016	
36.70	0.260	0.270	0.004	0.013	0.000	0.008	
36.75	0.261	0.269	0.003	-0.019	0.001	-0.003	
36.80	0.261	0.270	0.000	-0.026	-0.001	-0.003	
36.85	0.260	0.269	-0.000	-0.014	-0.001	0.011	
36.90	0.261	0.270	-0.000	-0.010	0.002	0.007	
36.95	0.260	0.270	-0.001	-0.003	0.000	-0.005	
37.00	0.260	0.270	-0.001	0.008	0.000	-0.005	
37.05	0.260	0.270	-0.000	0.012	0.000	-0.003	
37.10	0.260	0.270	0.001	0.003	0.000	-0.000	
37.15	0.260	0.270	0.000	-0.008	0.000	0.002	
37.20	0.260	0.270	-0.000	-0.011	0.000	0.006	
37.25	0.260	0.270	-0.001	-0.006	0.000	0.011	
37.30	0.260	0.270	-0.001	0.004	0.002	0.007	
37.35	0.260	0.270	-0.000	0.008	0.002	-0.010	
37.40	0.260	0.270	-0.000	0.005	0.000	-0.019	
37.45	0.260	0.270	0.000	0.002	-0.002	0.002	
37.50	0.260	0.270	0.000	0.000	0.000	0.024	
37.55	0.260	0.270	0.000	0.000	0.002	0.017	
37.60	0.260	0.270	0.000	0.000	0.003	-0.007	
37.65	0.260	0.270	0.000	0.000	0.001	-0.029	
37.70	0.260	0.270	0.000	0.000	-0.001	-0.037	
37.75	0.260	0.270	0.000	0.000	-0.004	-0.018	
37.80	0.260	0.270	0.000	0.000	-0.003	0.016	
37.85	0.260	0.270	0.000	0.000	-0.000	0.022	
37.90	0.260	0.270	0.000	-0.000	-0.000	0.007	
37.95	0.260	0.270	0.000	-0.000	-0.001	0.004	
38.00	0.260	0.270	0.000	-0.002	0.000	-0.002	
38.05	0.260	0.270	-0.000	-0.005	-0.000	-0.010	
38.10	0.260	0.270	-0.000	-0.008	-0.002	-0.000	
38.15	0.260	0.269	-0.001	-0.005	-0.000	0.009	
38.20	0.260	0.270	-0.001	0.003	0.000	-0.002	
38.25	0.260	0.270	-0.000	0.005	-0.001	-0.006	
38.30	0.260	0.269	-0.000	0.001	-0.001	0.004	
38.35	0.260	0.269	-0.001	0.006	-0.000	0.010	
38.40	0.260	0.269	-0.000	0.016	0.000	0.009	
38.45	0.260	0.269	0.001	0.022	0.001	0.003	
38.50	0.260	0.270	0.003	0.016	0.000	-0.001	
38.55	0.260	0.269	0.003	-0.009	0.000	0.003	
38.60	0.260	0.270	0.001	-0.021	0.001	0.003	
38.65	0.260	0.270	0.000	-0.012	0.001	0.003	
38.70	0.260	0.270	0.000	-0.005	0.001	0.002	
38.75	0.260	0.270	0.000	-0.001	0.001	-0.006	
38.80	0.260	0.270	0.000	-0.000	0.000	-0.007	
38.85	0.260	0.270	0.000	-0.000	0.000	-0.000	
38.90	0.260	0.270	0.000	-0.000	0.000	0.006	
38.95	0.260	0.270	0.000	-0.002	0.001	0.004	
39.00	0.260	0.270	-0.000	-0.005	0.001	-0.005	
39.05	0.260	0.270	-0.000	-0.008	0.000	-0.008	
39.10	0.260	0.270	-0.001	-0.005	0.000	-0.005	
39.15	0.260	0.270	-0.001	0.005	0.000	-0.002	
39.20	0.260	0.270	-0.000	0.008	0.000	-0.004	
39.25	0.260	0.270	-0.000	0.003	-0.000	-0.008	
39.30	0.260	0.270	-0.000	-0.002	-0.001	-0.011	
39.35	0.260	0.270	-0.000	-0.006	-0.002	-0.002	
39.40	0.260	0.270	-0.001	-0.000	-0.001	0.013	
39.45	0.260	0.270	-0.001	0.013	0.000	0.007	
39.50	0.260	0.270	0.001	0.013	-0.000	-0.007	
39.55	0.260	0.270	0.001	-0.001	-0.001	-0.006	
39.60	0.260	0.270	0.000	-0.008	-0.001	0.004	
39.65	0.260	0.270	0.000	-0.009	-0.000	0.008	
39.70	0.260	0.270	-0.000	-0.010	-0.000	0.005	
39.75	0.260	0.270	-0.001	-0.005	0.000	0.004	
39.80	0.260	0.270	-0.001	0.007	0.000	0.005	
39.85	0.260	0.270	-0.000	0.012	0.000	0.009	
39.90	0.260	0.270	0.000	0.011	0.001	0.006	
39.95	0.260	0.270	0.001	0.002	0.001	-0.006	
40.00	0.260	0.270	0.001	-0.012	0.001	-0.019	
40.05	0.260	0.270	-0.001	-0.010	-0.001	-0.018	
40.10	0.260	0.270	-0.001	0.008	-0.002	0.003	
40.15	0.260	0.270	0.000	0.022	-0.000	0.015	
40.20	0.260	0.270	0.002	0.020	0.001	0.009	
40.25	0.260	0.270	0.003	-0.001	0.000	0.004	
40.30	0.261	0.270	0.002	-0.022	0.000	0.012	
40.35	0.260	0.270	-0.000	-0.016	0.003	0.002	
40.40	0.260	0.270	-0.000	-0.003	0.001	-0.020	
40.45	0.260	0.270	-0.000	0.001	-0.001	-0.012	
40.50	0.260	0.270	0.000	0.001	-0.000	0.001	
40.55	0.260	0.270	0.000	0.000	0.000	-0.007	
40.60	0.260	0.270	0.000	-0.000	-0.001	-0.012	
40.65	0.260	0.270	0.000	-0.000	-0.002	0.002	
40.70	0.260	0.270	0.000	-0.001	-0.001	0.011	
40.75	0.260	0.270	-0.000	-0.003	-0.000	0.008	
40.80	0.260	0.270	-0.000	-0.004	0.000	0.003	
40.85	0.260	0.270	-0.001	0.002	0.000	0.001	
40.90	0.260	0.270	-0.000	0.007	0.000	0.000	
40.95	0.260	0.270	0.001	-0.000	0.000	0.000	
41.00	0.260	0.270	-0.001	-0.000	0.000	0.002	
41.05	0.260	0.270	0.000	0.006	0.000	0.005	
41.10	0.260	0.270	0.001	0.000	0.000	0.008	
41.15	0.260	0.270	0.000	-0.007	0.001	0.006	
41.20	0.260	0.270	-0.000	-0.008	0.001	-0.001	
41.25	0.260	0.270	-0.001	-0.003	0.001	0.001	
41.30	0.260	0.270	-0.000	0.001	0.001	0.011	
41.35	0.260	0.270	-0.000	-0.002	0.002	0.007	
41.40	0.260	0.270	-0.001	0.001	0.002	-0.012	
41.45	0.260	0.270	-0.000	0.005	0.001	-0.023	
41.50	0.260	0.270	-0.000	0.003	-0.000	-0.022	
41.55	0.260	0.270	0.000	0.001	-0.002	-0.016	
41.60	0.260	0.270	0.000	-0.001	-0.003	0.004	
41.65	0.260	0.270	-0.000	-0.005	-0.000	0.008	
41.70	0.260	0.270	-0.000	-0.008	-0.001	-0.008	
41.75	0.260	0.270	-0.001	-0.005	-0.003	0.003	
41.80	0.260	0.270	-0.001	0.006	-0.001	0.018	
41.85	0.260	0.270	-0.000	0.013	0.000	0.014	
41.90	0.260	0.270	0.000	0.019	0.001	-0.000	
41.95	0.260	0.270	0.001	0.026	0.000	-0.020	
42.00	0.260	0.270	0.004	0.015	-0.002	-0.017	
42.05	0.261	0.269	0.004	-0.014	-0.002	0.005	
42.10	0.261	0.269	0.001	-0.024	-0.001	0.014	
42.15	0.261	0.269	0.000	-0.014	-0.000	0.009	
42.20	0.261	0.269	0.000	-0.006	0.000	0.005	
42.25	0.261	0.269	0.000	-0.003	0.000	0.005	
42.30	0.261	0.269	-0.000	-0.003	0.000	0.008	
42.35	0.261	0.269	-0.000	-0.004	0.001	0.006	
42.40	0.261	0.270	-0.001	0.001	0.001	-0.001	
42.45	0.260	0.270	-0.000	0.005	0.001	0.001	
42.50	0.261	0.270	0.000	-0.005	0.001	0.011	
42.55	0.261	0.270	-0.001	-0.008	0.002	0.004	
42.60	0.260	0.270	-0.001	0.002	0.002	-0.019	
42.65	0.260	0.270	-0.000	0.006	0.000	-0.032	
42.70	0.260	0.270	-0.000	0.003	-0.002	-0.019	
42.75	0.260	0.270	-0.000	-0.003	-0.002	0.006	
42.80	0.260	0.270	-0.000	-0.006	-0.001	0.016	
42.85	0.260	0.270	-0.001	-0.002	-0.000	0.011	
42.90	0.260	0.270	-0.001	0.010	0.000	0.008	
42.95	0.260	0.270	0.001	0.009	0.000	0.007	
43.00	0.260	0.270	0.000	0.003	0.001	-0.001	
43.05	0.260	0.270	0.000	0.003	0.001	-0.016	
43.10	0.260	0.270	0.001	-0.001	-0.001	-0.016	
43.15	0.260	0.270	0.000	-0.007	-0.002	0.003	
43.20	0.260	0.269	0.000	-0.008	-0.000	0.014	
43.25	0.260	0.270	-0.000	-0.009	0.001	0.003	
43.30	0.260	0.270	-0.001	-0.005	-0.000	-0.009	
43.35	0.260	0.270	-0.001	0.004	-0.001	-0.005	
43.40	0.260	0.269	-0.000	0.007	-0.001	0.010	
43.45	0.260	0.269	-0.000	0.001	0.000	0.019	
43.50	0.260	0.269	-0.000	-0.003	0.001	0.013	
43.55	0.260	0.270	-0.001	-0.001	0.002	-0.007	
43.60	0.260	0.270	-0.000	0.002	0.000	-0.019	
43.65	0.260	0.270	-0.000	0.002	-0.001	-0.012	
43.70	0.260	0.270	-0.001	0.011	-0.001	-0.006	
43.75	0.260	0.270	0.000	0.021	-0.001	-0.001	
43.80	0.260	0.269	0.002	0.013	-0.001	0.012	
43.85	0.260	0.269	0.002	-0.008	-0.000	0.022	
43.90	0.260	0.269	0.001	-0.016	0.001	0.029	
43.95	0.260	0.269	0.000	-0.009	0.004	0.016	
44.00	0.260	0.270	0.000	-0.004	0.004	-0.016	
44.05	0.260	0.270	0.000	-0.001	0.001	-0.027	
44.10	0.260	0.270	0.000	-0.002	0.000	-0.017	
44.15	0.260	0.270	-0.000	-0.003	-0.001	-0.002	
44.20	0.260	0.270	-0.000	-0.003	0.000	0.008	
44.25	0.260	0.270	-0.001	0.003	0.001	0.001	
44.30	0.260	0.270	0.000	0.010	0.000	-0.008	
44.35	0.260	0.270	0.001	0.003	-0.000	-0.013	
44.40	0.260	0.270	0.000	-0.004	-0.001	-0.011	
44.45	0.260	0.270	0.000	-0.005	-0.002	-0.002	
44.50	0.260	0.270	-0.000	-0.006	-0.002	0.006	
44.55	0.260	0.270	-0.000	-0.008	-0.001	0.013	
44.60	0.260	0.270	-0.001	-0.005	0.000	0.007	
44.65	0.260	0.270	-0.001	0.005	-0.000	-0.004	
44.70	0.260	0.270	-0.000	0.008	-0.001	0.000	
44.75	0.260	0.270	-0.000	0.005	-0.000	0.008	
44.80	0.260	0.270	0.000	0.002	0.000	0.007	
44.85	0.260	0.270	0.000	0.000	0.001	-0.003	
44.90	0.260	0.270	0.000	-0.000	0.000	-0.020	
44.95	0.260	0.270	0.000	-0.002	-0.002	-0.016	
45.00	0.260	0.269	-0.000	-0.005	-0.002	0.010	
45.05	0.260	0.269	-0.000	-0.008	-0.000	0.022	
45.10	0.260	0.269	-0.001	-0.005	0.001	0.014	
45.15	0.260	0.270	-0.001	0.005	0.001	0.001	
45.20	0.260	0.270	-0.000	0.009	0.000	-0.003	
45.25	0.260	0.270	0.000	0.008	0.000	0.003	
45.30	0.260	0.270	0.000	0.005	0.001	0.003	
45.35	0.260	0.270	0.001	-0.002	0.001	-0.005	
45.40	0.260	0.270	0.000	-0.004	0.000	-0.008	
45.45	0.260	0.270	-0.001	0.011	0.000	-0.006	
45.50	0.260	0.270	0.001	0.027	-0.000	-0.006	
45.55	0.260	0.270	0.004	0.017	-0.000	-0.007	
45.60	0.261	0.270	0.004	-0.015	-0.001	-0.004	
45.65	0.261	0.270	0.001	-0.028	-0.001	0.004	
45.70	0.261	0.270	-0.000	-0.022	0.000	-0.002	
45.75	0.261	0.270	-0.001	-0.010	-0.001	-0.006	
45.80	0.260	0.269	-0.001	0.004	-0.002	0.013	
45.85	0.260	0.269	-0.000	0.008	0.000	0.028	
45.90	0.260	0.269	-0.000	0.005	0.002	0.017	
45.95	0.260	0.270	0.000	0.002	0.002	-0.008	
46.00	0.260	0.270	0.000	0.000	0.001	-0.020	
46.05	0.260	0.270	0.000	-0.001	-0.000	-0.016	
46.10	0.260	0.270	-0.000	-0.003	-0.001	-0.007	
46.15	0.260	0.270	-0.000	-0.004	-0.001	0.005	
46.20	0.260	0.270	-0.001	0.002	0.000	0.001	
46.25	0.260	0.270	-0.000	0.006	-0.001	-0.002	
46.30	0.260	0.269	0.001	-0.002	-0.001	0.007	
46.35	0.260	0.270	-0.001	-0.005	0.000	0.004	
46.40	0.260	0.270	-0.000	-0.001	-0.000	-0.003	
46.45	0.260	0.270	-0.000	-0.003	-0.001	0.004	
46.50	0.260	0.269	-0.001	0.001	0.000	0.013	
46.55	0.260	0.270	-0.000	0.005	0.001	0.011	
46.60	0.260	0.270	-0.000	0.003	0.002	0.003	
46.65	0.260	0.270	0.000	0.001	0.001	-0.004	
46.70	0.260	0.270	0.000	-0.000	0.001	-0.004	
46.75	0.260	0.270	0.000	-0.002	0.001	-0.004	
46.80	0.260	0.270	-0.000	-0.005	0.000	-0.004	
46.85	0.260	0.270	-0.000	-0.008	0.000	-0.001	
46.90	0.260	0.270	-0.001	-0.005	0.001	-0.008	
46.95	0.260	0.270	-0.001	0.004	-0.000	-0.016	
47.00	0.260	0.270	-0.000	0.007	-0.001	-0.010	
47.05	0.260	0.270	-0.000	0.003	-0.002	0.009	
47.10	0.260	0.270	-0.000	0.002	-0.000	0.019	
47.15	0.260	0.270	-0.001	0.013	0.002	0.001	
47.20	0.260	0.270	0.001	0.026	0.000	-0.016	
47.25	0.260	0.270	0.003	0.013	-0.002	-0.008	
47.30	0.260	0.270	0.003	-0.013	-0.001	0.002	
47.35	0.260	0.270	0.001	-0.019	-0.001	-0.003	
47.40	0.260	0.270	0.000	-0.011	-0.001	-0.003	
47.45	0.260	0.270	0.000	-0.004	-0.001	0.007	
47.50	0.260	0.269	0.000	-0.001	-0.001	0.021	
47.55	0.260	0.269	0.000	-0.000	0.001	0.022	
47.60	0.260	0.270	0.000	-0.000	0.002	0.005	
47.65	0.260	0.270	0.000	-0.001	0.002	-0.011	
47.70	0.260	0.270	-0.000	-0.003	0.000	-0.010	
47.75	0.260	0.270	-0.000	-0.004	0.000	-0.002	
47.80	0.260	0.270	-0.001	0.001	0.000	0.006	
47.85	0.260	0.270	-0.000	0.005	0.001	0.004	
47.90	0.260	0.270	0.000	-0.005	0.001	-0.006	
47.95	0.260	0.270	-0.001	-0.008	0.000	-0.011	
48.00	0.260	0.270	-0.001	0.002	-0.000	-0.010	
48.05	0.260	0.270	-0.000	0.007	-0.001	-0.009	
48.10	0.260	0.270	-0.000	0.005	-0.002	0.006	
48.15	0.260	0.270	0.000	0.003	0.000	0.017	
48.20	0.260	0.270	0.000	0.003	0.002	0.001	
48.25	0.260	0.270	0.000	0.003	0.000	-0.017	
48.30	0.260	0.270	0.001	-0.003	-0.001	-0.015	
48.35	0.260	0.270	0.000	-0.010	-0.002	-0.002	
48.40	0.260	0.270	-0.001	-0.003	-0.002	0.017	
48.45	0.260	0.269	-0.000	0.002	0.001	0.020	
48.50	0.260	0.270	-0.000	0.000	0.002	-0.007	
48.55	0.260	0.270	-0.000	-0.002	-0.001	-0.022	
48.60	0.260	0.270	-0.001	0.003	-0.001	-0.021	
48.65	0.260	0.270	0.000	0.010	-0.003	-0.005	
48.70	0.260	0.269	0.001	0.003	-0.002	0.025	
48.75	0.260	0.269	0.000	-0.004	0.000	0.028	
48.80	0.260	0.269	0.000	-0.004	0.001	0.013	
48.85	0.260	0.270	-0.000	-0.001	0.001	0.002	
48.90	0.260	0.270	-0.000	0.006	0.001	0.000	
48.95	0.260	0.270	-0.000	0.019	0.002	-0.001	
49.00	0.260	0.270	0.002	0.019	0.002	-0.018	
49.05	0.261	0.270	0.003	-0.007	-0.001	-0.023	
49.10	0.261	0.270	0.001	-0.020	-0.002	-0.003	
49.15	0.261	0.270	0.000	-0.014	-0.001	0.010	
49.20	0.261	0.270	-0.000	-0.010	-0.000	0.008	
49.25	0.261	0.270	-0.000	-0.009	0.000	0.006	
49.30	0.261	0.270	-0.001	-0.005	0.000	0.007	
49.35	0.260	0.270	-0.001	0.005	0.001	0.010	
49.40	0.260	0.270	-0.000	0.008	0.002	0.003	
49.45	0.260	0.270	-0.000	0.005	0.001	-0.004	
49.50	0.260	0.270	0.000	0.002	0.001	0.001	
49.55	0.260	0.270	0.000	0.000	0.002	-0.009	
49.60	0.260	0.270	0.000	0.000	0.000	-0.021	
49.65	0.260	0.270	0.000	0.000	-0.001	-0.015	
49.70	0.260	0.270	0.000	0.000	-0.002	0.005	
49.75	0.260	0.270	0.000	-0.000	-0.000	0.017	
49.80	0.260	0.270	0.000	-0.000	0.001	0.007	
49.85	0.260	0.270	0.000	-0.002	0.000	-0.004	
49.90	0.260	0.270	-0.000	-0.005	0.000	-0.009	
49.95	0.260	0.270	-0.000	-0.008	-0.000	-0.014	
50.00	0.260	0.270	-0.001	-0.005	-0.002	-0.013	
50.05	0.260	0.270	-0.001	0.004	-0.002	0.000	
50.10	0.260	0.269	-0.000	0.007	-0.002	0.013	
50.15	0.260	0.269	-0.000	0.002	-0.000	0.014	
50.20	0.260	0.269	-0.000	-0.002	0.000	0.011	
50.25	0.260	0.269	-0.001	0.004	0.000	0.011	
50.30	0.260	0.269	0.000	0.010	0.001	0.007	
50.35	0.260	0.270	0.001	0.003	0.001	-0.000	
50.40	0.260	0.270	0.000	-0.005	0.001	-0.001	
50.45	0.260	0.270	0.000	-0.007	0.001	-0.003	
50.50	0.260	0.270	-0.000	-0.008	0.001	-0.010	
50.55	0.260	0.270	-0.001	0.000	-0.000	-0.007	
50.60	0.260	0.270	-0.001	0.018	0.000	0.001	
50.65	0.260	0.270	0.001	0.030	0.000	-0.005	
50.70	0.260	0.270	0.004	0.014	-0.001	-0.006	
50.75	0.261	0.270	0.003	-0.021	-0.001	0.005	
50.80	0.261	0.270	-0.000	-0.031	0.000	0.003	
50.85	0.260	0.270	-0.001	-0.015	-0.000	-0.007	
50.90	0.260	0.270	-0.001	-0.004	-0.001	-0.006	
50.95	0.260	0.270	-0.002	0.010	-0.001	-0.004	
51.00	0.260	0.270	0.000	0.021	-0.001	0.001	
51.05	0.260	0.269	0.002	0.007	-0.001	0.012	
51.10	0.260	0.269	0.001	-0.007	0.000	0.015	
51.15	0.260	0.269	0.000	-0.006	0.002	-0.001	
51.20	0.260	0.270	0.000	-0.003	0.000	-0.016	
51.25	0.260	0.269	0.000	-0.001	-0.002	-0.001	
51.30	0.260	0.269	0.000	-0.000	-0.000	0.015	
51.35	0.260	0.269	0.000	-0.002	0.001	0.010	
51.40	0.260	0.270	-0.000	-0.005	0.001	-0.004	
51.45	0.260	0.270	-0.000	-0.008	0.000	-0.012	
51.50	0.260	0.270	-0.001	-0.005	-0.000	-0.011	
51.55	0.260	0.270	-0.001	0.005	-0.001	-0.002	
51.60	0.260	0.269	-0.000	0.008	-0.001	0.015	
51.65	0.260	0.269	-0.000	0.003	0.001	0.019	
51.70	0.260	0.270	-0.000	-0.001	0.002	0.012	
51.75	0.260	0.270	-0.000	-0.003	0.002	0.003	
51.80	0.260	0.270	-0.001	0.003	0.002	-0.013	
51.85	0.260	0.270	0.000	0.008	0.001	-0.028	
51.90	0.260	0.270	0.001	-0.001	-0.002	-0.017	
51.95	0.260	0.270	-0.000	-0.011	-0.002	0.014	
52.00	0.260	0.270	-0.001	-0.008	0.001	0.022	
52.05	0.260	0.270	-0.001	0.003	0.002	0.001	
52.10	0.260	0.270	-0.000	0.008	0.000	-0.014	
52.15	0.260	0.270	-0.000	0.005	-0.001	-0.007	
52.20	0.260	0.270	0.000	0.002	-0.000	0.002	
52.25	0.260	0.270	0.000	0.001	0.000	0.002	
52.30	0.260	0.270	0.000	0.004	0.000	-0.003	
52.35	0.260	0.270	0.000	0.009	0.000	-0.014	
52.40	0.260	0.270	0.001	0.016	-0.002	-0.011	
52.45	0.260	0.269	0.002	0.010	-0.002	0.011	
52.50	0.260	0.270	0.002	-0.010	0.000	0.015	
52.55	0.260	0.270	0.001	-0.016	0.000	0.006	
52.60	0.260	0.270	0.000	-0.009	0.000	0.005	
52.65	0.260	0.270	0.000	-0.004	0.000	0.007	
52.70	0.260	0.270	0.000	-0.001	0.001	0.005	
52.75	0.260	0.270	0.000	-0.000	0.001	-0.005	
52.80	0.260	0.270	0.000	0.000	0.000	-0.008	
52.85	0.260	0.270	0.000	-0.000	0.000	-0.003	
52.90	0.260	0.270	0.000	-0.000	0.000	0.003	
52.95	0.260	0.270	0.000	-0.002	0.000	0.008	
53.00	0.260	0.270	-0.000	-0.005	0.001	0.005	
53.05	0.260	0.270	-0.000	-0.008	0.001	-0.005	
53.10	0.260	0.270	-0.001	-0.005	0.000	-0.010	
53.15	0.260	0.270	-0.001	0.005	0.000	-0.010	
53.20	0.260	0.270	-0.000	0.008	-0.000	-0.012	
53.25	0.260	0.270	-0.000	0.005	-0.001	-0.010	
53.30	0.260	0.270	0.000	0.002	-0.002	-0.003	
53.35	0.260	0.270	0.000	0.000	-0.002	0.003	
53.40	0.260	0.270	0.000	0.000	-0.001	0.010	
53.45	0.260	0.270	0.000	0.000	-0.000	0.010	
53.50	0.260	0.270	0.000	-0.000	-0.000	0.006	
53.55	0.260	0.270	0.000	-0.000	0.000	0.004	
53.60	0.260	0.270	0.000	-0.002	0.000	0.002	
53.65	0.260	0.270	-0.000	-0.005	0.001	-0.006	
53.70	0.260	0.270	-0.000	-0.008	-0.000	-0.013	
53.75	0.260	0.270	-0.001	-0.005	-0.002	0.000	
53.80	0.260	0.269	-0.001	0.005	-0.000	0.013	
53.85	0.260	0.270	-0.000	0.008	0.001	0.006	
53.90	0.260	0.270	-0.000	0.005	0.000	-0.000	
53.95	0.260	0.270	0.000	0.003	0.000	0.002	
54.00	0.260	0.270	0.000	0.006	0.000	0.007	
54.05	0.260	0.270	0.000	0.014	0.001	0.004	
54.10	0.260	0.270	0.001	0.022	0.001	-0.005	
54.15	0.260	0.270	0.004	0.010	0.000	-0.008	
54.20	0.261	0.270	0.003	-0.022	0.000	-0.003	
54.25	0.261	0.270	-0.000	-0.029	0.000	0.003	
54.30	0.260	0.270	-0.001	-0.009	0.000	0.007	
54.35	0.260	0.270	-0.000	0.003	0.001	0.001	
54.40	0.260	0.270	-0.000	0.004	0.001	-0.014	
54.45	0.260	0.270	0.000	0.002	-0.000	-0.024	
54.50	0.260	0.270	0.000	0.000	-0.002	-0.014	
54.55	0.260	0.270	0.000	0.000	-0.002	0.008	
54.60	0.260	0.270	0.000	-0.000	-0.001	0.018	
54.65	0.260	0.270	0.000	-0.000	-0.000	0.015	
54.70	0.260	0.270	0.000	-0.001	0.000	0.013	
54.75	0.260	0.270	-0.000	-0.003	0.001	0.007	
54.80	0.260	0.270	-0.000	-0.003	0.002	-0.010	
54.85	0.260	0.270	-0.001	0.003	-0.000	-0.016	
54.90	0.260	0.270	0.000	0.008	-0.000	-0.010	
54.95	0.260	0.270	0.001	-0.001	-0.001	-0.011	
55.00	0.260	0.270	-0.000	-0.011	-0.002	-0.002	
55.05	0.260	0.270	-0.001	-0.008	-0.001	0.007	
55.10	0.260	0.270	-0.001	0.003	-0.001	0.010	
55.15	0.260	0.269	-0.000	0.008	0.000	0.014	
55.20	0.260	0.270	-0.000	0.005	0.001	0.008	
55.25	0.260	0.270	0.000	0.002	0.001	0.003	
55.30	0.260	0.270	0.000	0.000	0.001	-0.002	
55.35	0.260	0.270	0.000	-0.000	0.001	-0.011	
55.40	0.260	0.270	0.000	-0.002	-0.001	-0.004	
55.45	0.260	0.270	-0.000	-0.005	-0.000	0.015	
55.50	0.260	0.270	-0.000	-0.008	0.002	0.012	
55.55	0.260	0.270	-0.001	-0.005	0.002	-0.015	
55.60	0.260	0.270	-0.001	0.005	0.000	-0.030	
55.65	0.260	0.270	-0.000	0.009	-0.002	-0.018	
55.70	0.260	0.270	-0.000	0.010	-0.002	0.010	
55.75	0.260	0.270	0.000	0.015	-0.001	0.024	
55.80	0.260	0.270	0.001	0.023	0.001	0.022	
55.85	0.260	0.270	0.004	0.012	0.002	0.008	
55.90	0.261	0.270	0.003	-0.018	0.002	-0.016	
55.95	0.261	0.270	0.000	-0.023	-0.001	-0.010	
56.00	0.260	0.270	0.000	-0.009	0.000	0.009	
56.05	0.261	0.270	0.000	-0.010	0.002	-0.002	
56.10	0.261	0.270	-0.001	-0.008	0.000	-0.020	
56.15	0.260	0.270	-0.001	0.005	-0.001	-0.027	
56.20	0.260	0.270	-0.000	0.010	-0.003	-0.012	
56.25	0.260	0.269	0.001	0.001	-0.003	0.015	
56.30	0.261	0.270	0.000	-0.008	-0.001	0.023	
56.35	0.260	0.269	-0.001	-0.003	0.000	0.017	
56.40	0.260	0.270	-0.000	0.003	0.001	0.009	
56.45	0.260	0.270	-0.000	0.001	0.001	0.004	
56.50	0.260	0.270	-0.000	-0.003	0.001	0.002	
56.55	0.260	0.270	-0.000	-0.006	0.001	-0.006	
56.60	0.260	0.270	-0.001	-0.002	0.000	-0.008	
56.65	0.260	0.270	-0.001	0.008	0.000	-0.005	
56.70	0.260	0.270	0.000	0.005	0.000	-0.001	
56.75	0.260	0.270	-0.000	-0.005	0.000	0.001	
56.80	0.260	0.270	-0.001	-0.001	0.000	0.004	
56.85	0.260	0.270	-0.000	0.004	0.000	0.007	
56.90	0.260	0.270	-0.000	0.003	0.001	0.002	
56.95	0.260	0.270	0.000	0.001	0.001	-0.009	
57.00	0.260	0.270	0.000	0.000	-0.000	-0.008	
57.05	0.260	0.270	0.000	0.000	-0.000	-0.001	
57.10	0.260	0.270	0.000	0.000	0.000	-0.005	
57.15	0.260	0.270	0.000	0.000	-0.001	0.002	
57.20	0.260	0.270	0.000	0.000	0.000	0.011	
57.25	0.260	0.270	0.000	-0.000	0.002	-0.011	
57.30	0.260	0.270	0.000	-0.000	-0.002	-0.021	
57.35	0.260	0.270	0.000	-0.001	-0.003	0.007	
57.40	0.260	0.270	-0.000	0.001	0.001	0.010	
57.45	0.260	0.270	-0.000	0.006	-0.000	-0.007	
57.50	0.260	0.270	-0.000	0.018	-0.002	0.002	
57.55	0.260	0.270	0.002	0.016	-0.000	0.015	
57.60	0.261	0.270	0.003	-0.012	0.000	0.017	
57.65	0.261	0.270	0.000	-0.021	0.002	0.005	
57.70	0.260	0.270	-0.000	-0.011	0.001	-0.013	
57.75	0.261	0.270	-0.000	-0.007	-0.000	-0.009	
57.80	0.260	0.270	-0.001	0.000	-0.000	0.003	
57.85	0.260	0.270	-0.000	0.005	0.000	0.009	
57.90	0.260	0.270	-0.000	0.003	0.001	0.006	
57.95	0.260	0.270	0.000	0.001	0.001	-0.006	
58.00	0.260	0.270	0.000	-0.001	0.000	-0.011	
58.05	0.260	0.270	-0.000	-0.003	-0.000	-0.008	
58.10	0.260	0.270	-0.000	-0.003	-0.001	0.001	
58.15	0.260	0.270	-0.001	0.003	0.000	0.009	
58.20	0.260	0.270	0.000	0.009	0.001	-0.000	
58.25	0.260	0.270	0.001	0.002	0.000	-0.012	
58.30	0.260	0.270	0.000	-0.007	-0.001	-0.018	
58.35	0.260	0.270	-0.000	-0.008	-0.002	-0.007	
58.40	0.260	0.270	-0.001	-0.003	-0.002	0.019	
58.45	0.260	0.270	-0.000	0.001	0.000	0.029	
58.50	0.260	0.270	-0.000	-0.002	0.003	0.007	
58.55	0.260	0.270	-0.001	0.001	0.001	-0.014	
58.60	0.260	0.270	-0.000	0.005	-0.000	-0.007	
58.65	0.260	0.270	-0.000	0.003	0.000	-0.004	
58.70	0.260	0.270	0.000	0.001	-0.001	-0.002	
58.75	0.260	0.270	0.000	-0.001	-0.000	0.004	
58.80	0.260	0.270	-0.000	-0.003	0.000	0.001	
58.85	0.260	0.270	-0.000	-0.005	0.000	-0.010	
58.90	0.260	0.270	-0.001	-0.001	-0.001	-0.015	
58.95	0.260	0.270	-0.000	0.002	-0.002	-0.000	
59.00	0.260	0.270	-0.000	-0.001	-0.001	0.007	
59.05	0.260	0.270	-0.001	0.003	-0.001	0.001	
59.10	0.260	0.270	-0.000	0.011	-0.001	0.001	
59.15	0.260	0.269	0.000	0.017	-0.001	0.010	
59.20	0.260	0.269	0.001	0.025	0.000	0.010	
59.25	0.260	0.270	0.004	0.013	0.000	0.009	
59.30	0.261	0.269	0.004	-0.018	0.000	0.023	
59.35	0.261	0.269	0.001	-0.029	0.003	0.018	
59.40	0.261	0.270	-0.001	-0.015	0.004	-0.012	
59.45	0.260	0.270	-0.000	-0.004	0.001	-0.023	
59.50	0.261	0.270	-0.000	-0.003	0.000	-0.015	
59.55	0.260	0.270	-0.001	0.001	-0.000	-0.009	
59.60	0.260	0.270	-0.000	0.005	-0.000	-0.006	
59.65	0.260	0.270	-0.000	0.003	-0.001	-0.002	
59.70	0.260	0.270	0.000	0.001	-0.000	0.001	
59.75	0.260	0.270	0.000	0.000	-0.000	-0.005	
59.80	0.260	0.270	0.000	0.000	-0.001	-0.004	
59.85	0.260	0.270	0.000	0.000	-0.001	-0.001	
59.90	0.260	0.270	0.000	0.000	-0.002	0.014	
59.95	0.260	0.269	0.000	0.000	0.000	0.040	
60.00	0.260	0.270	0.000	0.000	0.003	0.057	
