Vernier Format 2
run31.txt 10/10/2025 15:23:11
Run 1
Time	Position	Position	Velocity	Acceleration	Velocity	Acceleration	
T	P	P	V	A	V	A	
s	m	m	m/s	m/s^2	m/s	m/s^2	

0.00	0.254	0.256	0.087	0.043	0.025	0.130	
0.05	0.258	0.257	0.088	0.049	0.031	0.141	
0.10	0.263	0.258	0.092	0.040	0.039	0.145	
0.15	0.268	0.261	0.094	-0.006	0.046	0.131	
0.20	0.272	0.263	0.092	-0.078	0.053	0.091	
0.25	0.277	0.266	0.086	-0.151	0.056	0.026	
0.30	0.281	0.269	0.077	-0.212	0.056	-0.038	
0.35	0.285	0.272	0.065	-0.268	0.052	-0.090	
0.40	0.288	0.274	0.049	-0.313	0.046	-0.127	
0.45	0.290	0.276	0.033	-0.336	0.039	-0.154	
0.50	0.291	0.278	0.015	-0.348	0.031	-0.179	
0.55	0.291	0.279	-0.002	-0.355	0.021	-0.205	
0.60	0.291	0.280	-0.020	-0.355	0.010	-0.220	
0.65	0.289	0.280	-0.038	-0.337	-0.002	-0.207	
0.70	0.287	0.280	-0.055	-0.308	-0.012	-0.171	
0.75	0.284	0.279	-0.070	-0.269	-0.018	-0.146	
0.80	0.280	0.278	-0.082	-0.214	-0.026	-0.121	
0.85	0.275	0.276	-0.091	-0.152	-0.032	-0.073	
0.90	0.270	0.275	-0.097	-0.095	-0.033	-0.030	
0.95	0.265	0.273	-0.101	-0.037	-0.035	0.010	
1.00	0.260	0.271	-0.102	0.040	-0.033	0.061	
1.05	0.255	0.270	-0.097	0.120	-0.028	0.109	
1.10	0.250	0.268	-0.088	0.165	-0.022	0.149	
1.15	0.246	0.267	-0.079	0.191	-0.013	0.177	
1.20	0.243	0.267	-0.073	0.277	-0.003	0.192	
1.25	0.238	0.267	-0.055	0.425	0.007	0.192	
1.30	0.236	0.268	-0.022	0.431	0.016	0.180	
1.35	0.238	0.269	-0.008	0.348	0.025	0.166	
1.40	0.236	0.270	0.004	0.396	0.033	0.145	
1.45	0.237	0.272	0.036	0.380	0.040	0.109	
1.50	0.241	0.274	0.046	0.299	0.044	0.079	
1.55	0.241	0.276	0.061	0.287	0.048	0.040	
1.60	0.246	0.279	0.080	0.186	0.049	-0.018	
1.65	0.250	0.281	0.081	0.074	0.046	-0.079	
1.70	0.254	0.284	0.083	0.036	0.040	-0.134	
1.75	0.258	0.286	0.084	0.004	0.032	-0.177	
1.80	0.263	0.287	0.085	-0.050	0.023	-0.218	
1.85	0.267	0.288	0.080	-0.124	0.011	-0.253	
1.90	0.271	0.288	0.071	-0.168	-0.004	-0.259	
1.95	0.274	0.287	0.061	-0.182	-0.017	-0.235	
2.00	0.277	0.286	0.054	-0.211	-0.026	-0.229	
2.05	0.280	0.285	0.041	-0.255	-0.039	-0.229	
2.10	0.281	0.282	0.026	-0.265	-0.051	-0.195	
2.15	0.282	0.280	0.014	-0.262	-0.059	-0.149	
2.20	0.283	0.276	0.001	-0.263	-0.065	-0.108	
2.25	0.282	0.273	-0.013	-0.236	-0.070	-0.063	
2.30	0.281	0.269	-0.024	-0.188	-0.072	-0.007	
2.35	0.280	0.266	-0.031	-0.154	-0.071	0.044	
2.40	0.278	0.262	-0.038	-0.137	-0.068	0.101	
2.45	0.276	0.259	-0.046	-0.101	-0.061	0.170	
2.50	0.273	0.256	-0.050	-0.045	-0.050	0.215	
2.55	0.271	0.254	-0.050	0.001	-0.038	0.234	
2.60	0.268	0.252	-0.049	0.035	-0.027	0.262	
2.65	0.266	0.251	-0.046	0.066	-0.013	0.300	
2.70	0.264	0.251	-0.043	0.102	0.004	0.321	
2.75	0.261	0.251	-0.036	0.132	0.020	0.317	
2.80	0.260	0.253	-0.028	0.137	0.036	0.290	
2.85	0.259	0.255	-0.022	0.138	0.049	0.255	
2.90	0.258	0.258	-0.015	0.146	0.061	0.225	
2.95	0.257	0.261	-0.008	0.154	0.072	0.182	
3.00	0.257	0.265	0.002	0.139	0.080	0.127	
3.05	0.257	0.269	0.008	0.101	0.086	0.051	
3.10	0.258	0.274	0.011	0.071	0.086	-0.033	
3.15	0.258	0.278	0.015	0.036	0.081	-0.089	
3.20	0.259	0.282	0.015	0.003	0.077	-0.140	
3.25	0.260	0.286	0.014	-0.002	0.068	-0.194	
3.30	0.261	0.289	0.015	-0.008	0.056	-0.230	
3.35	0.262	0.292	0.014	-0.035	0.044	-0.253	
3.40	0.262	0.293	0.011	-0.066	0.031	-0.265	
3.45	0.263	0.295	0.007	-0.083	0.017	-0.267	
3.50	0.263	0.295	0.002	-0.083	0.004	-0.266	
3.55	0.263	0.295	-0.002	-0.077	-0.009	-0.268	
3.60	0.263	0.294	-0.005	-0.072	-0.023	-0.271	
3.65	0.262	0.293	-0.009	-0.066	-0.037	-0.255	
3.70	0.262	0.291	-0.013	-0.044	-0.050	-0.211	
3.75	0.261	0.288	-0.014	-0.011	-0.059	-0.156	
3.80	0.260	0.285	-0.013	0.008	-0.064	-0.117	
3.85	0.260	0.281	-0.012	0.013	-0.070	-0.079	
3.90	0.259	0.277	-0.012	0.032	-0.073	-0.030	
3.95	0.258	0.274	-0.010	0.064	-0.073	0.017	
4.00	0.258	0.270	-0.006	0.093	-0.071	0.068	
4.05	0.258	0.267	0.000	0.111	-0.067	0.128	
4.10	0.258	0.263	0.006	0.111	-0.059	0.188	
4.15	0.258	0.261	0.011	0.111	-0.047	0.223	
4.20	0.259	0.258	0.017	0.114	-0.035	0.240	
4.25	0.260	0.257	0.023	0.113	-0.023	0.251	
4.30	0.261	0.256	0.029	0.103	-0.010	0.259	
4.35	0.263	0.256	0.033	0.082	0.003	0.267	
4.40	0.265	0.256	0.037	0.062	0.018	0.251	
4.45	0.267	0.258	0.040	0.031	0.030	0.200	
4.50	0.269	0.260	0.041	-0.019	0.037	0.151	
4.55	0.271	0.262	0.038	-0.064	0.044	0.126	
4.60	0.273	0.264	0.034	-0.096	0.050	0.099	
4.65	0.274	0.267	0.028	-0.125	0.055	0.051	
4.70	0.276	0.270	0.021	-0.145	0.055	0.005	
4.75	0.276	0.272	0.013	-0.159	0.055	-0.038	
4.80	0.277	0.275	0.005	-0.174	0.052	-0.085	
4.85	0.277	0.278	-0.004	-0.188	0.046	-0.112	
4.90	0.277	0.280	-0.014	-0.195	0.040	-0.131	
4.95	0.276	0.282	-0.025	-0.178	0.033	-0.158	
5.00	0.274	0.283	-0.033	-0.142	0.024	-0.170	
5.05	0.272	0.284	-0.039	-0.113	0.016	-0.178	
5.10	0.270	0.285	-0.043	-0.111	0.006	-0.186	
5.15	0.268	0.285	-0.049	-0.118	-0.004	-0.165	
5.20	0.265	0.284	-0.057	-0.083	-0.011	-0.135	
5.25	0.262	0.284	-0.059	-0.021	-0.017	-0.115	
5.30	0.259	0.282	-0.057	0.021	-0.023	-0.087	
5.35	0.256	0.281	-0.056	0.062	-0.026	-0.058	
5.40	0.253	0.280	-0.052	0.111	-0.028	-0.027	
5.45	0.251	0.278	-0.045	0.149	-0.029	0.015	
5.50	0.249	0.277	-0.037	0.180	-0.027	0.052	
5.55	0.247	0.276	-0.027	0.211	-0.023	0.065	
5.60	0.246	0.275	-0.015	0.233	-0.020	0.065	
5.65	0.246	0.274	-0.003	0.245	-0.017	0.076	
5.70	0.246	0.273	0.010	0.242	-0.012	0.092	
5.75	0.247	0.273	0.022	0.225	-0.007	0.092	
5.80	0.248	0.272	0.032	0.205	-0.003	0.088	
5.85	0.250	0.272	0.042	0.180	0.002	0.073	
5.90	0.252	0.272	0.051	0.147	0.005	0.053	
5.95	0.255	0.273	0.057	0.104	0.006	0.049	
6.00	0.258	0.273	0.062	0.055	0.010	0.041	
6.05	0.262	0.274	0.062	0.017	0.012	0.010	
6.10	0.264	0.274	0.063	-0.015	0.011	-0.022	
6.15	0.268	0.275	0.062	-0.064	0.009	-0.043	
6.20	0.271	0.275	0.057	-0.119	0.006	-0.055	
6.25	0.274	0.275	0.049	-0.163	0.003	-0.060	
6.30	0.276	0.276	0.040	-0.186	0.000	-0.073	
6.35	0.278	0.275	0.030	-0.197	-0.004	-0.079	
6.40	0.279	0.275	0.020	-0.200	-0.008	-0.075	
6.45	0.280	0.275	0.010	-0.199	-0.011	-0.077	
6.50	0.280	0.274	-0.000	-0.200	-0.016	-0.079	
6.55	0.280	0.273	-0.010	-0.195	-0.020	-0.058	
6.60	0.279	0.272	-0.020	-0.182	-0.022	-0.026	
6.65	0.277	0.271	-0.029	-0.161	-0.022	-0.001	
6.70	0.276	0.270	-0.036	-0.138	-0.022	0.030	
6.75	0.274	0.268	-0.043	-0.103	-0.020	0.062	
6.80	0.271	0.268	-0.047	-0.059	-0.015	0.075	
6.85	0.269	0.267	-0.048	-0.026	-0.012	0.088	
6.90	0.267	0.266	-0.049	-0.001	-0.007	0.114	
6.95	0.264	0.266	-0.049	0.030	0.000	0.118	
7.00	0.262	0.266	-0.046	0.059	0.005	0.109	
7.05	0.259	0.267	-0.043	0.085	0.010	0.110	
7.10	0.257	0.267	-0.038	0.117	0.016	0.115	
7.15	0.256	0.268	-0.031	0.142	0.022	0.115	
7.20	0.254	0.270	-0.023	0.148	0.028	0.099	
7.25	0.253	0.271	-0.016	0.146	0.032	0.076	
7.30	0.253	0.273	-0.008	0.147	0.036	0.052	
7.35	0.252	0.275	-0.001	0.149	0.038	0.022	
7.40	0.253	0.277	0.007	0.137	0.038	-0.006	
7.45	0.253	0.279	0.013	0.114	0.037	-0.024	
7.50	0.254	0.280	0.018	0.097	0.036	-0.058	
7.55	0.255	0.282	0.024	0.070	0.031	-0.094	
7.60	0.257	0.283	0.025	0.036	0.025	-0.104	
7.65	0.258	0.285	0.026	0.017	0.022	-0.127	
7.70	0.259	0.286	0.028	-0.008	0.013	-0.156	
7.75	0.261	0.286	0.026	-0.033	0.004	-0.159	
7.80	0.262	0.286	0.024	-0.046	-0.003	-0.153	
7.85	0.263	0.286	0.021	-0.050	-0.010	-0.159	
7.90	0.264	0.285	0.018	-0.040	-0.019	-0.163	
7.95	0.265	0.284	0.017	-0.036	-0.028	-0.144	
8.00	0.265	0.282	0.015	-0.046	-0.034	-0.116	
8.05	0.266	0.281	0.013	-0.064	-0.038	-0.101	
8.10	0.267	0.279	0.008	-0.075	-0.043	-0.087	
8.15	0.267	0.276	0.004	-0.060	-0.049	-0.043	
8.20	0.267	0.274	0.002	-0.045	-0.049	0.022	
8.25	0.267	0.271	0.000	-0.041	-0.044	0.053	
8.30	0.267	0.269	-0.002	-0.025	-0.042	0.052	
8.35	0.267	0.267	-0.002	-0.010	-0.041	0.070	
8.40	0.267	0.265	-0.004	0.009	-0.036	0.100	
8.45	0.267	0.263	-0.002	0.026	-0.030	0.118	
8.50	0.267	0.262	0.000	0.020	-0.024	0.142	
8.55	0.267	0.261	0.000	0.013	-0.016	0.170	
8.60	0.267	0.260	0.001	0.020	-0.006	0.174	
8.65	0.267	0.260	0.003	0.024	0.002	0.158	
8.70	0.267	0.261	0.004	0.023	0.009	0.152	
8.75	0.267	0.261	0.004	0.026	0.017	0.163	
8.80	0.267	0.262	0.007	0.013	0.026	0.161	
8.85	0.268	0.264	0.006	-0.012	0.035	0.120	
8.90	0.268	0.266	0.005	-0.027	0.038	0.068	
8.95	0.268	0.268	0.003	-0.035	0.040	0.047	
9.00	0.268	0.270	0.002	-0.043	0.043	0.028	
9.05	0.269	0.272	-0.001	-0.056	0.044	-0.011	
9.10	0.268	0.274	-0.004	-0.067	0.042	-0.055	
9.15	0.268	0.276	-0.008	-0.066	0.038	-0.095	
9.20	0.268	0.278	-0.011	-0.056	0.032	-0.117	
9.25	0.267	0.280	-0.012	-0.062	0.026	-0.122	
9.30	0.267	0.281	-0.017	-0.064	0.020	-0.132	
9.35	0.265	0.282	-0.020	-0.049	0.012	-0.136	
9.40	0.264	0.282	-0.022	-0.041	0.005	-0.126	
9.45	0.263	0.282	-0.024	-0.024	-0.001	-0.106	
9.50	0.262	0.282	-0.025	0.005	-0.005	-0.090	
9.55	0.261	0.282	-0.024	0.027	-0.009	-0.085	
9.60	0.259	0.281	-0.021	0.034	-0.014	-0.080	
9.65	0.258	0.280	-0.020	0.038	-0.018	-0.061	
9.70	0.257	0.279	-0.018	0.055	-0.020	-0.034	
9.75	0.257	0.278	-0.015	0.076	-0.021	-0.014	
9.80	0.256	0.277	-0.010	0.090	-0.021	0.004	
9.85	0.256	0.276	-0.005	0.097	-0.020	0.020	
9.90	0.255	0.275	-0.001	0.107	-0.019	0.025	
9.95	0.255	0.274	0.005	0.114	-0.018	0.026	
10.00	0.256	0.273	0.011	0.106	-0.017	0.030	
10.05	0.257	0.272	0.016	0.089	-0.015	0.042	
10.10	0.258	0.272	0.020	0.081	-0.012	0.055	
10.15	0.258	0.271	0.024	0.078	-0.010	0.069	
10.20	0.260	0.271	0.028	0.063	-0.006	0.083	
10.25	0.261	0.270	0.031	0.040	-0.000	0.073	
10.30	0.263	0.271	0.032	0.016	0.003	0.043	
10.35	0.265	0.271	0.032	-0.010	0.004	0.025	
10.40	0.266	0.271	0.031	-0.039	0.005	0.017	
10.45	0.268	0.271	0.028	-0.060	0.005	0.018	
10.50	0.269	0.271	0.025	-0.074	0.007	0.010	
10.55	0.270	0.272	0.021	-0.087	0.006	-0.011	
10.60	0.271	0.272	0.016	-0.096	0.005	-0.019	
10.65	0.272	0.273	0.012	-0.115	0.004	-0.016	
10.70	0.273	0.273	0.004	-0.126	0.004	-0.013	
10.75	0.272	0.273	-0.002	-0.107	0.004	-0.025	
10.80	0.272	0.273	-0.007	-0.085	0.001	-0.033	
10.85	0.272	0.273	-0.011	-0.069	-0.000	-0.029	
10.90	0.271	0.273	-0.012	-0.076	-0.002	-0.018	
10.95	0.271	0.273	-0.018	-0.093	-0.002	-0.006	
11.00	0.269	0.273	-0.024	-0.077	-0.002	-0.006	
11.05	0.268	0.273	-0.026	-0.046	-0.003	0.004	
11.10	0.267	0.272	-0.028	-0.020	-0.002	0.008	
11.15	0.265	0.273	-0.028	-0.002	-0.002	0.004	
11.20	0.264	0.272	-0.027	-0.001	-0.003	0.025	
11.25	0.263	0.272	-0.029	0.019	0.001	0.043	
11.30	0.261	0.272	-0.026	0.056	0.003	0.042	
11.35	0.260	0.272	-0.022	0.072	0.004	0.048	
11.40	0.259	0.273	-0.018	0.077	0.007	0.055	
11.45	0.258	0.273	-0.015	0.086	0.011	0.044	
11.50	0.257	0.274	-0.009	0.087	0.012	0.019	
11.55	0.257	0.274	-0.006	0.082	0.012	0.010	
11.60	0.257	0.275	-0.002	0.090	0.013	0.010	
11.65	0.257	0.276	0.003	0.095	0.013	0.002	
11.70	0.257	0.276	0.009	0.078	0.013	-0.003	
11.75	0.258	0.277	0.012	0.054	0.014	-0.023	
11.80	0.258	0.278	0.013	0.047	0.011	-0.053	
11.85	0.259	0.278	0.016	0.039	0.008	-0.067	
11.90	0.260	0.279	0.018	0.017	0.004	-0.072	
11.95	0.261	0.279	0.018	0.001	0.000	-0.070	
12.00	0.262	0.279	0.018	-0.008	-0.004	-0.050	
12.05	0.263	0.278	0.016	-0.007	-0.005	-0.036	
12.10	0.263	0.278	0.016	0.007	-0.005	-0.051	
12.15	0.264	0.278	0.018	0.001	-0.009	-0.074	
12.20	0.265	0.277	0.018	-0.028	-0.015	-0.061	
12.25	0.266	0.276	0.015	-0.057	-0.016	-0.030	
12.30	0.267	0.275	0.011	-0.072	-0.017	-0.020	
12.35	0.267	0.275	0.007	-0.061	-0.018	-0.015	
12.40	0.267	0.274	0.004	-0.034	-0.019	-0.002	
12.45	0.268	0.273	0.004	-0.024	-0.018	0.010	
12.50	0.268	0.272	0.002	-0.025	-0.017	0.017	
12.55	0.268	0.271	0.002	-0.034	-0.016	0.018	
12.60	0.268	0.270	-0.001	-0.041	-0.016	0.029	
12.65	0.268	0.269	-0.003	-0.032	-0.014	0.055	
12.70	0.268	0.269	-0.004	-0.027	-0.010	0.065	
12.75	0.267	0.268	-0.006	-0.018	-0.007	0.062	
12.80	0.267	0.268	-0.006	-0.011	-0.004	0.070	
12.85	0.267	0.268	-0.007	-0.010	0.000	0.076	
12.90	0.266	0.268	-0.007	-0.009	0.004	0.069	
12.95	0.266	0.268	-0.007	-0.011	0.007	0.061	
13.00	0.266	0.269	-0.008	-0.008	0.010	0.066	
13.05	0.265	0.269	-0.008	-0.000	0.014	0.068	
13.10	0.265	0.270	-0.008	0.008	0.017	0.049	
13.15	0.264	0.271	-0.007	0.010	0.019	0.025	
13.20	0.264	0.272	-0.007	0.006	0.019	0.014	
13.25	0.264	0.273	-0.007	0.005	0.020	0.006	
13.30	0.263	0.274	-0.007	0.006	0.020	-0.002	
13.35	0.263	0.275	-0.006	0.002	0.020	-0.021	
13.40	0.263	0.276	-0.006	0.002	0.018	-0.045	
13.45	0.262	0.277	-0.006	0.012	0.014	-0.040	
13.50	0.262	0.277	-0.005	0.019	0.014	-0.033	
13.55	0.262	0.278	-0.004	0.020	0.013	-0.060	
13.60	0.262	0.279	-0.003	0.021	0.008	-0.091	
13.65	0.262	0.279	-0.002	0.028	0.002	-0.085	
13.70	0.262	0.279	0.000	0.020	-0.001	-0.061	
13.75	0.262	0.279	0.001	-0.003	-0.003	-0.049	
13.80	0.262	0.279	-0.001	-0.009	-0.006	-0.051	
13.85	0.262	0.278	-0.001	0.002	-0.008	-0.058	
13.90	0.262	0.278	-0.000	0.012	-0.013	-0.041	
13.95	0.262	0.277	0.000	0.021	-0.013	-0.012	
14.00	0.262	0.276	0.001	0.035	-0.012	-0.021	
14.05	0.262	0.276	0.004	0.035	-0.015	-0.025	
14.10	0.262	0.275	0.006	0.017	-0.016	-0.002	
14.15	0.262	0.274	0.006	0.006	-0.015	0.012	
14.20	0.263	0.273	0.006	0.009	-0.015	0.024	
14.25	0.263	0.273	0.006	0.013	-0.013	0.039	
14.30	0.263	0.272	0.007	0.016	-0.010	0.039	
14.35	0.263	0.272	0.008	0.025	-0.009	0.032	
14.40	0.264	0.271	0.010	0.025	-0.007	0.037	
14.45	0.264	0.271	0.011	0.007	-0.005	0.037	
14.50	0.265	0.271	0.011	-0.015	-0.003	0.032	
14.55	0.266	0.271	0.008	-0.018	-0.002	0.039	
14.60	0.266	0.270	0.009	-0.012	0.001	0.042	
14.65	0.267	0.271	0.009	-0.026	0.003	0.034	
14.70	0.267	0.271	0.006	-0.036	0.003	0.038	
14.75	0.267	0.271	0.004	-0.030	0.006	0.040	
14.80	0.267	0.271	0.003	-0.027	0.009	0.018	
14.85	0.267	0.272	0.002	-0.030	0.008	-0.004	
14.90	0.267	0.272	0.000	-0.034	0.007	-0.006	
14.95	0.267	0.273	-0.002	-0.039	0.007	0.011	
15.00	0.267	0.273	-0.004	-0.042	0.009	0.015	
15.05	0.267	0.274	-0.006	-0.037	0.009	-0.001	
15.10	0.267	0.274	-0.008	-0.025	0.008	-0.007	
15.15	0.266	0.274	-0.009	-0.017	0.009	-0.015	
15.20	0.266	0.275	-0.009	-0.020	0.007	-0.030	
15.25	0.265	0.275	-0.011	-0.023	0.005	-0.034	
15.30	0.265	0.275	-0.012	-0.010	0.004	-0.039	
15.35	0.264	0.276	-0.012	0.008	0.000	-0.026	
15.40	0.263	0.275	-0.011	0.010	0.001	-0.008	
15.45	0.263	0.276	-0.010	0.006	0.002	-0.026	
15.50	0.262	0.276	-0.010	0.006	-0.002	-0.046	
15.55	0.262	0.275	-0.011	0.021	-0.005	-0.019	
15.60	0.261	0.275	-0.008	0.037	-0.004	0.014	
15.65	0.261	0.275	-0.006	0.037	-0.002	0.018	
15.70	0.261	0.275	-0.005	0.036	-0.002	0.009	
15.75	0.261	0.275	-0.003	0.042	-0.001	-0.007	
15.80	0.260	0.275	-0.000	0.044	-0.003	-0.012	
15.85	0.261	0.275	0.002	0.042	-0.003	-0.001	
15.90	0.261	0.274	0.004	0.041	-0.003	0.012	
15.95	0.261	0.274	0.006	0.036	-0.002	0.019	
16.00	0.261	0.274	0.007	0.032	-0.000	0.015	
16.05	0.262	0.274	0.009	0.030	-0.000	0.008	
16.10	0.262	0.274	0.011	0.018	0.000	0.005	
16.15	0.263	0.274	0.011	0.001	0.000	0.007	
16.20	0.263	0.274	0.010	0.002	0.001	0.008	
16.25	0.264	0.274	0.011	0.012	0.002	-0.006	
16.30	0.264	0.275	0.012	0.001	0.001	-0.026	
16.35	0.265	0.274	0.011	-0.019	-0.003	-0.016	
16.40	0.265	0.274	0.009	-0.025	-0.002	0.005	
16.45	0.266	0.274	0.009	-0.024	-0.000	-0.002	
16.50	0.266	0.274	0.008	-0.032	-0.002	-0.010	
16.55	0.267	0.274	0.005	-0.041	-0.002	-0.010	
16.60	0.267	0.274	0.003	-0.047	-0.002	-0.022	
16.65	0.267	0.274	0.001	-0.052	-0.005	-0.016	
16.70	0.267	0.273	-0.002	-0.046	-0.005	0.012	
16.75	0.267	0.273	-0.004	-0.031	-0.002	0.013	
16.80	0.267	0.273	-0.005	-0.029	-0.003	-0.004	
16.85	0.266	0.273	-0.007	-0.032	-0.004	0.004	
16.90	0.266	0.273	-0.009	-0.017	-0.002	0.016	
16.95	0.265	0.273	-0.009	0.001	-0.001	0.008	
17.00	0.265	0.273	-0.008	0.008	-0.002	0.010	
17.05	0.264	0.273	-0.007	0.005	-0.001	0.029	
17.10	0.264	0.273	-0.008	-0.002	0.001	0.043	
17.15	0.264	0.273	-0.009	0.007	0.004	0.036	
17.20	0.263	0.273	-0.007	0.020	0.005	0.008	
17.25	0.263	0.273	-0.006	0.019	0.004	-0.005	
17.30	0.263	0.273	-0.005	0.017	0.004	0.003	
17.35	0.263	0.274	-0.005	0.022	0.004	0.016	
17.40	0.262	0.274	-0.003	0.030	0.006	0.017	
17.45	0.262	0.274	-0.001	0.027	0.007	0.004	
17.50	0.262	0.274	-0.000	0.021	0.006	-0.007	
17.55	0.262	0.275	0.001	0.023	0.005	-0.012	
17.60	0.262	0.275	0.002	0.027	0.005	-0.007	
17.65	0.262	0.275	0.004	0.015	0.006	-0.022	
17.70	0.263	0.276	0.004	-0.006	0.003	-0.038	
17.75	0.263	0.275	0.003	-0.010	0.001	-0.029	
17.80	0.263	0.276	0.002	0.002	-0.000	-0.023	
17.85	0.263	0.275	0.003	0.011	-0.001	-0.020	
17.90	0.263	0.276	0.004	0.010	-0.002	-0.028	
17.95	0.263	0.275	0.005	0.002	-0.005	-0.024	
18.00	0.264	0.275	0.004	-0.012	-0.004	-0.014	
18.05	0.264	0.275	0.003	-0.013	-0.005	-0.015	
18.10	0.264	0.274	0.002	0.000	-0.007	-0.001	
18.15	0.264	0.274	0.003	0.006	-0.005	0.002	
18.20	0.264	0.274	0.003	0.002	-0.006	-0.003	
18.25	0.264	0.274	0.003	-0.005	-0.006	-0.001	
18.30	0.265	0.274	0.003	-0.015	-0.006	0.004	
18.35	0.265	0.273	0.002	-0.020	-0.006	0.019	
18.40	0.265	0.273	0.000	-0.015	-0.004	0.024	
18.45	0.265	0.273	0.000	-0.007	-0.003	0.014	
18.50	0.265	0.273	0.000	-0.004	-0.003	0.010	
18.55	0.265	0.272	-0.000	-0.006	-0.003	0.022	
18.60	0.265	0.272	-0.000	-0.011	-0.000	0.029	
18.65	0.265	0.272	-0.001	-0.013	0.001	0.028	
18.70	0.265	0.272	-0.002	-0.013	0.003	0.014	
18.75	0.265	0.273	-0.002	-0.013	0.002	0.001	
18.80	0.264	0.273	-0.004	-0.002	0.002	0.015	
18.85	0.264	0.273	-0.003	0.013	0.004	0.021	
18.90	0.264	0.273	-0.001	0.008	0.005	0.009	
18.95	0.264	0.273	-0.002	-0.003	0.005	-0.005	
19.00	0.264	0.274	-0.003	0.002	0.004	-0.016	
19.05	0.264	0.274	-0.002	0.013	0.003	-0.013	
19.10	0.264	0.274	-0.001	0.017	0.002	0.003	
19.15	0.264	0.274	0.001	0.008	0.003	0.010	
19.20	0.264	0.274	0.000	-0.012	0.004	0.002	
19.25	0.264	0.274	-0.002	-0.011	0.004	-0.011	
19.30	0.264	0.274	-0.001	0.005	0.003	-0.018	
19.35	0.264	0.275	-0.000	0.009	0.002	-0.022	
19.40	0.264	0.275	-0.000	0.006	0.000	-0.011	
19.45	0.264	0.275	0.000	0.002	0.001	-0.011	
19.50	0.264	0.275	0.000	0.001	-0.001	-0.014	
19.55	0.264	0.274	0.000	0.002	-0.002	0.001	
19.60	0.264	0.275	0.000	0.004	0.001	-0.006	
19.65	0.264	0.275	0.000	0.006	-0.002	-0.021	
19.70	0.264	0.274	0.001	-0.000	-0.003	-0.006	
19.75	0.264	0.274	0.001	-0.014	-0.002	0.010	
19.80	0.264	0.274	-0.001	-0.016	-0.002	0.014	
19.85	0.264	0.274	-0.001	-0.003	-0.000	0.009	
19.90	0.264	0.274	-0.001	0.009	-0.000	-0.001	
19.95	0.263	0.274	-0.000	0.014	-0.001	-0.003	
20.00	0.264	0.274	0.001	0.005	-0.001	-0.005	
20.05	0.264	0.274	0.000	-0.001	-0.001	-0.006	
20.10	0.264	0.274	0.000	0.002	-0.002	-0.002	
20.15	0.264	0.274	0.000	0.007	-0.002	0.005	
20.20	0.264	0.274	0.001	0.005	-0.001	0.015	
20.25	0.264	0.274	0.001	-0.004	-0.000	0.022	
20.30	0.264	0.274	0.000	-0.006	0.001	0.025	
20.35	0.264	0.274	0.000	-0.000	0.003	0.010	
20.40	0.264	0.274	0.000	0.005	0.003	-0.015	
20.45	0.264	0.274	0.001	0.002	0.000	-0.012	
20.50	0.264	0.274	0.001	-0.006	0.001	-0.001	
20.55	0.264	0.274	-0.000	0.000	0.001	0.002	
20.60	0.264	0.274	0.000	0.015	0.001	0.002	
20.65	0.264	0.274	0.002	0.011	0.001	-0.009	
20.70	0.264	0.274	0.002	-0.001	0.000	-0.013	
20.75	0.264	0.274	0.002	-0.008	-0.000	-0.012	
20.80	0.264	0.274	0.001	-0.017	-0.002	0.000	
20.85	0.264	0.274	-0.000	-0.023	0.000	0.003	
20.90	0.264	0.274	-0.002	-0.020	-0.000	-0.009	
20.95	0.264	0.274	-0.003	-0.007	-0.002	-0.002	
21.00	0.264	0.274	-0.002	0.003	-0.001	0.004	
21.05	0.264	0.274	-0.002	0.003	-0.001	-0.002	
21.10	0.264	0.274	-0.002	0.001	-0.001	-0.003	
21.15	0.264	0.274	-0.002	0.001	-0.001	0.004	
21.20	0.264	0.274	-0.002	0.002	-0.001	0.009	
21.25	0.264	0.274	-0.002	0.003	-0.001	0.015	
21.30	0.263	0.274	-0.001	0.005	0.001	0.015	
21.35	0.263	0.274	-0.001	0.002	0.002	-0.006	
21.40	0.263	0.274	-0.001	0.001	0.000	-0.018	
21.45	0.263	0.274	-0.001	0.008	-0.001	-0.009	
21.50	0.263	0.274	-0.000	0.013	-0.001	0.007	
21.55	0.263	0.274	0.000	0.013	0.001	0.012	
21.60	0.263	0.274	0.001	0.010	0.000	0.012	
21.65	0.263	0.274	0.001	0.007	0.001	0.019	
21.70	0.263	0.274	0.001	0.017	0.003	0.007	
21.75	0.263	0.274	0.003	0.028	0.003	-0.019	
21.80	0.264	0.274	0.006	0.007	0.000	-0.027	
21.85	0.264	0.274	0.004	-0.027	-0.001	-0.015	
21.90	0.264	0.274	0.001	-0.022	-0.001	0.002	
21.95	0.264	0.274	0.001	-0.001	-0.000	0.009	
22.00	0.264	0.274	0.002	0.004	0.000	0.004	
22.05	0.264	0.274	0.002	0.003	0.001	-0.008	
22.10	0.264	0.274	0.002	-0.012	-0.001	-0.015	
22.15	0.265	0.274	0.001	-0.030	-0.002	-0.008	
22.20	0.265	0.274	-0.001	-0.031	-0.002	-0.002	
22.25	0.264	0.274	-0.003	-0.008	-0.002	0.008	
22.30	0.264	0.274	-0.002	0.012	-0.000	0.004	
22.35	0.264	0.274	-0.001	0.011	-0.001	-0.005	
22.40	0.264	0.274	-0.001	0.007	-0.002	0.004	
22.45	0.264	0.274	-0.000	0.005	-0.000	0.002	
22.50	0.264	0.274	-0.000	-0.003	-0.001	-0.003	
22.55	0.264	0.274	-0.000	-0.011	-0.002	0.014	
22.60	0.264	0.274	-0.002	-0.012	0.000	0.029	
22.65	0.264	0.274	-0.002	0.000	0.002	0.021	
22.70	0.264	0.274	-0.002	0.013	0.003	0.001	
22.75	0.264	0.274	-0.000	0.014	0.001	-0.002	
22.80	0.264	0.274	0.000	0.010	0.002	-0.004	
22.85	0.264	0.274	0.000	0.007	0.002	-0.011	
22.90	0.264	0.274	0.001	0.002	0.001	-0.006	
22.95	0.264	0.274	0.000	0.000	0.001	0.006	
23.00	0.264	0.274	0.000	0.006	0.002	0.009	
23.05	0.264	0.274	0.001	0.005	0.002	-0.005	
23.10	0.264	0.274	0.001	-0.005	0.001	-0.021	
23.15	0.264	0.275	0.001	-0.018	-0.001	-0.018	
23.20	0.264	0.274	-0.001	-0.017	-0.001	-0.002	
23.25	0.264	0.274	-0.001	-0.005	-0.000	0.004	
23.30	0.264	0.274	-0.001	0.006	-0.000	-0.001	
23.35	0.264	0.274	-0.000	0.009	-0.000	-0.008	
23.40	0.264	0.274	-0.000	0.003	-0.001	-0.009	
23.45	0.264	0.274	-0.000	-0.001	-0.002	-0.005	
23.50	0.264	0.274	-0.000	-0.004	-0.002	-0.002	
23.55	0.264	0.274	-0.001	-0.000	-0.002	-0.002	
23.60	0.264	0.274	-0.000	0.004	-0.002	-0.002	
23.65	0.264	0.274	-0.000	0.002	-0.002	-0.001	
23.70	0.264	0.274	-0.000	-0.001	-0.002	0.010	
23.75	0.264	0.274	-0.000	-0.003	-0.001	0.023	
23.80	0.264	0.274	-0.001	0.004	0.001	0.020	
23.85	0.264	0.274	0.000	0.012	0.001	0.006	
23.90	0.264	0.274	0.001	0.009	0.001	0.003	
23.95	0.264	0.274	0.001	0.008	0.001	0.002	
24.00	0.264	0.274	0.002	0.005	0.001	-0.002	
24.05	0.264	0.274	0.002	-0.009	0.001	0.000	
24.10	0.264	0.274	0.000	-0.018	0.001	0.003	
24.15	0.264	0.274	-0.001	-0.008	0.001	0.001	
24.20	0.264	0.274	-0.000	0.001	0.001	0.002	
24.25	0.264	0.274	-0.000	0.002	0.002	-0.004	
24.30	0.264	0.274	-0.000	0.002	0.001	-0.016	
24.35	0.264	0.274	-0.000	0.004	-0.001	-0.004	
24.40	0.264	0.274	-0.000	0.015	0.001	0.004	
24.45	0.264	0.274	0.002	0.011	0.001	-0.015	
24.50	0.264	0.274	0.002	-0.013	-0.002	-0.018	
24.55	0.264	0.274	-0.000	-0.020	-0.002	0.003	
24.60	0.264	0.274	-0.000	-0.014	-0.000	0.006	
24.65	0.264	0.274	-0.001	-0.010	-0.001	0.000	
24.70	0.264	0.274	-0.002	-0.004	-0.001	0.005	
24.75	0.264	0.274	-0.002	0.000	0.000	-0.001	
24.80	0.264	0.274	-0.002	0.005	-0.001	-0.005	
24.85	0.264	0.274	-0.001	0.010	-0.001	0.003	
24.90	0.264	0.274	-0.000	0.011	-0.000	0.007	
24.95	0.264	0.274	0.000	0.007	-0.000	0.006	
25.00	0.264	0.274	0.000	0.004	0.000	0.006	
25.05	0.264	0.274	0.001	-0.003	0.000	0.008	
25.10	0.264	0.274	-0.001	0.000	0.001	0.005	
25.15	0.264	0.274	0.000	0.011	0.001	-0.004	
25.20	0.264	0.274	0.001	0.010	0.000	-0.003	
25.25	0.264	0.274	0.002	0.003	0.000	0.008	
25.30	0.264	0.274	0.001	-0.003	0.001	0.017	
25.35	0.264	0.274	0.001	-0.003	0.003	0.006	
25.40	0.264	0.275	0.001	-0.004	0.002	-0.021	
25.45	0.264	0.274	0.001	-0.013	-0.000	-0.024	
25.50	0.264	0.274	-0.001	-0.010	-0.000	-0.016	
25.55	0.264	0.274	-0.001	0.005	-0.001	-0.012	
25.60	0.264	0.274	0.001	0.006	-0.002	-0.006	
25.65	0.264	0.274	0.000	-0.002	-0.002	-0.003	
25.70	0.264	0.274	0.000	-0.006	-0.002	0.005	
25.75	0.264	0.274	-0.000	-0.009	-0.001	0.006	
25.80	0.264	0.274	-0.001	-0.006	-0.001	0.002	
25.85	0.264	0.274	-0.001	0.001	-0.001	0.005	
25.90	0.264	0.274	-0.001	0.000	-0.001	0.004	
25.95	0.264	0.274	-0.001	-0.008	-0.001	0.005	
26.00	0.264	0.274	-0.002	-0.004	-0.000	0.008	
26.05	0.264	0.274	-0.002	0.007	0.000	0.007	
26.10	0.264	0.274	-0.001	0.008	0.000	0.009	
26.15	0.264	0.274	-0.001	0.009	0.001	0.008	
26.20	0.263	0.274	0.000	0.012	0.001	0.009	
26.25	0.264	0.274	0.001	0.003	0.002	0.010	
26.30	0.264	0.274	0.000	-0.005	0.003	-0.008	
26.35	0.264	0.274	0.000	-0.006	0.001	-0.018	
26.40	0.264	0.274	-0.000	-0.004	-0.000	-0.003	
26.45	0.264	0.274	-0.001	0.005	0.001	0.004	
26.50	0.263	0.274	0.000	0.014	0.001	-0.004	
26.55	0.264	0.274	0.001	0.011	0.000	-0.007	
26.60	0.264	0.274	0.002	0.001	-0.000	0.002	
26.65	0.264	0.274	0.001	-0.008	0.001	0.003	
26.70	0.264	0.274	0.000	-0.010	0.001	-0.012	
26.75	0.264	0.274	0.000	-0.007	-0.001	-0.016	
26.80	0.264	0.274	-0.000	-0.006	-0.002	-0.010	
26.85	0.264	0.274	-0.000	-0.008	-0.002	-0.004	
26.90	0.264	0.274	-0.001	-0.001	-0.002	-0.000	
26.95	0.264	0.274	-0.001	0.014	-0.002	0.005	
27.00	0.264	0.274	0.000	0.025	-0.002	0.018	
27.05	0.264	0.274	0.002	0.016	0.001	0.021	
27.10	0.264	0.274	0.003	-0.006	0.001	0.005	
27.15	0.264	0.274	0.001	-0.019	0.001	-0.004	
27.20	0.264	0.274	-0.000	-0.011	0.001	-0.010	
27.25	0.264	0.274	0.000	0.003	-0.001	-0.007	
27.30	0.264	0.274	0.001	-0.001	-0.001	0.010	
27.35	0.264	0.274	0.000	-0.007	0.001	0.013	
27.40	0.264	0.274	-0.000	-0.009	0.001	0.005	
27.45	0.264	0.274	-0.001	-0.005	0.001	0.005	
27.50	0.264	0.274	-0.001	-0.000	0.002	0.008	
27.55	0.264	0.274	-0.001	0.005	0.002	0.004	
27.60	0.264	0.274	-0.000	0.009	0.002	-0.009	
27.65	0.264	0.274	0.000	0.008	0.001	-0.024	
27.70	0.264	0.274	0.001	0.003	-0.001	-0.021	
27.75	0.264	0.274	0.000	-0.001	-0.001	-0.005	
27.80	0.264	0.274	0.000	0.005	-0.001	0.007	
27.85	0.264	0.274	0.002	-0.012	-0.000	0.009	
27.90	0.264	0.274	-0.001	-0.037	0.000	-0.006	
27.95	0.264	0.274	-0.004	-0.017	-0.001	-0.016	
28.00	0.264	0.274	-0.003	0.017	-0.002	-0.012	
28.05	0.264	0.274	-0.001	0.026	-0.003	-0.001	
28.10	0.264	0.274	0.000	0.019	-0.002	0.012	
28.15	0.264	0.274	0.001	0.008	-0.001	0.018	
28.20	0.264	0.274	0.001	-0.004	0.000	0.018	
28.25	0.264	0.274	-0.000	-0.001	0.002	0.001	
28.30	0.264	0.274	0.001	0.003	-0.000	-0.006	
28.35	0.264	0.274	0.001	-0.005	-0.000	0.002	
28.40	0.264	0.274	-0.000	-0.004	0.000	0.005	
28.45	0.264	0.274	0.001	-0.003	0.001	0.002	
28.50	0.264	0.274	-0.000	-0.008	0.000	-0.001	
28.55	0.264	0.274	-0.001	-0.002	0.000	0.003	
28.60	0.264	0.274	-0.000	0.004	0.001	0.002	
28.65	0.264	0.274	-0.000	0.003	0.001	0.001	
28.70	0.264	0.274	0.000	0.003	0.001	0.001	
28.75	0.264	0.274	0.000	0.004	0.001	0.002	
28.80	0.264	0.274	0.000	0.004	0.001	0.001	
28.85	0.264	0.274	0.001	-0.005	0.001	-0.009	
28.90	0.264	0.274	0.000	-0.021	0.000	-0.015	
28.95	0.264	0.274	-0.002	-0.019	-0.000	-0.017	
29.00	0.264	0.274	-0.002	0.002	-0.002	-0.013	
29.05	0.264	0.274	-0.001	0.009	-0.002	0.004	
29.10	0.264	0.274	-0.001	0.007	-0.001	0.019	
29.15	0.263	0.274	-0.000	0.005	0.001	0.012	
29.20	0.264	0.274	-0.000	-0.001	0.001	-0.008	
29.25	0.263	0.274	-0.001	0.003	-0.001	-0.013	
29.30	0.263	0.274	-0.000	0.010	-0.002	0.004	
29.35	0.263	0.274	0.000	0.011	0.000	0.008	
29.40	0.263	0.274	0.001	0.007	-0.000	-0.000	
29.45	0.264	0.274	0.001	0.001	-0.001	0.005	
29.50	0.264	0.274	0.001	0.006	0.000	0.013	
29.55	0.264	0.274	0.001	0.020	0.001	0.011	
29.60	0.264	0.274	0.004	0.014	0.001	0.003	
29.65	0.264	0.274	0.004	-0.011	0.001	0.001	
29.70	0.264	0.274	0.002	-0.018	0.002	-0.006	
29.75	0.264	0.274	0.001	-0.014	0.000	-0.010	
29.80	0.264	0.274	0.001	-0.020	-0.000	0.004	
29.85	0.264	0.274	-0.001	-0.017	0.001	0.010	
29.90	0.264	0.274	-0.001	-0.004	0.002	-0.008	
29.95	0.264	0.274	-0.001	0.007	0.000	-0.023	
30.00	0.264	0.274	-0.000	0.007	-0.001	-0.020	
30.05	0.264	0.274	0.000	-0.008	-0.002	-0.012	
30.10	0.264	0.274	-0.001	-0.016	-0.003	0.001	
30.15	0.264	0.274	-0.002	-0.003	-0.002	0.015	
30.20	0.264	0.274	-0.002	0.008	-0.001	0.024	
30.25	0.264	0.274	-0.001	0.005	0.001	0.019	
30.30	0.264	0.274	-0.001	-0.005	0.002	-0.006	
30.35	0.264	0.274	-0.002	0.000	0.000	-0.024	
30.40	0.263	0.274	-0.001	0.014	-0.001	-0.020	
30.45	0.264	0.274	0.000	0.009	-0.002	-0.002	
30.50	0.264	0.274	-0.000	0.001	-0.002	0.016	
30.55	0.264	0.274	-0.001	0.010	-0.000	0.019	
30.60	0.263	0.274	0.001	0.022	0.001	0.010	
30.65	0.264	0.274	0.003	0.011	0.001	0.003	
30.70	0.264	0.274	0.002	-0.006	0.001	-0.001	
30.75	0.264	0.274	0.001	-0.003	0.000	-0.001	
30.80	0.264	0.274	0.002	-0.007	0.000	0.006	
30.85	0.264	0.274	0.001	-0.019	0.001	0.006	
30.90	0.264	0.274	-0.001	-0.014	0.002	-0.000	
30.95	0.264	0.274	-0.001	0.002	0.001	-0.008	
31.00	0.264	0.274	0.000	0.001	0.000	-0.011	
31.05	0.264	0.274	-0.000	-0.012	0.000	-0.008	
31.10	0.264	0.274	-0.001	-0.014	-0.000	-0.006	
31.15	0.264	0.274	-0.002	-0.009	-0.001	0.001	
31.20	0.264	0.274	-0.003	0.003	-0.000	0.006	
31.25	0.264	0.274	-0.002	0.014	0.001	-0.004	
31.30	0.264	0.274	-0.000	0.013	-0.001	-0.010	
31.35	0.264	0.274	-0.000	0.007	-0.001	-0.011	
31.40	0.264	0.274	0.000	0.002	-0.002	-0.010	
31.45	0.264	0.274	0.000	0.000	-0.002	0.004	
31.50	0.264	0.274	0.000	-0.002	-0.001	0.018	
31.55	0.264	0.274	-0.000	-0.005	0.000	0.020	
31.60	0.264	0.274	-0.000	-0.008	0.002	0.006	
31.65	0.264	0.274	-0.001	-0.003	-0.000	0.001	
31.70	0.263	0.274	-0.001	0.010	0.001	0.010	
31.75	0.263	0.274	0.000	0.018	0.002	-0.005	
31.80	0.263	0.274	0.001	0.015	-0.000	-0.015	
31.85	0.264	0.274	0.002	0.007	-0.000	-0.006	
31.90	0.264	0.274	0.002	0.002	-0.000	-0.003	
31.95	0.264	0.274	0.002	-0.001	-0.001	0.006	
32.00	0.264	0.274	0.002	-0.001	0.001	0.008	
32.05	0.264	0.274	0.002	-0.001	0.000	0.004	
32.10	0.264	0.274	0.001	0.004	0.001	0.005	
32.15	0.264	0.274	0.002	-0.000	0.002	-0.007	
32.20	0.264	0.274	0.002	-0.020	0.000	-0.018	
32.25	0.264	0.274	-0.000	-0.023	-0.002	-0.005	
32.30	0.264	0.274	-0.001	-0.009	-0.000	0.005	
32.35	0.264	0.274	-0.001	-0.004	0.000	-0.008	
32.40	0.264	0.274	-0.001	-0.001	-0.001	-0.014	
32.45	0.264	0.274	-0.001	0.005	-0.002	0.002	
32.50	0.264	0.274	-0.000	0.004	-0.002	0.026	
32.55	0.264	0.274	-0.000	-0.003	0.002	0.024	
32.60	0.264	0.274	-0.001	-0.003	0.002	-0.005	
32.65	0.264	0.274	-0.001	0.003	-0.000	-0.013	
32.70	0.264	0.274	-0.000	0.004	-0.000	-0.005	
32.75	0.264	0.274	-0.000	-0.002	-0.000	-0.004	
32.80	0.264	0.274	-0.001	0.002	-0.000	-0.004	
32.85	0.264	0.274	-0.001	0.014	-0.001	0.004	
32.90	0.264	0.274	0.001	0.015	-0.001	0.019	
32.95	0.264	0.274	0.001	0.004	0.002	0.016	
33.00	0.264	0.274	0.001	0.000	0.002	-0.002	
33.05	0.264	0.274	0.001	-0.003	0.001	-0.012	
33.10	0.264	0.274	0.001	-0.013	0.000	-0.012	
33.15	0.264	0.274	-0.001	-0.014	-0.001	0.001	
33.20	0.264	0.274	-0.001	-0.009	0.000	0.011	
33.25	0.264	0.274	-0.002	-0.004	0.002	-0.001	
33.30	0.264	0.274	-0.002	0.012	0.000	-0.014	
33.35	0.264	0.274	0.000	0.015	-0.001	-0.008	
33.40	0.264	0.274	0.001	-0.001	-0.000	-0.003	
33.45	0.264	0.274	-0.000	-0.003	-0.001	0.001	
33.50	0.264	0.274	0.000	0.001	0.000	-0.003	
33.55	0.264	0.274	0.000	-0.007	-0.002	-0.001	
33.60	0.264	0.274	-0.001	-0.009	-0.000	0.005	
33.65	0.264	0.274	-0.001	0.001	0.000	-0.006	
33.70	0.264	0.274	-0.000	0.004	-0.002	-0.004	
33.75	0.264	0.274	-0.000	0.003	-0.001	0.012	
33.80	0.264	0.274	-0.001	0.009	0.000	0.010	
33.85	0.263	0.274	0.000	0.017	0.000	0.003	
33.90	0.264	0.274	0.002	0.005	0.000	0.005	
33.95	0.264	0.274	0.001	-0.013	0.000	0.010	
34.00	0.264	0.274	-0.000	-0.012	0.002	0.008	
34.05	0.264	0.274	-0.000	-0.004	0.002	-0.010	
34.10	0.264	0.274	-0.000	-0.004	0.000	-0.022	
34.15	0.264	0.274	-0.001	0.001	-0.001	-0.014	
34.20	0.264	0.274	-0.000	0.004	-0.001	0.001	
34.25	0.264	0.274	-0.000	0.000	-0.001	0.015	
34.30	0.264	0.274	-0.000	-0.003	0.001	0.014	
34.35	0.264	0.274	-0.001	0.000	0.001	0.000	
34.40	0.263	0.274	-0.000	0.002	0.000	-0.006	
34.45	0.264	0.274	0.000	-0.008	0.000	-0.005	
34.50	0.264	0.274	-0.002	-0.004	0.000	-0.003	
34.55	0.263	0.274	-0.001	0.017	-0.000	-0.004	
34.60	0.263	0.274	0.001	0.022	-0.000	-0.005	
34.65	0.263	0.274	0.001	0.022	-0.001	0.000	
34.70	0.263	0.274	0.004	0.009	-0.001	0.012	
34.75	0.264	0.274	0.003	-0.016	0.001	0.006	
34.80	0.264	0.274	0.001	-0.020	-0.000	-0.000	
34.85	0.264	0.274	0.000	-0.012	0.000	0.005	
34.90	0.264	0.274	-0.000	-0.007	0.001	-0.008	
34.95	0.264	0.274	-0.000	-0.005	-0.001	-0.015	
35.00	0.264	0.274	-0.001	0.001	-0.001	-0.005	
35.05	0.264	0.274	-0.000	0.008	-0.001	0.001	
35.10	0.264	0.274	0.000	0.007	-0.001	0.009	
35.15	0.264	0.274	0.001	-0.002	-0.000	0.022	
35.20	0.264	0.274	0.000	-0.009	0.002	0.018	
35.25	0.264	0.274	-0.001	-0.003	0.002	-0.005	
35.30	0.264	0.274	-0.000	0.005	0.001	-0.015	
35.35	0.264	0.274	0.000	0.007	0.000	-0.011	
35.40	0.264	0.274	0.000	0.008	-0.000	-0.008	
35.45	0.264	0.274	0.001	0.001	-0.000	-0.007	
35.50	0.264	0.274	0.001	-0.012	-0.001	-0.002	
35.55	0.264	0.274	-0.001	-0.012	-0.001	0.009	
35.60	0.264	0.274	-0.001	-0.001	0.001	0.006	
35.65	0.264	0.274	0.000	-0.004	0.000	-0.005	
35.70	0.264	0.274	-0.001	-0.008	-0.000	-0.009	
35.75	0.264	0.274	-0.002	0.005	-0.001	-0.006	
35.80	0.264	0.274	0.000	0.006	-0.001	0.004	
35.85	0.264	0.274	-0.000	-0.005	-0.000	0.007	
35.90	0.264	0.274	-0.002	0.005	-0.000	0.003	
35.95	0.263	0.274	-0.000	0.017	-0.000	0.001	
36.00	0.264	0.274	0.001	0.011	-0.001	0.009	
36.05	0.264	0.274	0.001	-0.000	0.001	0.014	
36.10	0.264	0.274	0.000	-0.004	0.001	0.014	
36.15	0.264	0.274	0.000	-0.000	0.003	0.008	
36.20	0.264	0.274	0.001	-0.004	0.002	-0.012	
36.25	0.264	0.274	0.000	-0.011	0.001	-0.019	
36.30	0.264	0.274	-0.000	-0.014	-0.000	-0.014	
36.35	0.264	0.274	-0.002	-0.009	-0.001	-0.004	
36.40	0.264	0.274	-0.002	0.009	-0.000	0.003	
36.45	0.263	0.274	-0.000	0.018	-0.000	-0.000	
36.50	0.264	0.274	0.001	0.001	-0.000	-0.004	
36.55	0.264	0.274	-0.001	-0.008	-0.001	-0.001	
36.60	0.263	0.274	-0.001	0.002	-0.000	0.003	
36.65	0.264	0.274	0.000	0.000	-0.000	0.003	
36.70	0.264	0.274	-0.000	-0.009	-0.001	0.008	
36.75	0.264	0.274	-0.001	-0.006	0.001	0.005	
36.80	0.263	0.274	-0.001	0.004	0.001	-0.009	
36.85	0.263	0.274	-0.000	0.008	-0.001	-0.010	
36.90	0.263	0.274	-0.000	0.006	-0.001	0.005	
36.95	0.263	0.274	0.000	0.007	0.000	0.014	
37.00	0.263	0.274	0.000	0.009	0.001	0.008	
37.05	0.263	0.274	0.001	0.008	0.001	-0.005	
37.10	0.264	0.274	0.001	0.004	0.000	-0.009	
37.15	0.264	0.274	0.001	0.008	-0.001	0.000	
37.20	0.264	0.274	0.003	0.005	0.001	0.003	
37.25	0.264	0.274	0.002	-0.012	0.000	-0.003	
37.30	0.264	0.274	0.001	-0.018	0.000	-0.003	
37.35	0.264	0.274	0.000	-0.014	-0.000	-0.003	
37.40	0.264	0.274	-0.000	-0.010	-0.001	0.005	
37.45	0.264	0.274	-0.001	-0.001	0.001	0.005	
37.50	0.264	0.274	-0.001	0.013	0.000	-0.002	
37.55	0.264	0.274	0.001	0.013	0.000	-0.004	
37.60	0.264	0.274	0.001	-0.000	-0.000	-0.006	
37.65	0.264	0.274	0.000	-0.007	-0.000	-0.006	
37.70	0.264	0.274	0.000	-0.006	-0.002	0.006	
37.75	0.264	0.274	-0.000	-0.005	0.000	0.011	
37.80	0.264	0.274	-0.000	-0.006	0.001	-0.002	
37.85	0.264	0.274	-0.001	-0.002	-0.001	0.004	
37.90	0.264	0.274	-0.000	-0.000	0.001	0.005	
37.95	0.264	0.274	-0.000	-0.006	0.000	-0.008	
38.00	0.264	0.274	-0.001	-0.006	0.000	-0.009	
38.05	0.264	0.274	-0.002	0.001	-0.000	-0.009	
38.10	0.264	0.274	-0.001	0.010	-0.002	0.004	
38.15	0.264	0.274	-0.000	0.014	0.000	0.010	
38.20	0.264	0.274	0.000	0.013	0.000	0.002	
38.25	0.264	0.274	0.001	0.007	0.000	-0.000	
38.30	0.264	0.274	0.001	-0.004	0.000	-0.000	
38.35	0.264	0.274	0.000	-0.007	0.000	0.002	
38.40	0.264	0.274	0.000	-0.002	0.000	0.005	
38.45	0.264	0.274	0.000	0.002	0.000	0.009	
38.50	0.264	0.274	0.001	-0.004	0.001	0.006	
38.55	0.264	0.274	0.000	-0.010	0.001	-0.005	
38.60	0.264	0.274	-0.001	-0.005	0.001	-0.018	
38.65	0.264	0.274	-0.000	-0.001	-0.001	-0.019	
38.70	0.264	0.274	-0.000	-0.005	-0.002	-0.008	
38.75	0.264	0.274	-0.001	-0.003	-0.002	0.004	
38.80	0.264	0.274	-0.001	0.005	-0.001	0.013	
38.85	0.264	0.274	-0.000	0.008	0.000	0.013	
38.90	0.264	0.274	-0.000	0.004	0.001	-0.004	
38.95	0.264	0.274	0.000	-0.000	-0.001	-0.010	
39.00	0.264	0.274	-0.000	-0.004	-0.002	0.017	
39.05	0.264	0.274	-0.000	-0.008	0.002	0.018	
39.10	0.264	0.274	-0.001	-0.005	0.002	-0.012	
39.15	0.263	0.274	-0.001	0.005	-0.001	-0.012	
39.20	0.263	0.274	-0.000	0.010	-0.000	0.003	
39.25	0.263	0.274	0.000	0.010	0.001	-0.002	
39.30	0.263	0.274	0.000	0.012	-0.000	-0.010	
39.35	0.263	0.274	0.001	0.010	-0.001	-0.006	
39.40	0.264	0.274	0.002	0.003	-0.001	0.007	
39.45	0.264	0.274	0.002	-0.002	-0.000	0.013	
39.50	0.264	0.274	0.001	-0.004	0.001	0.007	
39.55	0.264	0.274	0.001	0.004	0.000	0.002	
39.60	0.264	0.274	0.001	0.017	0.001	0.004	
39.65	0.264	0.274	0.004	0.008	0.002	-0.006	
39.70	0.264	0.274	0.003	-0.023	-0.000	-0.010	
39.75	0.264	0.274	-0.000	-0.029	-0.000	-0.002	
39.80	0.264	0.274	-0.001	-0.011	-0.000	-0.003	
39.85	0.264	0.274	-0.000	-0.002	-0.000	-0.007	
39.90	0.264	0.274	-0.000	-0.004	-0.001	-0.011	
39.95	0.264	0.274	-0.001	-0.003	-0.002	0.001	
40.00	0.264	0.274	-0.001	0.005	-0.001	0.019	
40.05	0.264	0.274	-0.000	0.008	0.001	0.016	
40.10	0.264	0.274	-0.000	0.005	0.002	-0.006	
40.15	0.264	0.274	0.000	0.001	-0.001	-0.014	
40.20	0.264	0.274	0.000	-0.001	-0.001	0.001	
40.25	0.264	0.274	-0.000	-0.005	-0.000	0.011	
40.30	0.264	0.274	-0.000	-0.008	0.001	0.007	
40.35	0.264	0.274	-0.001	-0.004	0.001	0.001	
40.40	0.264	0.274	-0.001	0.007	0.001	-0.005	
40.45	0.264	0.274	-0.000	0.013	0.000	-0.008	
40.50	0.264	0.274	0.000	0.013	-0.001	-0.000	
40.55	0.264	0.274	0.001	0.007	0.001	0.000	
40.60	0.264	0.274	0.001	-0.005	-0.000	-0.007	
40.65	0.264	0.274	0.000	-0.009	-0.001	-0.002	
40.70	0.264	0.274	0.000	-0.008	-0.000	0.004	
40.75	0.264	0.274	-0.000	-0.006	-0.000	0.005	
40.80	0.264	0.274	-0.001	0.001	0.000	0.006	
40.85	0.264	0.274	-0.000	0.005	0.000	0.006	
40.90	0.264	0.274	0.000	-0.005	0.001	0.001	
40.95	0.264	0.274	-0.001	-0.010	0.001	-0.009	
41.00	0.264	0.274	-0.001	-0.003	-0.001	0.001	
41.05	0.264	0.274	-0.001	-0.001	0.001	0.008	
41.10	0.264	0.274	-0.001	-0.000	0.002	-0.013	
41.15	0.264	0.274	-0.001	0.007	-0.001	-0.023	
41.20	0.264	0.274	-0.000	0.008	-0.002	-0.007	
41.25	0.264	0.274	-0.000	0.005	-0.002	0.010	
41.30	0.264	0.274	0.000	0.003	-0.000	0.012	
41.35	0.264	0.274	0.000	0.003	-0.000	0.006	
41.40	0.264	0.274	0.000	0.003	0.000	0.002	
41.45	0.264	0.274	0.001	-0.003	0.000	0.002	
41.50	0.264	0.274	0.000	-0.010	0.000	0.004	
41.55	0.264	0.274	-0.001	-0.003	0.000	0.007	
41.60	0.264	0.274	-0.000	0.005	0.001	0.005	
41.65	0.264	0.274	0.000	0.008	0.001	0.003	
41.70	0.264	0.274	0.000	0.011	0.001	0.002	
41.75	0.264	0.274	0.001	0.009	0.001	-0.007	
41.80	0.264	0.274	0.002	0.001	0.000	-0.010	
41.85	0.264	0.274	0.002	-0.008	0.000	-0.008	
41.90	0.264	0.274	0.001	-0.016	-0.000	-0.007	
41.95	0.264	0.274	-0.001	-0.010	-0.001	-0.001	
42.00	0.264	0.274	-0.001	0.010	-0.000	0.004	
42.05	0.264	0.274	0.001	0.022	-0.000	0.003	
42.10	0.264	0.274	0.003	0.006	-0.000	0.005	
42.15	0.264	0.274	0.002	-0.019	0.001	-0.005	
42.20	0.264	0.274	-0.000	-0.017	-0.001	-0.013	
42.25	0.264	0.274	-0.000	-0.008	-0.002	0.008	
42.30	0.264	0.274	-0.001	0.001	0.000	0.023	
42.35	0.264	0.274	-0.000	0.005	0.002	0.013	
42.40	0.264	0.274	-0.000	0.002	0.002	-0.005	
42.45	0.264	0.274	-0.000	-0.003	0.001	-0.010	
42.50	0.264	0.274	-0.000	-0.006	0.001	-0.014	
42.55	0.264	0.274	-0.001	-0.002	-0.001	-0.012	
42.60	0.264	0.274	-0.001	0.009	-0.001	0.001	
42.65	0.264	0.274	0.000	0.007	-0.000	0.006	
42.70	0.264	0.274	0.000	-0.000	-0.000	0.003	
42.75	0.264	0.274	-0.000	0.006	-0.000	-0.003	
42.80	0.264	0.274	0.001	0.007	-0.000	-0.006	
42.85	0.264	0.274	0.001	-0.005	-0.001	-0.001	
42.90	0.264	0.274	0.000	-0.012	-0.001	0.011	
42.95	0.264	0.274	-0.001	-0.006	0.001	0.011	
43.00	0.264	0.274	-0.000	-0.002	0.000	0.003	
43.05	0.264	0.274	-0.000	-0.005	0.001	-0.005	
43.10	0.264	0.274	-0.001	-0.003	0.000	-0.011	
43.15	0.264	0.274	-0.001	0.005	-0.001	-0.003	
43.20	0.264	0.274	-0.000	0.010	-0.000	0.003	
43.25	0.264	0.274	0.000	0.008	-0.000	0.003	
43.30	0.264	0.274	0.000	0.007	0.000	0.003	
43.35	0.264	0.274	0.001	0.002	0.000	0.005	
43.40	0.264	0.274	0.000	-0.000	0.000	0.006	
43.45	0.264	0.274	0.000	0.005	0.001	0.001	
43.50	0.264	0.274	0.001	0.003	0.001	-0.011	
43.55	0.264	0.274	0.001	-0.006	-0.001	-0.008	
43.60	0.264	0.274	0.000	-0.010	-0.001	0.008	
43.65	0.264	0.274	0.000	-0.009	0.001	0.010	
43.70	0.264	0.274	-0.000	-0.008	0.001	-0.004	
43.75	0.264	0.274	-0.001	-0.002	0.000	-0.014	
43.80	0.264	0.274	-0.001	0.008	-0.001	-0.015	
43.85	0.264	0.274	0.000	0.003	-0.002	-0.002	
43.90	0.264	0.274	-0.000	-0.009	-0.001	0.017	
43.95	0.264	0.274	-0.001	-0.008	0.001	0.016	
44.00	0.264	0.274	-0.001	0.002	0.001	-0.000	
44.05	0.264	0.274	-0.001	0.011	0.000	-0.011	
44.10	0.264	0.274	0.000	0.005	-0.000	-0.012	
44.15	0.264	0.274	-0.000	-0.008	-0.001	-0.008	
44.20	0.264	0.274	-0.001	-0.006	-0.001	0.003	
44.25	0.264	0.274	-0.001	0.004	-0.001	0.007	
44.30	0.263	0.274	-0.000	0.009	-0.001	0.011	
44.35	0.264	0.274	0.000	0.008	0.001	0.007	
44.40	0.263	0.274	0.000	0.009	0.001	-0.009	
44.45	0.264	0.274	0.001	0.007	-0.001	-0.009	
44.50	0.264	0.274	0.001	0.008	-0.001	0.005	
44.55	0.264	0.274	0.002	0.011	0.000	0.014	
44.60	0.264	0.274	0.003	0.003	0.001	0.009	
44.65	0.264	0.274	0.002	-0.006	0.001	-0.004	
44.70	0.264	0.274	0.002	-0.010	0.000	-0.008	
44.75	0.264	0.274	0.001	-0.018	-0.000	-0.002	
44.80	0.264	0.274	-0.000	-0.023	-0.000	0.012	
44.85	0.264	0.274	-0.002	-0.018	0.002	0.019	
44.90	0.264	0.274	-0.002	-0.001	0.003	-0.004	
44.95	0.264	0.274	-0.002	0.014	0.001	-0.021	
45.00	0.264	0.274	-0.000	0.017	-0.000	-0.021	
45.05	0.264	0.274	0.000	0.014	-0.001	-0.015	
45.10	0.264	0.274	0.001	0.007	-0.002	-0.006	
45.15	0.264	0.274	0.001	-0.004	-0.002	-0.001	
45.20	0.264	0.274	0.000	-0.008	-0.002	0.006	
45.25	0.264	0.274	0.000	-0.006	-0.001	0.017	
45.30	0.264	0.274	-0.000	-0.006	-0.000	0.027	
45.35	0.264	0.274	-0.000	-0.008	0.003	0.012	
45.40	0.264	0.274	-0.001	-0.003	0.002	-0.022	
45.45	0.264	0.274	-0.001	0.007	-0.001	-0.021	
45.50	0.264	0.274	-0.000	0.010	-0.001	0.002	
45.55	0.264	0.274	0.001	-0.003	-0.000	0.012	
45.60	0.264	0.274	-0.000	-0.015	0.001	0.005	
45.65	0.264	0.274	-0.002	-0.006	0.000	-0.003	
45.70	0.264	0.274	-0.001	0.013	0.000	-0.003	
45.75	0.264	0.274	-0.000	0.019	0.000	-0.001	
45.80	0.264	0.274	0.001	0.012	0.000	0.000	
45.85	0.264	0.274	0.001	0.001	0.000	0.001	
45.90	0.264	0.274	0.001	-0.002	0.000	0.003	
45.95	0.264	0.274	0.001	-0.003	0.000	0.003	
46.00	0.264	0.274	0.000	-0.005	0.001	-0.004	
46.05	0.264	0.274	0.000	-0.003	0.000	-0.011	
46.10	0.264	0.274	0.001	-0.010	-0.001	-0.007	
46.15	0.264	0.274	-0.001	-0.012	-0.001	-0.001	
46.20	0.264	0.274	-0.001	-0.004	-0.001	0.007	
46.25	0.264	0.274	-0.001	-0.028	-0.000	0.019	
46.30	0.264	0.274	-0.001	-0.161	0.002	0.010	
46.35	0.264	0.274	-0.003	-0.672	0.002	-0.018	
46.40	0.264	0.274	-0.045	-1.407	-0.001	-0.019	
46.45	0.264	0.274	-0.143	-1.726	-0.001	0.001	
46.50	0.261	0.274	-0.395	0.970	-0.000	0.007	
46.55	0.192	0.274	-0.092	4.225	-0.000	0.004	
46.60	0.246	0.274	0.313	2.475	-0.000	0.001	
46.65	0.253	0.274	0.212	-0.533	-0.000	0.001	
46.70	0.264	0.274	0.123	-1.392	-0.001	0.010	
46.75	0.264	0.274	0.026	-1.115	0.001	0.014	
46.80	0.264	0.274	0.005	-0.453	0.002	0.006	
46.85	0.264	0.274	-0.000	-0.137	0.002	-0.002	
46.90	0.264	0.274	-0.000	-0.015	0.001	-0.012	
46.95	0.264	0.274	0.000	0.019	0.000	-0.014	
47.00	0.264	0.274	0.003	0.021	-0.000	-0.009	
47.05	0.264	0.274	0.004	-0.016	-0.001	0.006	
47.10	0.264	0.274	0.001	-0.042	0.001	0.010	
47.15	0.264	0.274	-0.002	-0.028	0.001	-0.014	
47.20	0.264	0.274	-0.003	-0.000	-0.002	-0.019	
47.25	0.264	0.274	-0.002	0.017	-0.002	0.004	
47.30	0.264	0.274	-0.000	0.017	-0.001	0.016	
47.35	0.264	0.274	0.001	0.002	0.000	0.013	
47.40	0.264	0.274	-0.000	-0.010	0.001	0.003	
47.45	0.264	0.274	-0.001	-0.006	0.000	-0.007	
47.50	0.264	0.274	-0.001	0.007	-0.000	-0.010	
47.55	0.264	0.274	-0.000	0.013	-0.001	-0.011	
47.60	0.264	0.274	0.001	0.006	-0.002	0.003	
47.65	0.264	0.274	0.000	0.001	-0.001	0.022	
47.70	0.264	0.274	0.000	0.003	0.002	0.016	
47.75	0.264	0.274	0.001	-0.001	0.001	-0.002	
47.80	0.264	0.274	0.001	-0.013	0.001	-0.005	
47.85	0.264	0.274	-0.001	-0.011	0.000	0.001	
47.90	0.264	0.274	-0.001	0.003	0.001	0.001	
47.95	0.264	0.274	-0.000	0.009	0.001	-0.007	
48.00	0.264	0.274	0.001	0.001	-0.000	-0.005	
48.05	0.264	0.274	0.000	-0.009	0.001	-0.003	
48.10	0.264	0.274	-0.001	-0.006	-0.000	-0.008	
48.15	0.264	0.274	-0.001	-0.002	-0.001	-0.002	
48.20	0.264	0.274	-0.001	0.002	-0.000	0.003	
48.25	0.264	0.274	-0.000	0.005	-0.000	0.001	
48.30	0.264	0.274	-0.000	0.003	-0.000	-0.004	
48.35	0.264	0.274	-0.001	0.008	-0.000	-0.009	
48.40	0.264	0.274	0.001	0.005	-0.001	-0.009	
48.45	0.264	0.274	0.001	-0.010	-0.002	-0.003	
48.50	0.264	0.274	-0.001	-0.013	-0.002	0.003	
48.55	0.264	0.274	-0.001	-0.004	-0.001	0.008	
48.60	0.264	0.274	-0.001	-0.000	-0.000	0.006	
48.65	0.264	0.274	-0.001	0.003	-0.000	0.002	
48.70	0.263	0.274	-0.001	0.012	-0.001	0.010	
48.75	0.263	0.274	0.001	0.010	-0.000	0.026	
48.80	0.264	0.274	0.000	0.003	0.003	0.016	
48.85	0.263	0.274	0.000	0.004	0.003	-0.018	
48.90	0.264	0.274	0.001	-0.001	-0.001	-0.019	
48.95	0.264	0.274	0.000	-0.008	-0.000	0.002	
49.00	0.264	0.274	0.000	-0.015	0.001	0.002	
49.05	0.264	0.274	-0.002	-0.009	0.000	-0.003	
49.10	0.263	0.274	-0.001	0.008	0.001	-0.010	
49.15	0.264	0.274	0.000	0.005	-0.001	-0.010	
49.20	0.263	0.274	-0.001	0.002	-0.001	0.004	
49.25	0.263	0.274	-0.000	0.009	-0.000	0.008	
49.30	0.263	0.274	0.000	0.016	0.001	-0.003	
49.35	0.263	0.274	0.001	0.025	-0.000	-0.014	
49.40	0.263	0.274	0.004	0.013	-0.002	-0.005	
49.45	0.264	0.274	0.004	-0.019	-0.001	0.012	
49.50	0.264	0.274	0.001	-0.032	0.000	0.011	
49.55	0.264	0.274	-0.001	-0.019	0.000	0.004	
49.60	0.264	0.274	-0.001	-0.001	-0.000	0.011	
49.65	0.264	0.274	-0.000	0.005	0.002	0.007	
49.70	0.264	0.274	-0.000	0.002	0.001	-0.010	
49.75	0.264	0.274	-0.000	-0.002	-0.000	-0.008	
49.80	0.264	0.274	-0.001	0.002	0.000	-0.004	
49.85	0.264	0.274	-0.000	0.007	-0.001	-0.001	
49.90	0.264	0.274	0.001	-0.000	0.000	0.007	
49.95	0.264	0.274	-0.001	-0.000	0.001	-0.001	
50.00	0.264	0.274	0.000	0.007	0.000	-0.010	
50.05	0.264	0.274	0.001	0.003	-0.001	-0.011	
50.10	0.264	0.274	0.000	-0.001	-0.002	0.005	
50.15	0.264	0.274	0.000	0.000	-0.001	0.027	
50.20	0.264	0.274	0.001	-0.006	0.003	0.017	
50.25	0.264	0.274	-0.000	-0.015	0.002	-0.009	
50.30	0.264	0.274	-0.001	-0.011	0.001	-0.017	
50.35	0.264	0.274	-0.002	-0.000	0.000	-0.025	
50.40	0.264	0.274	-0.001	0.009	-0.002	-0.019	
50.45	0.264	0.274	-0.000	0.010	-0.003	0.004	
50.50	0.264	0.274	0.000	-0.002	-0.002	0.020	
50.55	0.264	0.274	-0.001	-0.006	0.000	0.022	
50.60	0.263	0.274	-0.001	0.003	0.002	0.004	
50.65	0.264	0.274	0.000	0.000	0.000	-0.011	
50.70	0.264	0.274	-0.001	-0.001	-0.001	-0.003	
50.75	0.263	0.274	-0.001	0.010	0.000	0.005	
50.80	0.263	0.274	0.001	0.007	0.001	-0.000	
50.85	0.264	0.274	0.001	-0.006	0.000	-0.007	
50.90	0.264	0.274	-0.001	-0.005	-0.001	0.001	
50.95	0.263	0.274	-0.001	0.012	0.000	0.010	
51.00	0.263	0.274	0.001	0.016	0.001	0.003	
51.05	0.264	0.274	0.002	0.001	0.001	-0.009	
51.10	0.264	0.274	0.001	-0.009	-0.001	-0.006	
51.15	0.264	0.274	0.000	-0.006	-0.001	0.011	
51.20	0.264	0.274	0.001	-0.009	0.001	0.014	
51.25	0.264	0.274	-0.001	-0.009	0.002	-0.005	
51.30	0.264	0.274	-0.000	-0.006	0.000	-0.019	
51.35	0.264	0.274	-0.001	-0.011	-0.001	-0.012	
51.40	0.264	0.274	-0.002	-0.005	-0.001	0.002	
51.45	0.263	0.274	-0.002	0.007	-0.000	0.007	
51.50	0.263	0.274	-0.001	0.006	-0.000	0.003	
51.55	0.263	0.274	-0.001	0.006	-0.000	-0.003	
51.60	0.263	0.274	-0.000	0.008	-0.000	-0.008	
51.65	0.263	0.274	-0.000	0.008	-0.001	-0.005	
51.70	0.263	0.274	0.000	0.012	-0.001	0.005	
51.75	0.263	0.274	0.001	0.019	-0.000	0.009	
51.80	0.263	0.274	0.003	0.014	-0.000	0.008	
51.85	0.264	0.274	0.003	-0.010	0.000	0.008	
51.90	0.264	0.274	0.001	-0.022	0.001	0.010	
51.95	0.264	0.274	0.000	-0.016	0.002	0.001	
52.00	0.264	0.274	-0.000	-0.010	0.001	-0.009	
52.05	0.264	0.274	-0.001	-0.002	0.000	-0.006	
52.10	0.264	0.274	-0.000	0.005	0.000	-0.008	
52.15	0.264	0.274	-0.000	0.006	-0.001	0.001	
52.20	0.264	0.274	-0.000	0.015	0.001	0.007	
52.25	0.264	0.274	0.002	0.011	0.001	-0.006	
52.30	0.264	0.274	0.002	-0.003	-0.001	-0.007	
52.35	0.264	0.274	0.001	-0.005	-0.001	0.006	
52.40	0.264	0.274	0.001	-0.006	0.001	0.007	
52.45	0.264	0.274	0.000	-0.007	0.000	0.001	
52.50	0.264	0.274	0.000	-0.004	0.000	-0.000	
52.55	0.264	0.274	0.000	-0.004	0.001	-0.008	
52.60	0.264	0.274	-0.000	-0.007	-0.001	-0.010	
52.65	0.264	0.274	-0.000	-0.012	-0.001	-0.007	
52.70	0.264	0.274	-0.002	-0.011	-0.001	-0.002	
52.75	0.264	0.274	-0.002	0.003	-0.001	0.012	
52.80	0.264	0.274	-0.001	0.018	-0.000	0.027	
52.85	0.264	0.274	0.000	0.012	0.002	0.022	
52.90	0.264	0.274	0.000	-0.000	0.003	-0.009	
52.95	0.264	0.274	0.000	-0.006	0.001	-0.025	
53.00	0.264	0.274	-0.000	-0.010	-0.001	-0.014	
53.05	0.264	0.274	-0.001	-0.008	-0.001	0.005	
53.10	0.264	0.274	-0.002	0.002	0.001	0.007	
53.15	0.263	0.274	-0.001	0.015	0.000	0.000	
53.20	0.263	0.274	0.000	0.022	0.000	0.000	
53.25	0.263	0.274	0.002	0.019	0.000	0.002	
53.30	0.264	0.274	0.003	0.005	0.000	0.004	
53.35	0.264	0.274	0.002	-0.009	0.001	-0.000	
53.40	0.264	0.274	0.001	-0.016	0.000	-0.006	
53.45	0.264	0.274	0.000	-0.018	0.000	-0.006	
53.50	0.264	0.274	-0.001	-0.010	-0.000	-0.007	
53.55	0.264	0.274	-0.001	-0.004	-0.001	-0.003	
53.60	0.264	0.274	-0.001	0.000	-0.000	-0.002	
53.65	0.264	0.274	-0.001	0.007	-0.001	-0.007	
53.70	0.264	0.274	0.000	-0.001	-0.002	0.001	
53.75	0.264	0.274	-0.001	-0.018	-0.001	0.010	
53.80	0.264	0.274	-0.002	-0.014	-0.000	0.009	
53.85	0.263	0.274	-0.003	0.003	-0.000	0.014	
53.90	0.263	0.274	-0.002	0.014	0.002	0.007	
53.95	0.263	0.274	-0.001	0.011	0.001	-0.011	
54.00	0.263	0.274	-0.000	0.004	-0.000	-0.010	
54.05	0.263	0.274	-0.001	0.010	-0.000	-0.001	
54.10	0.263	0.274	0.000	0.022	-0.000	-0.000	
54.15	0.263	0.274	0.002	0.023	-0.000	-0.002	
54.20	0.263	0.274	0.004	0.003	-0.000	-0.002	
54.25	0.264	0.274	0.003	-0.020	-0.001	0.005	
54.30	0.264	0.274	0.000	-0.016	0.000	0.012	
54.35	0.264	0.274	0.000	0.004	0.002	0.002	
54.40	0.264	0.274	0.001	0.010	-0.000	-0.001	
54.45	0.264	0.274	0.002	0.007	0.001	0.007	
54.50	0.264	0.274	0.002	0.000	0.002	-0.009	
54.55	0.264	0.274	0.002	-0.013	-0.001	-0.019	
54.60	0.264	0.274	0.000	-0.020	-0.002	0.002	
54.65	0.264	0.274	-0.001	-0.010	0.000	0.010	
54.70	0.264	0.274	-0.000	-0.005	0.001	-0.003	
54.75	0.264	0.274	-0.001	-0.008	-0.001	-0.008	
54.80	0.264	0.274	-0.002	-0.007	-0.000	-0.005	
54.85	0.264	0.274	-0.002	0.005	-0.001	-0.007	
54.90	0.264	0.274	-0.001	0.010	-0.002	0.004	
54.95	0.264	0.274	0.000	-0.004	-0.000	0.013	
55.00	0.264	0.274	-0.002	-0.003	0.001	0.002	
55.05	0.263	0.274	-0.001	0.010	-0.000	-0.011	
55.10	0.264	0.274	0.000	0.007	-0.001	-0.007	
55.15	0.264	0.274	-0.000	-0.004	-0.001	0.008	
55.20	0.264	0.274	-0.001	-0.003	-0.001	0.024	
55.25	0.263	0.274	-0.000	0.001	0.002	0.021	
55.30	0.264	0.274	-0.000	-0.002	0.002	-0.002	
55.35	0.263	0.274	-0.001	0.001	0.001	-0.010	
55.40	0.263	0.274	-0.000	0.005	0.001	-0.010	
55.45	0.263	0.274	-0.000	0.004	0.000	-0.011	
55.50	0.263	0.274	0.000	0.004	-0.000	-0.007	
55.55	0.263	0.274	0.000	0.007	-0.001	0.001	
55.60	0.263	0.274	0.000	0.013	0.000	0.008	
55.65	0.263	0.274	0.002	0.013	0.001	-0.000	
55.70	0.264	0.274	0.002	-0.000	0.000	-0.009	
55.75	0.264	0.274	0.002	-0.013	-0.001	-0.005	
55.80	0.264	0.274	0.000	-0.015	-0.000	-0.001	
55.85	0.264	0.274	0.000	-0.011	-0.000	-0.005	
55.90	0.264	0.274	-0.000	-0.012	-0.001	-0.003	
55.95	0.264	0.274	-0.001	-0.010	-0.001	0.005	
56.00	0.264	0.274	-0.002	-0.003	-0.000	0.008	
56.05	0.264	0.274	-0.002	0.003	-0.000	0.004	
56.10	0.263	0.274	-0.001	0.009	-0.000	0.000	
56.15	0.263	0.274	-0.000	0.008	-0.000	-0.000	
56.20	0.263	0.274	-0.000	0.000	-0.001	0.007	
56.25	0.263	0.274	-0.000	-0.007	0.001	0.009	
56.30	0.263	0.274	-0.001	-0.006	0.001	-0.001	
56.35	0.263	0.274	-0.001	0.001	-0.000	0.003	
56.40	0.263	0.274	-0.001	0.005	0.001	0.007	
56.45	0.263	0.274	-0.001	0.013	0.002	-0.008	
56.50	0.263	0.274	-0.000	0.027	-0.000	-0.012	
56.55	0.263	0.274	0.003	0.007	-0.000	-0.003	
56.60	0.264	0.274	0.003	-0.041	-0.000	0.000	
56.65	0.264	0.274	-0.002	-0.056	0.000	0.002	
56.70	0.264	0.274	-0.009	0.030	0.000	0.001	
56.75	0.262	0.274	0.001	0.118	0.000	-0.001	
56.80	0.264	0.274	0.011	0.055	0.000	-0.005	
56.85	0.264	0.274	0.007	-0.032	-0.001	0.004	
56.90	0.264	0.274	0.004	-0.049	0.000	0.019	
56.95	0.264	0.274	0.001	-0.038	0.003	0.000	
57.00	0.264	0.274	0.000	-0.020	0.000	-0.020	
57.05	0.264	0.274	-0.000	-0.014	-0.001	-0.014	
57.10	0.264	0.274	-0.001	-0.010	-0.001	-0.001	
57.15	0.264	0.274	-0.002	-0.003	-0.000	0.004	
57.20	0.264	0.274	-0.002	0.003	-0.000	-0.001	
57.25	0.264	0.274	-0.001	0.008	-0.001	0.001	
57.30	0.264	0.274	-0.000	0.005	-0.000	0.004	
57.35	0.264	0.274	-0.000	-0.005	-0.000	0.005	
57.40	0.264	0.274	-0.001	-0.008	-0.000	0.013	
57.45	0.264	0.274	-0.002	-0.003	0.001	0.015	
57.50	0.264	0.274	-0.002	0.003	0.002	-0.002	
57.55	0.263	0.274	-0.001	0.010	0.001	-0.012	
57.60	0.263	0.274	-0.000	0.010	0.000	-0.009	
57.65	0.263	0.274	-0.000	0.007	-0.000	-0.007	
57.70	0.263	0.274	0.000	0.006	-0.000	-0.005	
57.75	0.263	0.274	0.000	0.007	-0.001	0.003	
57.80	0.263	0.274	0.001	0.000	-0.001	0.016	
57.85	0.264	0.274	0.001	-0.013	0.002	0.009	
57.90	0.264	0.274	-0.001	-0.013	0.001	-0.011	
57.95	0.263	0.274	-0.001	0.001	-0.001	-0.013	
58.00	0.263	0.274	-0.000	0.008	-0.000	-0.006	
58.05	0.263	0.274	0.000	0.009	-0.001	-0.000	
58.10	0.263	0.274	0.000	0.009	-0.000	0.004	
58.15	0.263	0.274	0.001	0.004	-0.000	0.002	
58.20	0.264	0.274	0.001	-0.003	-0.001	0.006	
58.25	0.264	0.274	-0.000	0.003	0.001	0.005	
58.30	0.263	0.274	0.001	0.009	0.000	-0.003	
58.35	0.264	0.274	0.002	-0.005	0.000	-0.007	
58.40	0.264	0.274	0.001	-0.016	-0.000	-0.011	
58.45	0.264	0.274	-0.000	-0.015	-0.001	-0.008	
58.50	0.264	0.274	-0.001	-0.006	-0.002	0.000	
58.55	0.264	0.274	-0.001	0.008	-0.001	0.009	
58.60	0.264	0.274	0.000	0.014	-0.000	0.013	
58.65	0.264	0.274	0.001	0.003	0.000	0.014	
58.70	0.264	0.274	0.001	-0.015	0.001	0.016	
58.75	0.264	0.274	-0.001	-0.015	0.002	0.007	
58.80	0.264	0.274	-0.002	0.009	0.002	-0.015	
58.85	0.263	0.274	-0.000	0.035	-0.000	-0.018	
58.90	0.263	0.274	0.003	0.027	-0.000	-0.008	
58.95	0.264	0.274	0.004	-0.008	-0.000	-0.006	
59.00	0.264	0.274	0.001	-0.022	-0.001	-0.000	
59.05	0.264	0.274	0.000	-0.015	-0.000	0.006	
59.10	0.264	0.274	-0.000	-0.010	-0.001	0.013	
59.15	0.264	0.274	-0.000	-0.011	0.001	0.012	
59.20	0.264	0.274	-0.001	-0.010	0.002	-0.008	
59.25	0.264	0.274	-0.002	-0.003	-0.000	-0.014	
59.30	0.264	0.274	-0.002	0.003	-0.001	-0.001	
59.35	0.264	0.274	-0.001	0.010	0.000	-0.002	
59.40	0.264	0.274	-0.000	0.012	-0.000	-0.010	
59.45	0.264	0.274	0.000	0.010	-0.002	-0.001	
59.50	0.264	0.274	0.000	0.012	-0.001	0.011	
59.55	0.264	0.274	0.001	0.012	0.000	0.012	
59.60	0.264	0.274	0.002	0.008	0.001	0.010	
59.65	0.264	0.274	0.002	0.005	0.002	-0.004	
59.70	0.264	0.274	0.003	-0.005	0.000	-0.014	
59.75	0.264	0.274	0.002	-0.015	-0.001	0.002	
59.80	0.264	0.274	0.000	-0.015	0.001	0.013	
59.85	0.264	0.274	0.000	-0.012	0.001	0.004	
59.90	0.264	0.274	-0.000	-0.015	0.001	0.001	
59.95	0.264	0.274	-0.001	-0.018	0.001	-0.002	
60.00	0.264	0.274	-0.002	-0.021	0.001	-0.007	
